false
false
500
1988
0 1 
0 3 
0 4 
0 5 
0 6 
0 7 
0 8 
0 9 
0 10 
0 12 
0 15 
0 16 
0 17 
0 18 
0 19 
0 21 
0 23 
0 26 
0 27 
0 28 
0 31 
0 32 
0 34 
0 36 
0 42 
0 43 
0 44 
0 46 
0 49 
0 50 
0 52 
0 72 
0 73 
0 74 
0 82 
0 89 
0 92 
0 107 
0 123 
0 124 
0 126 
0 127 
0 129 
0 137 
0 143 
0 158 
0 177 
0 184 
0 193 
0 197 
0 201 
0 214 
0 215 
0 220 
0 224 
0 228 
0 230 
0 241 
0 252 
0 269 
0 270 
0 276 
0 289 
0 296 
0 311 
0 322 
0 335 
0 336 
0 344 
0 393 
0 398 
0 400 
0 402 
0 411 
0 420 
0 422 
0 432 
0 435 
0 454 
0 469 
0 478 
1 2 
1 4 
1 5 
1 7 
1 8 
1 9 
1 11 
1 20 
1 24 
1 25 
1 26 
1 27 
1 40 
1 50 
1 66 
1 74 
1 92 
1 93 
1 94 
1 97 
1 137 
1 139 
1 147 
1 154 
1 160 
1 185 
1 193 
1 213 
1 226 
1 227 
1 231 
1 232 
1 247 
1 249 
1 255 
1 267 
1 272 
1 277 
1 280 
1 315 
1 347 
1 348 
1 360 
1 384 
1 390 
1 427 
1 429 
1 466 
2 3 
2 4 
2 5 
2 10 
2 11 
2 12 
2 14 
2 17 
2 19 
2 25 
2 30 
2 38 
2 40 
2 42 
2 45 
2 46 
2 49 
2 52 
2 54 
2 58 
2 60 
2 62 
2 64 
2 66 
2 73 
2 75 
2 85 
2 86 
2 90 
2 105 
2 109 
2 113 
2 114 
2 117 
2 118 
2 130 
2 164 
2 175 
2 189 
2 195 
2 207 
2 224 
2 231 
2 233 
2 256 
2 260 
2 273 
2 282 
2 291 
2 303 
2 304 
2 315 
2 327 
2 331 
2 335 
2 366 
2 380 
2 384 
2 407 
2 445 
2 451 
2 456 
2 468 
2 479 
2 493 
3 4 
3 6 
3 7 
3 9 
3 10 
3 13 
3 14 
3 18 
3 26 
3 28 
3 30 
3 35 
3 37 
3 40 
3 41 
3 59 
3 70 
3 71 
3 73 
3 86 
3 91 
3 94 
3 96 
3 102 
3 109 
3 116 
3 120 
3 123 
3 126 
3 134 
3 137 
3 152 
3 174 
3 203 
3 210 
3 216 
3 218 
3 222 
3 244 
3 251 
3 252 
3 261 
3 270 
3 279 
3 304 
3 351 
3 356 
3 415 
3 418 
3 426 
3 430 
3 432 
3 436 
3 447 
4 5 
4 6 
4 8 
4 19 
4 23 
4 24 
4 32 
4 44 
4 48 
4 52 
4 55 
4 80 
4 81 
4 98 
4 99 
4 123 
4 124 
4 154 
4 183 
4 188 
4 221 
4 229 
4 236 
4 240 
4 258 
4 322 
4 379 
4 380 
4 402 
4 423 
4 425 
4 439 
4 460 
4 478 
5 6 
5 7 
5 9 
5 16 
5 20 
5 25 
5 30 
5 31 
5 35 
5 36 
5 37 
5 40 
5 44 
5 47 
5 55 
5 56 
5 67 
5 68 
5 72 
5 76 
5 77 
5 92 
5 110 
5 113 
5 116 
5 135 
5 138 
5 154 
5 169 
5 186 
5 239 
5 241 
5 274 
5 316 
5 318 
5 320 
5 376 
5 381 
5 429 
5 459 
5 462 
6 10 
6 13 
6 24 
6 52 
6 61 
6 85 
6 89 
6 102 
6 120 
6 136 
6 174 
6 183 
6 192 
6 200 
6 232 
6 241 
6 243 
6 253 
6 284 
6 330 
6 350 
6 363 
6 369 
6 376 
6 384 
6 429 
6 461 
6 484 
6 495 
7 8 
7 11 
7 12 
7 15 
7 18 
7 21 
7 29 
7 42 
7 43 
7 63 
7 66 
7 78 
7 112 
7 116 
7 131 
7 132 
7 148 
7 166 
7 180 
7 210 
7 212 
7 235 
7 261 
7 272 
7 280 
7 293 
7 309 
7 311 
7 342 
7 349 
7 386 
7 401 
7 439 
7 446 
7 462 
7 469 
7 494 
8 11 
8 13 
8 18 
8 19 
8 20 
8 22 
8 26 
8 27 
8 29 
8 30 
8 32 
8 34 
8 38 
8 50 
8 51 
8 53 
8 56 
8 57 
8 58 
8 60 
8 67 
8 70 
8 71 
8 72 
8 80 
8 83 
8 86 
8 95 
8 114 
8 118 
8 136 
8 144 
8 155 
8 161 
8 167 
8 180 
8 181 
8 186 
8 191 
8 193 
8 196 
8 214 
8 220 
8 222 
8 224 
8 249 
8 251 
8 276 
8 284 
8 305 
8 308 
8 313 
8 325 
8 358 
8 363 
8 380 
8 403 
8 410 
8 419 
8 433 
8 463 
8 479 
8 495 
8 498 
9 14 
9 15 
9 35 
9 51 
9 58 
9 99 
9 100 
9 133 
9 153 
9 159 
9 168 
9 176 
9 184 
9 194 
9 266 
9 270 
9 343 
9 394 
9 444 
9 499 
10 12 
10 13 
10 14 
10 16 
10 17 
10 21 
10 27 
10 33 
10 36 
10 39 
10 45 
10 51 
10 53 
10 64 
10 69 
10 99 
10 158 
10 160 
10 161 
10 187 
10 207 
10 217 
10 228 
10 236 
10 259 
10 297 
10 303 
10 305 
10 337 
10 352 
10 383 
10 400 
10 430 
10 431 
10 453 
10 473 
10 497 
11 46 
11 61 
11 65 
11 92 
11 130 
11 132 
11 133 
11 155 
11 217 
11 276 
11 422 
12 16 
12 17 
12 31 
12 69 
12 81 
12 115 
12 131 
12 171 
12 175 
12 275 
12 336 
12 411 
12 455 
13 15 
13 23 
13 25 
13 29 
13 38 
13 41 
13 43 
13 51 
13 63 
13 65 
13 69 
13 71 
13 94 
13 100 
13 104 
13 142 
13 149 
13 151 
13 173 
13 175 
13 177 
13 206 
13 221 
13 229 
13 245 
13 246 
13 256 
13 278 
13 282 
13 288 
13 294 
13 296 
13 340 
13 341 
13 372 
13 382 
13 383 
13 415 
13 424 
13 461 
13 485 
14 24 
14 28 
14 57 
14 67 
14 77 
14 103 
14 108 
14 132 
14 149 
14 152 
14 159 
14 163 
14 173 
14 195 
14 252 
14 261 
14 268 
14 341 
14 377 
14 478 
14 491 
15 22 
15 39 
15 57 
15 83 
15 99 
15 108 
15 115 
15 161 
15 254 
15 268 
15 375 
15 424 
15 474 
16 23 
16 38 
16 45 
16 84 
16 97 
16 100 
16 117 
16 163 
16 168 
16 176 
16 218 
16 259 
16 262 
16 283 
16 284 
16 302 
16 349 
16 379 
16 388 
16 433 
16 449 
16 484 
16 496 
17 32 
17 33 
17 57 
17 153 
17 191 
17 225 
17 250 
17 267 
18 21 
18 22 
18 31 
18 44 
18 60 
18 61 
18 89 
18 90 
18 97 
18 112 
18 128 
18 154 
18 173 
18 179 
18 188 
18 214 
18 250 
18 259 
18 288 
18 349 
18 383 
18 389 
18 407 
18 421 
18 441 
18 444 
18 449 
18 456 
19 20 
19 28 
19 54 
19 56 
19 59 
19 67 
19 68 
19 79 
19 96 
19 107 
19 108 
19 109 
19 110 
19 125 
19 144 
19 184 
19 201 
19 223 
19 238 
19 260 
19 265 
19 338 
20 90 
20 133 
20 140 
20 156 
20 175 
20 257 
20 333 
20 364 
20 411 
20 485 
21 22 
21 29 
21 55 
21 59 
21 81 
21 83 
21 95 
21 98 
21 138 
21 148 
21 207 
21 254 
21 269 
21 289 
21 339 
21 355 
21 356 
21 375 
21 390 
22 131 
22 146 
22 234 
22 326 
22 352 
22 402 
23 146 
23 314 
23 398 
24 33 
24 75 
24 181 
24 194 
24 199 
24 200 
24 232 
24 300 
24 358 
24 437 
24 439 
25 37 
25 39 
25 70 
25 79 
25 170 
25 215 
25 437 
25 464 
26 33 
26 34 
26 42 
26 75 
26 82 
26 93 
26 101 
26 109 
26 130 
26 141 
26 157 
26 162 
26 172 
26 262 
26 277 
26 348 
26 397 
26 405 
26 464 
26 492 
27 41 
27 48 
27 73 
27 86 
27 94 
27 125 
27 145 
27 180 
27 208 
27 233 
27 249 
27 262 
27 307 
27 324 
27 325 
27 342 
27 363 
27 370 
27 385 
27 391 
27 420 
27 465 
28 34 
28 35 
28 48 
28 49 
28 55 
28 78 
28 79 
28 84 
28 87 
28 101 
28 104 
28 122 
28 147 
28 150 
28 176 
28 187 
28 190 
28 204 
28 240 
28 301 
28 316 
28 364 
28 377 
28 382 
28 384 
28 386 
28 407 
28 421 
28 444 
28 463 
28 471 
29 47 
29 74 
29 111 
29 151 
29 157 
29 200 
29 219 
29 290 
29 324 
29 392 
30 36 
30 41 
30 54 
30 89 
30 125 
30 240 
30 286 
30 325 
30 331 
30 368 
30 457 
30 482 
31 85 
31 88 
31 97 
31 103 
31 106 
31 111 
31 129 
31 205 
31 246 
31 339 
31 397 
31 409 
31 410 
31 438 
31 479 
32 63 
32 84 
32 181 
32 190 
32 204 
32 243 
32 307 
32 321 
32 349 
32 395 
32 452 
32 477 
32 489 
33 62 
33 68 
33 119 
33 127 
33 155 
33 213 
33 248 
33 278 
34 37 
34 39 
34 119 
34 126 
34 139 
34 153 
34 201 
34 217 
34 343 
34 360 
34 472 
35 244 
35 334 
36 45 
36 68 
36 112 
36 244 
36 271 
36 297 
36 387 
37 43 
37 47 
37 62 
37 70 
37 80 
37 90 
37 103 
37 114 
37 138 
37 181 
37 216 
37 286 
37 302 
37 412 
37 435 
37 455 
37 467 
38 48 
38 50 
38 74 
38 105 
38 147 
38 153 
38 179 
38 266 
38 321 
38 342 
38 373 
38 443 
38 465 
39 65 
39 72 
39 88 
39 151 
39 180 
39 187 
39 188 
39 284 
39 347 
39 381 
40 359 
41 66 
41 234 
41 332 
41 456 
42 47 
42 49 
42 54 
42 59 
42 64 
42 103 
42 104 
42 106 
42 134 
42 149 
42 157 
42 189 
42 297 
42 313 
42 322 
42 339 
42 353 
42 380 
42 409 
42 469 
42 471 
42 490 
43 46 
43 202 
43 209 
43 210 
43 211 
43 223 
43 378 
43 414 
43 474 
44 71 
44 106 
44 121 
44 178 
44 235 
44 263 
44 338 
44 370 
44 399 
44 406 
44 414 
44 417 
44 448 
45 88 
45 168 
45 220 
45 283 
46 102 
46 164 
46 166 
46 188 
46 424 
47 88 
47 101 
47 146 
47 223 
47 450 
48 62 
48 63 
48 114 
48 182 
48 204 
48 226 
48 258 
48 265 
48 314 
49 81 
49 165 
49 177 
49 202 
49 304 
49 410 
49 447 
50 53 
50 98 
50 107 
50 200 
50 238 
50 283 
50 318 
50 371 
50 391 
50 406 
50 424 
50 434 
50 441 
51 56 
51 78 
51 84 
51 158 
51 176 
51 226 
51 301 
51 401 
51 446 
52 53 
52 76 
52 191 
52 227 
52 309 
53 58 
53 377 
53 486 
54 96 
54 128 
54 193 
54 218 
54 278 
54 425 
55 113 
55 192 
55 206 
55 302 
56 65 
56 77 
56 102 
56 132 
56 134 
56 149 
56 194 
56 198 
56 205 
56 236 
56 269 
56 317 
56 427 
56 459 
56 474 
57 87 
57 442 
58 64 
58 100 
58 121 
58 185 
58 260 
58 294 
58 389 
58 449 
59 60 
59 69 
59 212 
59 417 
59 480 
60 61 
60 115 
60 197 
60 199 
60 209 
60 242 
60 257 
60 319 
60 320 
60 484 
61 91 
61 160 
61 178 
61 204 
61 310 
61 317 
61 358 
61 361 
61 468 
61 488 
62 138 
62 144 
62 156 
62 247 
62 417 
62 477 
63 78 
63 82 
63 105 
63 106 
63 119 
63 128 
63 129 
63 146 
63 226 
63 273 
63 354 
63 360 
63 362 
63 404 
63 421 
64 87 
64 93 
64 113 
64 121 
64 172 
64 197 
64 272 
64 300 
64 307 
64 320 
64 337 
64 339 
64 366 
64 370 
64 387 
64 404 
64 407 
64 448 
64 460 
64 470 
64 491 
65 76 
65 133 
65 164 
65 243 
65 266 
65 348 
65 358 
65 362 
65 387 
65 492 
66 126 
66 345 
66 406 
67 79 
67 104 
67 116 
67 136 
67 166 
67 206 
67 209 
67 215 
67 225 
67 258 
67 420 
67 438 
67 481 
68 76 
68 121 
68 124 
68 197 
68 215 
68 229 
68 258 
68 287 
68 311 
68 328 
68 344 
68 418 
69 231 
69 332 
69 366 
69 405 
69 442 
70 75 
70 101 
70 105 
70 292 
70 373 
71 80 
71 118 
71 192 
71 241 
71 242 
71 265 
71 290 
71 393 
71 408 
71 447 
71 475 
71 487 
72 91 
72 135 
72 140 
72 143 
72 168 
72 182 
72 208 
72 212 
72 245 
72 309 
72 419 
72 497 
73 87 
73 304 
74 96 
74 112 
74 145 
74 167 
74 231 
74 238 
74 254 
74 260 
74 264 
74 295 
74 395 
74 423 
74 443 
74 488 
75 85 
75 111 
75 115 
75 142 
75 162 
75 213 
75 333 
75 351 
75 482 
76 77 
76 95 
76 110 
76 135 
76 147 
76 160 
76 230 
76 233 
76 245 
76 267 
76 299 
76 334 
77 155 
77 179 
77 277 
77 303 
77 445 
78 82 
78 183 
78 463 
79 83 
79 95 
79 125 
79 192 
79 230 
79 269 
79 332 
79 440 
80 134 
80 139 
80 148 
80 291 
80 353 
81 122 
81 453 
82 144 
82 170 
82 178 
82 195 
82 306 
82 368 
83 93 
83 117 
83 120 
83 234 
83 246 
83 319 
83 344 
83 477 
84 148 
84 465 
85 122 
85 136 
85 141 
85 250 
85 283 
85 287 
85 331 
86 196 
86 245 
86 271 
86 308 
86 482 
87 346 
88 91 
88 120 
88 151 
88 242 
88 361 
89 190 
89 243 
89 331 
90 107 
90 128 
90 169 
90 172 
90 238 
90 394 
90 467 
91 122 
91 169 
91 268 
91 291 
91 337 
91 455 
91 457 
91 468 
92 129 
92 177 
92 229 
92 237 
92 434 
92 476 
93 124 
93 233 
93 353 
93 394 
93 417 
93 438 
94 127 
94 152 
94 170 
94 186 
94 198 
94 205 
94 261 
94 285 
94 343 
95 165 
95 281 
95 288 
95 345 
95 441 
95 451 
96 98 
96 108 
96 118 
96 139 
96 142 
96 209 
96 225 
96 246 
96 340 
96 396 
96 459 
96 462 
96 490 
99 117 
99 143 
99 145 
99 320 
99 485 
99 489 
100 135 
100 157 
100 167 
100 247 
100 298 
100 364 
100 461 
100 479 
100 496 
101 293 
101 365 
101 381 
102 141 
103 189 
103 202 
103 263 
104 150 
104 182 
104 183 
104 186 
104 287 
104 298 
104 306 
104 319 
104 386 
105 179 
106 150 
106 279 
106 310 
106 364 
106 409 
106 494 
107 140 
107 173 
107 248 
107 308 
107 357 
108 225 
109 110 
109 111 
109 137 
109 292 
109 395 
109 419 
110 240 
110 262 
110 336 
110 414 
111 130 
111 163 
111 227 
111 265 
111 316 
111 330 
111 371 
111 451 
112 274 
112 426 
113 159 
113 199 
113 211 
113 235 
113 257 
113 300 
113 348 
114 156 
114 256 
115 119 
115 171 
115 307 
116 123 
116 145 
116 237 
116 396 
117 142 
117 208 
117 271 
118 210 
118 248 
118 272 
118 391 
118 423 
118 486 
119 223 
119 411 
119 435 
119 459 
120 170 
120 172 
120 185 
120 264 
120 368 
120 389 
121 182 
121 329 
121 346 
121 392 
121 428 
122 131 
122 242 
122 250 
122 280 
122 402 
123 141 
123 275 
124 165 
124 174 
124 365 
124 432 
125 127 
126 140 
126 264 
126 299 
126 343 
126 388 
126 416 
126 453 
126 463 
127 159 
127 196 
127 247 
127 288 
128 152 
128 167 
128 185 
128 196 
128 298 
128 446 
129 482 
130 161 
130 164 
130 203 
130 275 
130 299 
130 363 
131 169 
131 199 
131 203 
132 143 
132 189 
132 400 
133 184 
133 195 
133 389 
133 415 
133 475 
134 205 
134 221 
135 290 
135 309 
135 322 
135 327 
135 352 
135 467 
136 150 
136 239 
136 274 
136 311 
136 317 
137 171 
137 338 
138 461 
139 273 
140 255 
140 278 
140 370 
140 392 
141 239 
141 285 
141 296 
141 315 
141 392 
142 162 
142 207 
142 219 
142 237 
142 263 
142 401 
142 494 
142 497 
143 165 
143 171 
143 203 
143 276 
143 292 
143 323 
143 324 
143 367 
144 156 
144 158 
144 191 
144 202 
144 295 
144 323 
144 426 
145 198 
147 162 
147 314 
147 319 
147 332 
148 293 
148 413 
149 255 
151 163 
151 217 
151 292 
151 329 
151 330 
151 360 
152 227 
152 426 
152 443 
152 487 
153 216 
153 224 
153 234 
153 271 
153 286 
153 295 
153 438 
154 366 
154 374 
155 335 
155 373 
155 385 
155 436 
156 178 
156 280 
156 285 
156 326 
156 432 
156 454 
157 393 
157 397 
157 405 
158 211 
158 222 
158 450 
158 483 
159 356 
159 415 
159 440 
160 369 
161 166 
161 412 
162 174 
162 220 
162 228 
162 270 
162 289 
162 312 
162 333 
162 378 
163 187 
163 487 
166 198 
167 236 
167 345 
169 291 
169 312 
169 354 
169 472 
170 476 
171 362 
174 194 
174 346 
174 450 
176 259 
176 290 
176 324 
176 329 
176 454 
177 456 
179 308 
179 445 
179 464 
180 444 
180 462 
180 473 
182 190 
182 216 
182 337 
182 427 
184 213 
184 253 
184 298 
185 211 
185 219 
185 266 
185 326 
185 345 
185 408 
185 431 
185 481 
186 218 
186 268 
186 294 
186 333 
188 201 
188 208 
188 282 
188 310 
188 315 
188 372 
188 375 
189 285 
190 388 
191 206 
191 232 
191 297 
191 359 
192 230 
192 305 
193 221 
194 381 
195 212 
195 286 
195 353 
195 401 
195 472 
195 480 
195 490 
195 491 
196 328 
196 393 
196 477 
196 483 
197 249 
197 252 
197 264 
197 325 
197 346 
197 485 
197 488 
198 244 
198 282 
198 341 
198 357 
198 489 
198 490 
199 334 
201 255 
201 355 
202 239 
202 476 
203 395 
204 279 
204 372 
204 478 
206 222 
207 305 
208 219 
208 374 
209 214 
209 251 
210 253 
210 301 
211 351 
211 378 
211 473 
211 499 
212 299 
212 452 
213 228 
214 301 
214 313 
214 361 
214 413 
214 452 
214 476 
215 489 
216 330 
216 496 
217 409 
218 279 
218 342 
218 382 
218 390 
218 428 
218 439 
219 235 
219 347 
219 447 
219 451 
221 350 
221 354 
222 254 
222 256 
222 257 
222 313 
222 336 
222 472 
222 486 
224 391 
225 314 
225 400 
225 418 
225 493 
228 281 
228 316 
228 338 
228 428 
229 340 
229 398 
229 496 
230 253 
230 267 
230 310 
230 372 
230 440 
230 492 
231 341 
231 448 
233 237 
233 406 
234 385 
234 398 
235 248 
235 377 
235 484 
236 437 
237 274 
237 365 
237 465 
238 273 
238 379 
238 442 
239 357 
241 251 
244 369 
245 312 
245 387 
247 355 
248 327 
248 382 
248 388 
250 328 
250 405 
250 455 
251 481 
252 428 
254 300 
254 422 
256 281 
257 354 
257 437 
257 448 
259 263 
259 371 
259 413 
260 289 
260 390 
260 421 
261 318 
262 454 
263 295 
263 303 
263 326 
263 350 
263 367 
263 430 
263 452 
265 317 
265 356 
265 361 
270 483 
270 491 
271 436 
273 275 
274 371 
275 277 
275 296 
275 335 
276 365 
276 492 
278 397 
280 281 
280 287 
280 306 
280 359 
282 369 
282 418 
282 495 
283 294 
283 321 
284 340 
285 329 
285 373 
285 375 
285 425 
285 470 
286 350 
286 352 
287 293 
287 385 
288 362 
288 374 
288 457 
288 460 
291 321 
291 486 
292 318 
292 403 
292 434 
293 378 
294 410 
296 302 
296 312 
296 475 
298 376 
299 404 
300 306 
300 344 
300 431 
301 327 
302 323 
302 334 
303 471 
305 458 
307 399 
308 466 
308 498 
311 464 
311 495 
312 458 
315 414 
316 323 
316 351 
317 497 
320 431 
321 445 
325 412 
326 328 
327 396 
329 423 
329 466 
331 434 
333 376 
333 457 
333 468 
334 453 
335 347 
335 386 
335 394 
335 467 
335 480 
336 359 
336 367 
336 429 
341 368 
342 473 
342 493 
346 498 
349 404 
350 422 
351 412 
351 420 
352 355 
353 433 
354 357 
354 399 
354 449 
357 367 
357 403 
357 446 
358 498 
362 440 
362 441 
366 416 
366 419 
366 450 
367 383 
368 374 
375 433 
377 379 
380 430 
380 458 
381 403 
383 425 
386 408 
388 481 
388 483 
394 396 
394 399 
394 408 
396 416 
399 436 
399 469 
401 413 
410 470 
412 416 
415 474 
419 442 
419 471 
423 427 
423 460 
431 443 
433 499 
434 435 
435 470 
435 475 
435 488 
438 466 
444 458 
445 480 
469 494 
472 499 
475 493 
479 487 
