false
false
500
1988
0 1 
0 3 
0 4 
0 5 
0 10 
0 11 
0 14 
0 23 
0 25 
0 33 
0 36 
0 56 
0 76 
0 111 
0 158 
0 173 
0 176 
0 186 
0 197 
0 215 
0 295 
0 325 
0 343 
0 346 
0 411 
0 426 
0 448 
0 487 
1 2 
1 4 
1 5 
1 6 
1 7 
1 9 
1 10 
1 11 
1 12 
1 13 
1 17 
1 22 
1 23 
1 28 
1 29 
1 35 
1 37 
1 40 
1 44 
1 50 
1 55 
1 56 
1 78 
1 80 
1 83 
1 89 
1 91 
1 96 
1 112 
1 119 
1 125 
1 143 
1 171 
1 173 
1 179 
1 181 
1 182 
1 187 
1 195 
1 204 
1 206 
1 223 
1 229 
1 240 
1 243 
1 244 
1 251 
1 256 
1 257 
1 281 
1 291 
1 318 
1 327 
1 341 
1 383 
1 384 
1 397 
1 421 
1 433 
1 440 
1 443 
1 453 
1 455 
1 456 
1 467 
1 474 
1 495 
2 3 
2 4 
2 5 
2 6 
2 7 
2 8 
2 9 
2 10 
2 11 
2 20 
2 24 
2 39 
2 40 
2 41 
2 44 
2 50 
2 51 
2 74 
2 86 
2 94 
2 113 
2 158 
2 171 
2 208 
2 209 
2 213 
2 214 
2 226 
2 231 
2 245 
2 247 
2 257 
2 259 
2 272 
2 289 
2 294 
2 297 
2 313 
2 336 
2 354 
2 360 
2 371 
2 372 
2 374 
2 383 
2 403 
2 422 
2 450 
2 453 
2 454 
2 468 
2 470 
2 491 
3 4 
3 6 
3 8 
3 11 
3 13 
3 17 
3 21 
3 25 
3 27 
3 38 
3 39 
3 43 
3 47 
3 57 
3 64 
3 72 
3 73 
3 75 
3 76 
3 77 
3 96 
3 130 
3 131 
3 132 
3 158 
3 166 
3 169 
3 175 
3 178 
3 223 
3 231 
3 242 
3 261 
3 263 
3 267 
3 271 
3 274 
3 275 
3 302 
3 305 
3 334 
3 336 
3 353 
3 373 
3 375 
3 391 
3 400 
3 406 
3 425 
3 471 
3 475 
3 482 
3 483 
3 493 
3 499 
4 5 
4 6 
4 7 
4 8 
4 10 
4 12 
4 13 
4 14 
4 15 
4 16 
4 17 
4 19 
4 21 
4 22 
4 24 
4 26 
4 30 
4 34 
4 36 
4 37 
4 42 
4 44 
4 46 
4 48 
4 53 
4 55 
4 59 
4 61 
4 67 
4 74 
4 80 
4 82 
4 86 
4 90 
4 93 
4 95 
4 96 
4 100 
4 103 
4 106 
4 114 
4 121 
4 125 
4 133 
4 139 
4 162 
4 174 
4 191 
4 197 
4 200 
4 206 
4 215 
4 216 
4 219 
4 224 
4 227 
4 248 
4 253 
4 262 
4 264 
4 265 
4 280 
4 281 
4 287 
4 293 
4 303 
4 306 
4 307 
4 323 
4 328 
4 340 
4 344 
4 347 
4 353 
4 358 
4 360 
4 368 
4 369 
4 380 
4 393 
4 395 
4 400 
4 415 
4 421 
4 455 
4 486 
4 495 
5 8 
5 9 
5 12 
5 13 
5 18 
5 20 
5 21 
5 26 
5 32 
5 33 
5 35 
5 67 
5 72 
5 86 
5 99 
5 110 
5 117 
5 126 
5 130 
5 132 
5 155 
5 167 
5 172 
5 183 
5 184 
5 217 
5 227 
5 251 
5 254 
5 272 
5 288 
5 305 
5 320 
5 359 
5 360 
5 365 
5 386 
5 414 
5 419 
5 422 
5 424 
5 458 
5 466 
5 488 
5 498 
6 7 
6 9 
6 14 
6 26 
6 28 
6 41 
6 60 
6 79 
6 84 
6 91 
6 103 
6 129 
6 131 
6 153 
6 162 
6 188 
6 191 
6 201 
6 216 
6 225 
6 234 
6 288 
6 311 
6 315 
6 317 
6 335 
6 341 
6 367 
6 374 
6 420 
6 450 
6 465 
6 476 
6 480 
6 488 
6 497 
7 12 
7 20 
7 29 
7 34 
7 38 
7 39 
7 48 
7 61 
7 62 
7 63 
7 69 
7 70 
7 72 
7 74 
7 78 
7 92 
7 101 
7 105 
7 110 
7 111 
7 114 
7 128 
7 136 
7 140 
7 141 
7 159 
7 165 
7 170 
7 183 
7 197 
7 201 
7 205 
7 209 
7 222 
7 236 
7 238 
7 244 
7 256 
7 258 
7 261 
7 276 
7 292 
7 307 
7 320 
7 321 
7 355 
7 361 
7 365 
7 378 
7 385 
7 397 
7 415 
7 434 
7 438 
7 453 
7 464 
7 476 
8 29 
8 43 
8 46 
8 49 
8 58 
8 62 
8 64 
8 70 
8 89 
8 123 
8 129 
8 133 
8 146 
8 150 
8 160 
8 169 
8 195 
8 207 
8 212 
8 214 
8 218 
8 245 
8 310 
8 326 
8 440 
8 442 
8 460 
8 465 
8 477 
8 478 
9 14 
9 15 
9 17 
9 18 
9 37 
9 65 
9 137 
9 143 
9 149 
9 157 
9 160 
9 174 
9 186 
9 216 
9 329 
9 385 
10 15 
10 18 
10 117 
10 154 
10 189 
10 197 
10 309 
10 319 
10 321 
10 326 
10 399 
10 449 
10 457 
10 460 
11 45 
11 58 
11 65 
11 73 
11 92 
11 98 
11 161 
11 228 
11 240 
11 285 
11 318 
11 359 
11 444 
11 479 
12 16 
12 18 
12 19 
12 22 
12 27 
12 29 
12 33 
12 52 
12 57 
12 59 
12 68 
12 78 
12 81 
12 88 
12 132 
12 142 
12 153 
12 156 
12 165 
12 167 
12 224 
12 235 
12 243 
12 259 
12 311 
12 397 
12 407 
12 427 
12 430 
12 492 
13 16 
13 22 
13 28 
13 42 
13 90 
13 133 
13 165 
13 227 
13 236 
13 253 
13 262 
13 296 
13 327 
13 331 
13 395 
14 15 
14 16 
14 19 
14 23 
14 24 
14 32 
14 42 
14 46 
14 50 
14 60 
14 63 
14 64 
14 66 
14 68 
14 77 
14 81 
14 82 
14 83 
14 84 
14 87 
14 103 
14 110 
14 114 
14 115 
14 121 
14 125 
14 139 
14 149 
14 153 
14 200 
14 206 
14 210 
14 215 
14 232 
14 239 
14 259 
14 260 
14 265 
14 275 
14 280 
14 299 
14 303 
14 308 
14 360 
14 414 
14 423 
14 431 
14 465 
14 468 
14 489 
14 490 
15 19 
15 35 
15 45 
15 46 
15 48 
15 52 
15 54 
15 65 
15 81 
15 85 
15 97 
15 98 
15 99 
15 105 
15 121 
15 135 
15 139 
15 150 
15 156 
15 157 
15 186 
15 190 
15 203 
15 243 
15 246 
15 266 
15 300 
15 339 
15 343 
15 350 
15 370 
15 387 
15 392 
15 456 
15 482 
16 20 
16 33 
16 67 
16 76 
16 119 
16 142 
16 155 
16 177 
16 204 
16 220 
16 257 
16 316 
16 401 
16 487 
17 25 
17 26 
17 67 
17 75 
17 111 
17 115 
17 123 
17 135 
17 154 
17 166 
17 219 
17 330 
17 389 
17 396 
18 49 
18 85 
18 107 
18 108 
18 192 
18 239 
18 284 
18 331 
19 23 
19 32 
19 40 
19 45 
19 105 
19 120 
19 127 
19 176 
19 177 
19 235 
19 251 
19 271 
19 290 
19 298 
19 338 
19 393 
19 396 
19 401 
19 466 
20 21 
20 55 
20 58 
20 187 
20 220 
20 296 
20 442 
21 31 
21 36 
21 37 
21 63 
21 73 
21 92 
21 93 
21 108 
21 142 
21 149 
21 185 
21 193 
21 207 
21 225 
21 247 
21 311 
21 322 
21 385 
21 461 
21 478 
21 497 
22 25 
22 54 
22 99 
22 102 
22 112 
22 148 
22 304 
22 343 
22 391 
22 424 
22 442 
22 445 
22 463 
22 494 
23 24 
23 27 
23 30 
23 31 
23 50 
23 54 
23 81 
23 91 
23 104 
23 148 
23 158 
23 159 
23 170 
23 314 
23 326 
23 359 
23 362 
23 408 
23 468 
24 27 
24 31 
24 53 
24 58 
24 66 
24 210 
24 229 
24 244 
24 249 
24 267 
24 287 
24 320 
24 327 
24 336 
24 355 
24 416 
24 486 
25 28 
25 30 
25 38 
25 41 
25 49 
25 51 
25 57 
25 60 
25 87 
25 100 
25 167 
25 183 
25 260 
25 299 
25 356 
25 444 
25 445 
25 462 
26 31 
26 38 
26 70 
26 78 
26 92 
26 122 
26 131 
26 144 
26 177 
26 181 
26 225 
26 270 
26 321 
26 348 
27 32 
27 36 
27 47 
27 51 
27 61 
27 82 
27 283 
27 297 
27 348 
27 397 
27 417 
27 458 
28 40 
28 43 
28 66 
28 79 
28 97 
28 118 
28 212 
28 310 
28 339 
28 357 
28 389 
28 407 
29 30 
29 34 
29 35 
29 43 
29 56 
29 61 
29 68 
29 120 
29 146 
29 171 
29 180 
29 235 
29 241 
29 285 
29 315 
29 467 
29 485 
30 34 
30 42 
30 47 
30 63 
30 69 
30 91 
30 99 
30 104 
30 108 
30 109 
30 153 
30 163 
30 170 
30 172 
30 205 
30 217 
30 232 
30 243 
30 276 
30 303 
30 304 
30 328 
30 346 
30 354 
30 382 
30 386 
30 398 
30 401 
30 414 
30 422 
30 488 
31 39 
31 104 
31 126 
31 128 
31 137 
31 166 
31 228 
31 257 
31 271 
31 294 
31 364 
31 425 
31 437 
31 454 
31 468 
32 62 
32 125 
32 128 
32 136 
32 150 
32 161 
32 215 
32 240 
32 300 
32 306 
32 323 
32 426 
33 77 
33 451 
34 65 
34 68 
34 163 
34 168 
34 229 
34 273 
34 279 
34 301 
34 311 
34 322 
34 349 
34 365 
34 477 
35 44 
35 48 
35 75 
35 82 
35 100 
35 123 
35 124 
35 134 
35 209 
35 272 
35 302 
35 335 
35 352 
36 52 
36 57 
36 89 
36 122 
36 132 
36 183 
36 189 
36 198 
36 213 
36 214 
36 246 
36 276 
36 290 
36 296 
36 461 
36 498 
37 56 
37 95 
37 175 
37 211 
37 340 
37 435 
37 472 
37 485 
38 119 
38 141 
38 226 
39 108 
39 169 
39 196 
39 208 
39 230 
39 256 
39 294 
39 347 
39 391 
39 453 
40 41 
40 54 
40 77 
40 106 
40 137 
40 152 
40 169 
40 173 
40 179 
40 196 
40 222 
40 232 
40 234 
40 252 
40 299 
40 380 
40 405 
40 433 
40 469 
40 484 
41 45 
41 55 
41 88 
41 151 
41 185 
41 195 
41 203 
41 211 
41 263 
41 286 
41 313 
41 322 
41 326 
41 399 
41 438 
41 499 
42 53 
42 135 
42 190 
42 363 
42 394 
42 495 
43 101 
43 127 
43 165 
43 174 
43 182 
43 282 
43 285 
43 363 
44 47 
44 71 
44 73 
44 294 
44 338 
44 373 
44 412 
45 80 
45 147 
45 221 
45 373 
46 53 
46 60 
46 62 
46 69 
46 80 
46 86 
46 95 
46 231 
46 241 
46 270 
46 371 
46 402 
46 489 
47 49 
47 66 
47 162 
47 199 
47 255 
47 269 
47 278 
47 376 
47 384 
47 404 
48 122 
48 145 
48 379 
49 52 
49 110 
49 130 
49 160 
49 212 
49 223 
49 390 
50 51 
50 59 
50 88 
50 117 
50 140 
50 159 
50 177 
50 208 
50 325 
50 334 
50 344 
50 364 
51 148 
51 191 
51 201 
51 315 
52 109 
52 190 
52 331 
53 76 
53 84 
53 95 
53 385 
53 498 
54 72 
54 102 
54 128 
54 141 
54 152 
54 213 
54 224 
54 269 
54 274 
54 277 
54 300 
54 302 
54 338 
54 367 
54 406 
55 188 
55 333 
55 437 
56 79 
56 115 
56 124 
56 134 
56 146 
56 160 
56 248 
56 283 
56 388 
56 406 
56 415 
56 439 
57 59 
57 71 
57 93 
57 96 
57 126 
57 145 
57 147 
57 163 
57 266 
57 274 
57 305 
58 85 
58 115 
58 134 
58 138 
58 149 
58 173 
58 176 
58 210 
58 218 
58 219 
58 233 
58 258 
58 268 
58 375 
58 466 
59 71 
59 97 
59 104 
59 114 
59 181 
59 184 
59 384 
59 392 
60 75 
60 93 
60 112 
60 147 
60 168 
60 478 
61 127 
61 199 
61 250 
61 372 
61 386 
61 398 
61 456 
62 64 
62 121 
62 180 
62 236 
62 369 
63 71 
63 87 
63 107 
63 247 
63 372 
63 390 
63 404 
63 405 
63 457 
64 70 
64 155 
64 242 
64 312 
65 89 
65 129 
65 337 
66 118 
66 120 
66 324 
66 454 
67 83 
67 90 
67 101 
67 106 
67 139 
67 157 
67 186 
67 192 
67 259 
67 328 
67 357 
67 380 
67 409 
67 441 
67 461 
68 69 
68 90 
68 119 
68 187 
68 231 
68 347 
68 402 
69 79 
69 84 
69 120 
69 127 
69 145 
69 150 
69 164 
69 193 
69 198 
69 203 
69 246 
69 274 
69 298 
69 319 
69 369 
69 444 
69 480 
70 144 
70 306 
70 314 
71 74 
71 117 
71 191 
71 340 
72 100 
72 103 
72 261 
73 94 
73 106 
73 113 
73 118 
73 167 
73 264 
73 324 
73 354 
73 357 
73 411 
73 427 
73 460 
73 475 
73 482 
74 138 
74 181 
74 200 
74 432 
75 97 
75 140 
75 218 
75 220 
75 232 
75 268 
75 290 
75 473 
75 479 
76 182 
76 210 
76 246 
76 286 
78 105 
78 109 
78 113 
78 126 
78 219 
78 221 
78 242 
78 341 
78 366 
78 375 
78 396 
78 411 
78 424 
78 436 
78 484 
79 101 
79 345 
79 408 
80 102 
80 109 
80 159 
80 182 
80 356 
80 376 
80 446 
81 83 
81 94 
81 118 
81 154 
81 157 
81 178 
81 194 
81 270 
81 324 
81 409 
81 484 
81 492 
82 88 
82 233 
82 374 
83 87 
83 94 
83 135 
83 161 
83 205 
83 334 
83 362 
83 437 
84 85 
84 279 
84 281 
84 432 
85 107 
85 111 
85 112 
85 124 
85 184 
85 273 
85 278 
85 309 
85 395 
85 402 
85 404 
85 419 
86 113 
86 156 
86 164 
86 252 
86 292 
86 296 
86 410 
86 470 
87 133 
87 242 
87 275 
87 277 
87 293 
87 342 
88 98 
88 136 
88 413 
89 345 
89 434 
90 116 
90 141 
90 163 
90 221 
90 245 
90 249 
90 253 
90 328 
90 368 
90 462 
90 467 
90 486 
91 116 
91 138 
91 282 
91 309 
91 317 
91 341 
91 363 
92 200 
92 202 
92 260 
92 267 
92 344 
92 361 
93 131 
93 211 
93 418 
93 467 
94 98 
94 258 
95 171 
95 185 
95 217 
95 237 
95 284 
95 297 
95 470 
96 192 
96 206 
96 211 
96 229 
96 272 
96 334 
96 484 
98 189 
98 386 
98 399 
98 410 
98 411 
99 102 
99 107 
99 140 
99 164 
99 178 
99 233 
99 268 
99 293 
99 322 
99 398 
99 432 
100 123 
100 168 
100 187 
100 217 
100 330 
100 377 
100 409 
101 138 
101 146 
101 176 
101 198 
101 213 
101 236 
101 265 
101 317 
101 349 
101 407 
101 437 
101 454 
101 455 
102 175 
102 270 
103 143 
103 209 
103 275 
103 315 
104 129 
104 351 
105 116 
105 172 
105 188 
105 351 
105 358 
105 445 
106 148 
106 154 
106 237 
106 291 
106 418 
106 451 
106 477 
107 448 
108 162 
108 248 
108 249 
109 238 
109 356 
110 116 
110 282 
110 332 
110 340 
110 348 
111 144 
111 430 
111 499 
113 202 
113 291 
113 410 
113 491 
114 164 
114 172 
114 314 
114 318 
114 349 
114 357 
115 122 
115 134 
115 179 
115 298 
115 469 
116 152 
116 201 
116 436 
117 170 
117 222 
117 308 
117 377 
118 204 
118 227 
118 252 
118 304 
118 414 
119 198 
119 379 
119 472 
121 124 
121 204 
121 353 
121 355 
121 410 
121 491 
122 228 
122 262 
122 301 
122 430 
122 459 
123 151 
123 194 
123 388 
124 348 
124 459 
125 256 
125 491 
126 346 
127 203 
127 239 
127 262 
127 342 
127 361 
127 435 
128 130 
128 137 
128 180 
128 216 
128 241 
128 251 
128 273 
128 353 
128 391 
129 145 
129 268 
129 277 
129 290 
129 297 
129 330 
129 339 
129 382 
129 472 
129 497 
130 366 
130 381 
131 136 
131 151 
131 202 
131 238 
131 239 
131 250 
131 258 
131 266 
131 309 
131 429 
131 459 
131 487 
132 142 
132 174 
132 288 
132 394 
132 403 
132 442 
133 155 
133 279 
133 299 
133 338 
133 416 
133 483 
134 223 
134 308 
135 329 
135 415 
135 420 
136 282 
137 156 
137 302 
137 396 
138 190 
138 305 
138 436 
139 147 
139 166 
139 244 
139 313 
139 370 
139 371 
139 375 
140 143 
140 193 
140 273 
140 368 
141 144 
141 310 
143 151 
143 161 
144 179 
144 226 
144 234 
144 380 
145 230 
145 416 
145 420 
146 152 
146 218 
146 321 
147 168 
147 193 
147 195 
147 234 
147 295 
147 351 
147 444 
148 254 
149 178 
149 252 
149 293 
150 208 
150 255 
150 260 
151 253 
151 295 
151 307 
152 202 
152 222 
152 377 
153 367 
153 452 
153 489 
154 175 
154 332 
155 292 
155 329 
156 184 
156 378 
157 212 
157 352 
157 423 
158 276 
158 300 
158 342 
158 349 
158 463 
159 364 
159 448 
160 194 
160 199 
160 214 
160 264 
160 279 
160 370 
160 382 
161 205 
161 377 
161 432 
162 312 
162 329 
162 424 
163 180 
163 196 
163 435 
164 247 
164 277 
164 342 
165 255 
165 287 
165 303 
165 489 
166 226 
166 434 
167 221 
167 389 
168 367 
172 376 
172 416 
172 481 
173 248 
174 185 
175 331 
177 192 
177 237 
177 241 
177 254 
177 295 
177 431 
177 471 
178 189 
178 292 
178 368 
179 314 
180 207 
180 450 
181 269 
181 281 
181 355 
181 476 
182 196 
183 188 
183 235 
183 255 
183 475 
184 333 
184 392 
184 413 
184 433 
185 194 
185 225 
185 337 
185 395 
186 199 
187 238 
188 401 
188 404 
188 479 
190 264 
190 333 
191 306 
192 233 
192 365 
193 350 
195 269 
195 323 
195 335 
195 450 
195 464 
195 492 
198 383 
198 387 
198 431 
199 224 
200 249 
200 283 
200 308 
200 330 
200 381 
200 474 
201 254 
201 263 
201 301 
201 379 
201 479 
202 220 
202 280 
202 405 
203 245 
203 250 
203 362 
203 393 
205 447 
205 496 
206 207 
206 291 
206 325 
206 455 
206 474 
207 240 
208 421 
209 283 
210 278 
210 319 
210 441 
211 298 
211 350 
211 369 
212 313 
212 429 
212 462 
214 310 
214 403 
215 230 
215 361 
215 412 
216 284 
216 413 
217 320 
218 449 
219 237 
220 266 
221 428 
222 436 
223 287 
224 475 
225 228 
225 230 
225 250 
225 267 
225 359 
225 412 
225 425 
226 285 
226 317 
226 469 
227 337 
227 408 
227 433 
227 480 
228 265 
229 335 
229 398 
229 458 
230 284 
230 323 
230 325 
230 418 
230 447 
231 288 
233 388 
233 430 
234 407 
236 312 
236 336 
236 456 
236 494 
237 473 
240 376 
240 378 
242 352 
244 332 
244 344 
244 429 
244 470 
245 343 
245 387 
245 494 
247 261 
247 301 
247 485 
249 419 
251 304 
251 452 
253 316 
253 324 
253 345 
254 358 
254 392 
254 493 
255 362 
255 420 
256 286 
256 449 
257 263 
257 289 
257 352 
258 347 
260 346 
260 441 
263 278 
264 271 
264 426 
266 390 
267 417 
267 428 
268 390 
269 465 
270 400 
270 496 
271 393 
272 286 
272 307 
273 490 
274 356 
274 383 
274 427 
274 447 
275 280 
277 289 
277 316 
277 372 
278 473 
279 379 
280 409 
280 443 
281 354 
281 488 
282 312 
282 318 
284 447 
285 289 
285 363 
288 408 
288 458 
289 446 
291 419 
291 446 
292 427 
292 493 
293 316 
293 381 
293 434 
294 494 
295 358 
298 333 
298 462 
299 350 
299 422 
299 478 
300 332 
300 384 
300 394 
302 413 
303 483 
304 327 
305 319 
305 464 
305 469 
305 498 
306 339 
306 439 
307 438 
308 481 
310 426 
311 381 
312 337 
312 366 
312 394 
312 471 
313 370 
315 440 
316 373 
316 389 
319 387 
320 463 
322 364 
323 402 
324 481 
326 499 
327 452 
328 345 
329 452 
330 492 
333 351 
333 378 
336 412 
336 449 
336 461 
337 483 
343 374 
345 457 
347 490 
348 366 
348 400 
349 403 
349 464 
350 459 
351 448 
352 371 
352 441 
357 423 
358 425 
359 382 
359 388 
361 399 
364 429 
364 472 
365 439 
365 496 
366 440 
372 443 
378 421 
379 405 
381 417 
382 417 
382 463 
388 428 
389 443 
392 406 
395 471 
396 418 
397 485 
400 457 
400 496 
401 435 
406 439 
409 446 
413 431 
416 476 
417 428 
418 423 
420 460 
421 487 
422 493 
429 474 
430 451 
433 451 
433 466 
433 495 
435 480 
437 438 
442 445 
444 486 
452 477 
454 481 
464 473 
464 482 
465 497 
478 490 
