false
false
500
1988
0 1 
0 3 
0 4 
0 6 
0 8 
0 11 
0 12 
0 15 
0 16 
0 17 
0 18 
0 19 
0 20 
0 22 
0 23 
0 29 
0 39 
0 40 
0 44 
0 49 
0 59 
0 63 
0 66 
0 69 
0 75 
0 93 
0 101 
0 121 
0 129 
0 134 
0 136 
0 142 
0 152 
0 191 
0 193 
0 239 
0 262 
0 270 
0 318 
0 319 
0 352 
0 356 
0 385 
0 387 
0 424 
0 463 
0 481 
1 2 
1 4 
1 5 
1 7 
1 9 
1 13 
1 14 
1 16 
1 24 
1 26 
1 34 
1 38 
1 43 
1 45 
1 53 
1 59 
1 63 
1 69 
1 72 
1 86 
1 94 
1 96 
1 104 
1 121 
1 128 
1 129 
1 134 
1 165 
1 178 
1 183 
1 196 
1 202 
1 207 
1 238 
1 254 
1 261 
1 271 
1 274 
1 292 
1 310 
1 312 
1 323 
1 331 
1 355 
1 379 
1 409 
1 414 
1 416 
1 422 
1 434 
1 439 
1 454 
2 3 
2 4 
2 5 
2 6 
2 7 
2 8 
2 14 
2 17 
2 25 
2 37 
2 41 
2 45 
2 57 
2 58 
2 64 
2 66 
2 74 
2 82 
2 127 
2 132 
2 137 
2 145 
2 160 
2 187 
2 194 
2 206 
2 207 
2 212 
2 221 
2 235 
2 241 
2 259 
2 263 
2 264 
2 274 
2 275 
2 282 
2 296 
2 317 
2 328 
2 364 
2 367 
2 376 
2 412 
2 423 
2 431 
2 451 
2 461 
2 472 
2 498 
3 4 
3 5 
3 12 
3 13 
3 17 
3 20 
3 22 
3 25 
3 52 
3 78 
3 89 
3 90 
3 95 
3 98 
3 100 
3 143 
3 153 
3 158 
3 168 
3 169 
3 220 
3 239 
3 249 
3 278 
3 317 
3 334 
3 370 
3 377 
3 399 
3 415 
3 483 
3 485 
3 489 
4 5 
4 6 
4 9 
4 11 
4 12 
4 18 
4 19 
4 21 
4 23 
4 28 
4 35 
4 38 
4 44 
4 46 
4 51 
4 53 
4 55 
4 60 
4 73 
4 77 
4 81 
4 86 
4 87 
4 91 
4 93 
4 96 
4 97 
4 109 
4 116 
4 125 
4 132 
4 138 
4 143 
4 157 
4 163 
4 197 
4 198 
4 203 
4 210 
4 215 
4 218 
4 231 
4 232 
4 249 
4 251 
4 256 
4 266 
4 270 
4 281 
4 286 
4 291 
4 303 
4 315 
4 336 
4 338 
4 356 
4 358 
4 372 
4 379 
4 383 
4 394 
4 399 
4 419 
4 426 
4 428 
4 468 
4 498 
5 6 
5 7 
5 10 
5 12 
5 19 
5 20 
5 25 
5 27 
5 31 
5 32 
5 34 
5 36 
5 40 
5 48 
5 51 
5 55 
5 58 
5 60 
5 63 
5 71 
5 77 
5 84 
5 95 
5 115 
5 119 
5 126 
5 129 
5 132 
5 138 
5 145 
5 153 
5 174 
5 185 
5 195 
5 213 
5 225 
5 240 
5 246 
5 252 
5 259 
5 265 
5 267 
5 273 
5 288 
5 294 
5 301 
5 309 
5 329 
5 337 
5 348 
5 382 
5 387 
5 396 
5 405 
5 406 
5 423 
5 442 
5 469 
6 7 
6 8 
6 9 
6 10 
6 13 
6 15 
6 18 
6 21 
6 22 
6 24 
6 31 
6 32 
6 33 
6 43 
6 46 
6 49 
6 50 
6 51 
6 52 
6 83 
6 88 
6 105 
6 106 
6 107 
6 108 
6 112 
6 117 
6 123 
6 127 
6 128 
6 130 
6 136 
6 142 
6 144 
6 149 
6 150 
6 153 
6 155 
6 157 
6 174 
6 189 
6 201 
6 209 
6 214 
6 215 
6 223 
6 229 
6 245 
6 250 
6 254 
6 261 
6 276 
6 281 
6 288 
6 299 
6 314 
6 327 
6 332 
6 333 
6 345 
6 352 
6 353 
6 366 
6 367 
6 368 
6 388 
6 423 
6 426 
6 433 
6 445 
6 448 
6 453 
6 457 
6 487 
6 490 
6 493 
7 8 
7 9 
7 11 
7 15 
7 16 
7 18 
7 27 
7 39 
7 47 
7 48 
7 58 
7 72 
7 78 
7 79 
7 87 
7 93 
7 95 
7 96 
7 98 
7 101 
7 108 
7 139 
7 191 
7 198 
7 200 
7 220 
7 224 
7 226 
7 228 
7 234 
7 247 
7 248 
7 253 
7 293 
7 302 
7 311 
7 348 
7 360 
7 373 
7 397 
7 410 
7 427 
7 460 
7 470 
8 10 
8 11 
8 13 
8 14 
8 16 
8 19 
8 28 
8 35 
8 36 
8 37 
8 50 
8 55 
8 61 
8 103 
8 109 
8 114 
8 117 
8 120 
8 121 
8 123 
8 145 
8 146 
8 149 
8 156 
8 159 
8 185 
8 248 
8 253 
8 287 
8 299 
8 309 
8 377 
8 384 
8 406 
8 412 
8 414 
8 437 
8 488 
9 10 
9 17 
9 21 
9 23 
9 24 
9 26 
9 28 
9 29 
9 32 
9 33 
9 39 
9 54 
9 59 
9 64 
9 65 
9 69 
9 91 
9 97 
9 104 
9 122 
9 124 
9 129 
9 133 
9 134 
9 143 
9 146 
9 154 
9 162 
9 165 
9 187 
9 216 
9 250 
9 279 
9 298 
9 310 
9 320 
9 323 
9 329 
9 330 
9 336 
9 374 
9 395 
9 415 
9 451 
9 459 
9 492 
10 14 
10 15 
10 26 
10 28 
10 33 
10 37 
10 38 
10 62 
10 73 
10 76 
10 90 
10 91 
10 100 
10 104 
10 110 
10 116 
10 118 
10 125 
10 130 
10 136 
10 184 
10 210 
10 227 
10 236 
10 237 
10 260 
10 271 
10 277 
10 294 
10 305 
10 319 
10 335 
10 339 
10 354 
10 383 
10 402 
10 447 
10 463 
10 496 
11 49 
11 57 
11 64 
11 99 
11 107 
11 186 
11 213 
11 275 
11 278 
11 338 
11 373 
11 387 
11 392 
11 420 
11 480 
11 484 
12 36 
12 56 
12 68 
12 124 
12 128 
12 135 
12 166 
12 230 
12 286 
12 430 
12 459 
13 25 
13 40 
13 42 
13 53 
13 65 
13 77 
13 84 
13 124 
13 173 
13 228 
13 233 
13 257 
13 268 
13 306 
13 329 
14 39 
14 65 
14 76 
14 103 
14 108 
14 128 
14 164 
14 170 
14 199 
14 238 
14 241 
14 262 
14 265 
14 304 
14 307 
14 386 
14 392 
14 424 
15 24 
15 31 
15 41 
15 43 
15 46 
15 154 
15 161 
15 180 
15 188 
15 204 
15 258 
15 303 
15 307 
15 345 
15 404 
15 442 
15 445 
16 27 
16 43 
16 45 
16 48 
16 66 
16 68 
16 92 
16 105 
16 122 
16 216 
16 252 
16 264 
16 300 
16 435 
16 490 
16 493 
17 21 
17 29 
17 33 
17 54 
17 59 
17 61 
17 78 
17 287 
17 290 
17 305 
17 321 
17 327 
17 339 
17 341 
17 346 
17 359 
17 400 
17 443 
17 452 
17 476 
17 487 
17 498 
18 26 
18 30 
18 34 
18 35 
18 36 
18 42 
18 98 
18 151 
18 188 
18 193 
18 227 
18 272 
18 312 
18 328 
18 364 
18 386 
18 486 
19 20 
19 22 
19 23 
19 30 
19 37 
19 50 
19 56 
19 72 
19 113 
19 120 
19 123 
19 135 
19 158 
19 198 
19 200 
19 228 
19 269 
19 288 
19 304 
19 320 
19 326 
19 353 
19 355 
20 87 
20 131 
20 204 
20 240 
20 364 
20 399 
21 69 
21 75 
21 77 
21 146 
21 147 
21 189 
21 212 
21 217 
21 229 
21 275 
21 284 
21 320 
21 407 
21 439 
21 440 
21 444 
21 445 
22 27 
22 80 
22 92 
22 112 
22 127 
22 350 
22 378 
22 475 
23 29 
23 54 
23 107 
23 148 
23 186 
23 200 
23 205 
23 286 
23 316 
23 404 
24 31 
24 71 
24 74 
24 78 
24 89 
24 102 
24 173 
24 198 
24 216 
24 234 
24 328 
24 369 
24 399 
24 432 
24 470 
24 486 
24 488 
24 489 
25 44 
25 50 
25 55 
25 56 
25 67 
25 85 
25 130 
25 134 
25 259 
25 283 
25 378 
25 397 
25 438 
25 448 
25 450 
25 456 
26 30 
26 94 
26 106 
26 137 
26 144 
26 161 
26 173 
26 213 
26 281 
26 331 
26 363 
26 423 
27 137 
27 435 
27 437 
28 30 
28 48 
28 65 
28 68 
28 70 
28 83 
28 191 
28 230 
28 269 
28 272 
28 324 
28 356 
28 370 
28 450 
29 35 
29 118 
29 131 
29 139 
29 193 
29 222 
29 247 
29 403 
29 490 
30 58 
30 83 
30 97 
30 103 
30 111 
30 181 
30 292 
30 322 
30 344 
30 419 
30 432 
31 32 
31 67 
31 138 
31 176 
31 242 
31 287 
31 312 
31 396 
32 41 
32 268 
32 280 
32 306 
32 325 
32 441 
33 34 
33 38 
33 84 
33 168 
33 169 
33 170 
33 212 
33 248 
33 299 
33 366 
33 385 
34 42 
34 47 
34 53 
34 66 
34 155 
34 172 
34 183 
34 205 
34 223 
34 293 
34 389 
34 406 
34 422 
34 460 
34 481 
34 483 
35 135 
35 311 
35 394 
35 479 
36 40 
36 61 
36 71 
36 92 
36 130 
36 174 
36 219 
36 223 
37 41 
37 56 
37 125 
37 140 
37 163 
37 327 
37 332 
37 341 
37 464 
38 42 
38 71 
38 82 
38 89 
38 138 
38 147 
38 148 
38 157 
38 168 
38 179 
38 192 
38 200 
38 276 
38 369 
38 458 
38 465 
38 494 
39 46 
39 51 
39 67 
39 73 
39 79 
39 84 
39 101 
39 103 
39 111 
39 133 
39 139 
39 143 
39 164 
39 194 
39 195 
39 239 
39 244 
39 245 
39 246 
39 282 
39 286 
39 297 
39 305 
39 425 
39 441 
39 460 
40 75 
40 81 
40 115 
40 192 
40 341 
40 421 
40 444 
41 433 
41 438 
41 464 
42 52 
42 54 
42 73 
42 87 
42 100 
42 142 
42 181 
42 208 
42 211 
42 326 
42 393 
42 398 
42 424 
42 431 
43 44 
43 79 
43 107 
43 118 
43 172 
43 212 
43 231 
43 260 
43 265 
43 266 
43 330 
43 365 
43 380 
43 408 
43 479 
44 45 
44 115 
44 229 
44 390 
45 47 
45 85 
45 94 
45 250 
45 349 
45 379 
45 465 
46 47 
46 52 
46 57 
46 105 
46 163 
46 210 
46 343 
46 381 
46 485 
47 49 
47 57 
47 74 
47 81 
47 197 
47 209 
47 220 
47 236 
47 245 
47 251 
47 258 
47 317 
47 390 
47 466 
47 468 
47 484 
49 80 
49 86 
49 88 
49 106 
49 110 
49 194 
49 233 
49 242 
49 259 
49 448 
50 338 
50 436 
51 70 
51 79 
51 90 
51 98 
51 116 
51 159 
51 182 
51 213 
51 217 
51 263 
51 277 
51 371 
51 398 
52 62 
52 167 
52 256 
52 264 
52 268 
52 366 
52 421 
52 487 
53 60 
53 68 
53 88 
53 101 
53 108 
53 110 
53 119 
53 242 
53 244 
53 280 
53 297 
53 396 
53 494 
54 60 
54 61 
54 62 
54 70 
54 72 
54 109 
54 114 
54 119 
54 137 
54 156 
54 182 
54 196 
54 248 
54 266 
54 274 
54 289 
54 291 
54 337 
54 349 
54 358 
54 370 
54 403 
54 404 
54 409 
54 427 
54 436 
54 453 
55 80 
55 155 
55 184 
55 195 
55 246 
55 271 
55 381 
56 114 
56 172 
56 238 
56 285 
56 293 
56 315 
56 478 
57 63 
57 175 
57 255 
57 383 
58 220 
58 472 
59 64 
59 120 
59 181 
59 201 
59 278 
59 323 
59 327 
59 357 
59 465 
60 89 
60 190 
60 206 
60 378 
60 433 
61 62 
61 75 
61 105 
61 113 
61 168 
61 172 
61 183 
61 351 
61 354 
62 86 
62 94 
62 244 
62 251 
62 283 
63 165 
63 183 
63 218 
63 361 
63 382 
63 403 
63 455 
64 67 
64 76 
64 82 
64 83 
64 113 
64 121 
64 141 
64 160 
64 162 
64 190 
64 288 
64 360 
64 384 
64 402 
64 411 
64 417 
64 458 
65 139 
65 380 
65 387 
65 407 
65 491 
66 126 
66 155 
66 179 
66 191 
66 267 
66 316 
66 334 
67 70 
67 93 
67 116 
67 125 
67 160 
67 197 
67 201 
67 203 
67 276 
67 344 
67 392 
67 402 
67 472 
67 490 
68 100 
68 102 
68 184 
68 219 
68 252 
68 274 
69 88 
69 97 
69 117 
69 124 
69 144 
69 151 
69 156 
69 161 
69 257 
69 305 
69 349 
69 475 
70 85 
70 135 
70 210 
70 218 
70 223 
70 249 
70 257 
70 289 
70 313 
70 315 
70 340 
70 361 
70 374 
70 429 
70 444 
70 452 
70 461 
70 497 
71 106 
71 118 
71 171 
71 215 
71 279 
71 298 
71 314 
71 362 
71 386 
72 74 
72 82 
72 112 
72 173 
72 214 
72 258 
72 292 
72 311 
72 408 
72 451 
72 481 
73 166 
73 225 
74 76 
74 80 
74 85 
74 126 
74 131 
74 141 
74 148 
74 165 
74 197 
74 237 
74 270 
74 293 
74 331 
74 333 
74 408 
74 422 
75 176 
75 207 
75 300 
75 313 
76 115 
76 153 
76 219 
76 280 
76 332 
76 477 
76 478 
77 225 
77 345 
78 117 
78 144 
78 175 
78 208 
78 224 
78 301 
78 371 
78 403 
78 465 
79 91 
79 96 
79 99 
79 158 
79 171 
79 177 
79 193 
79 199 
79 264 
79 304 
79 344 
79 417 
80 81 
80 92 
80 119 
80 132 
80 156 
80 175 
80 208 
80 231 
80 232 
80 242 
80 343 
80 467 
81 90 
81 95 
81 99 
81 110 
81 181 
81 203 
81 233 
81 257 
81 267 
81 289 
81 314 
81 481 
82 102 
82 206 
82 468 
83 133 
83 189 
83 218 
83 225 
83 226 
83 233 
83 340 
83 440 
84 140 
84 222 
84 228 
84 251 
84 307 
84 394 
84 413 
85 152 
85 308 
85 441 
85 483 
86 150 
86 192 
86 424 
86 430 
86 441 
86 452 
87 120 
87 141 
87 152 
87 171 
87 187 
87 189 
87 217 
87 279 
87 308 
87 486 
88 140 
88 184 
88 262 
88 350 
89 158 
89 167 
89 176 
89 245 
89 269 
89 308 
89 321 
89 354 
89 471 
89 491 
90 122 
90 195 
90 211 
90 266 
90 347 
90 407 
91 182 
91 222 
91 276 
92 111 
92 127 
92 142 
92 199 
92 243 
92 400 
92 449 
92 468 
92 482 
92 497 
93 391 
93 401 
94 99 
94 102 
94 224 
94 263 
94 486 
94 496 
95 164 
96 133 
96 491 
97 151 
97 154 
97 190 
97 470 
98 123 
98 150 
98 171 
98 240 
98 247 
98 261 
98 285 
98 306 
98 336 
98 375 
98 415 
99 145 
99 148 
99 205 
99 214 
99 254 
99 273 
99 302 
99 466 
100 113 
100 214 
100 277 
100 284 
101 262 
101 355 
101 385 
101 418 
101 446 
102 122 
102 236 
103 104 
104 114 
104 203 
104 313 
104 499 
105 147 
105 149 
105 162 
105 163 
105 231 
105 442 
105 493 
106 111 
106 140 
106 150 
106 154 
106 159 
106 162 
106 244 
106 343 
106 382 
106 419 
106 482 
107 109 
107 204 
107 334 
107 405 
108 232 
108 260 
108 361 
111 112 
111 160 
111 202 
111 236 
111 256 
111 375 
111 410 
111 472 
112 222 
112 303 
112 310 
112 318 
112 347 
112 358 
112 360 
112 369 
112 416 
112 429 
113 250 
113 361 
113 389 
113 477 
113 491 
114 131 
114 186 
114 295 
114 326 
114 351 
115 141 
115 237 
115 271 
115 352 
115 419 
116 234 
116 303 
116 432 
117 159 
117 182 
118 179 
118 202 
118 411 
119 178 
119 188 
119 315 
119 427 
120 497 
121 126 
121 284 
122 180 
122 393 
122 425 
122 473 
123 418 
123 460 
124 252 
124 309 
124 335 
125 166 
125 279 
125 342 
126 444 
126 473 
127 255 
127 311 
127 395 
127 434 
128 169 
128 178 
128 188 
128 221 
128 243 
128 314 
128 348 
128 412 
128 499 
129 292 
129 378 
131 152 
131 185 
131 297 
131 298 
131 308 
131 469 
131 474 
132 177 
132 408 
133 136 
133 417 
133 480 
134 177 
134 211 
134 217 
134 221 
134 240 
134 295 
134 301 
134 330 
134 351 
135 161 
135 243 
135 267 
135 321 
135 324 
136 177 
136 253 
138 174 
138 319 
138 425 
138 435 
138 493 
139 149 
139 413 
140 147 
140 190 
140 230 
140 283 
140 381 
140 456 
140 457 
140 496 
141 285 
141 324 
142 386 
142 418 
142 471 
143 151 
143 167 
143 247 
143 272 
143 359 
143 458 
143 495 
144 146 
144 166 
144 194 
144 205 
144 284 
144 371 
144 415 
145 157 
145 169 
145 428 
146 331 
146 342 
146 442 
147 487 
148 438 
149 313 
149 346 
149 439 
150 260 
150 295 
150 336 
150 428 
151 178 
151 449 
152 164 
152 176 
152 180 
152 372 
153 226 
154 192 
154 358 
154 362 
154 370 
154 410 
154 476 
155 391 
156 302 
156 309 
156 388 
157 371 
158 338 
158 384 
159 170 
159 241 
159 281 
159 397 
159 453 
160 167 
160 341 
160 350 
160 402 
160 426 
161 334 
162 273 
163 180 
163 199 
163 216 
163 280 
164 175 
164 179 
164 215 
164 221 
164 323 
164 351 
164 364 
164 388 
164 401 
164 413 
164 449 
164 469 
165 224 
165 310 
167 209 
167 401 
169 170 
169 230 
169 471 
169 488 
169 492 
171 187 
171 346 
172 202 
172 322 
173 256 
173 316 
173 369 
173 426 
173 431 
174 322 
174 377 
174 485 
175 241 
175 384 
175 393 
175 461 
176 227 
176 377 
177 258 
177 296 
177 319 
177 380 
177 404 
179 226 
179 340 
179 357 
179 489 
180 185 
180 186 
180 201 
180 272 
180 333 
180 344 
180 432 
181 196 
181 416 
181 417 
181 420 
184 227 
184 270 
184 447 
185 325 
185 407 
186 300 
186 409 
186 467 
187 455 
187 474 
188 208 
190 235 
191 263 
193 196 
193 398 
194 255 
195 204 
195 357 
196 206 
196 239 
196 269 
197 297 
197 375 
197 459 
198 363 
198 400 
199 237 
199 484 
202 209 
202 229 
202 268 
202 291 
202 296 
202 484 
203 211 
203 232 
203 273 
203 414 
203 462 
204 207 
204 246 
204 353 
204 467 
205 457 
205 458 
206 374 
207 238 
207 287 
208 294 
210 322 
211 282 
211 372 
211 416 
212 219 
212 401 
212 474 
214 316 
214 394 
218 335 
219 318 
219 372 
221 325 
221 337 
221 363 
221 376 
221 380 
221 485 
222 277 
224 373 
226 304 
226 365 
226 406 
227 376 
227 470 
228 235 
228 333 
228 339 
229 234 
229 337 
229 356 
229 385 
229 410 
229 414 
229 448 
230 405 
231 307 
232 235 
232 283 
233 294 
233 306 
233 436 
233 464 
234 254 
234 317 
234 425 
235 290 
235 362 
237 243 
237 253 
237 296 
237 431 
238 285 
238 348 
238 375 
238 388 
240 255 
240 289 
240 349 
240 433 
240 489 
241 459 
242 318 
243 261 
243 422 
244 265 
244 359 
244 454 
244 478 
244 480 
245 290 
245 365 
245 429 
245 443 
245 478 
247 345 
248 249 
248 381 
252 405 
253 352 
253 368 
254 440 
257 302 
257 453 
258 278 
258 467 
259 332 
260 329 
262 298 
262 299 
262 383 
263 450 
264 275 
264 320 
264 391 
265 282 
265 300 
266 354 
266 428 
266 492 
267 291 
267 434 
267 494 
268 455 
270 396 
270 427 
271 339 
271 360 
273 295 
273 390 
276 330 
276 359 
278 471 
282 347 
282 445 
284 290 
284 343 
284 400 
285 326 
286 325 
287 346 
287 463 
288 409 
295 301 
296 456 
296 477 
298 451 
299 420 
300 454 
301 342 
301 366 
301 389 
301 421 
301 457 
302 312 
302 353 
304 357 
304 437 
304 483 
305 452 
308 362 
309 476 
309 497 
310 418 
311 450 
315 421 
315 499 
316 328 
316 413 
317 321 
317 324 
317 335 
317 368 
317 389 
317 430 
318 347 
321 379 
323 391 
324 368 
324 473 
325 374 
325 435 
325 462 
328 373 
331 342 
331 382 
333 397 
333 438 
335 340 
335 355 
335 443 
335 466 
335 495 
338 350 
340 495 
342 446 
343 443 
345 392 
346 363 
346 367 
346 390 
346 430 
349 488 
350 365 
350 393 
350 456 
351 446 
352 462 
356 477 
358 411 
358 440 
359 367 
359 411 
362 412 
363 376 
363 463 
363 480 
364 464 
365 474 
367 475 
373 395 
375 479 
379 492 
381 398 
384 395 
391 482 
392 437 
392 455 
399 482 
400 420 
402 466 
403 449 
403 475 
403 494 
406 429 
411 473 
412 446 
413 439 
422 447 
424 434 
424 499 
427 462 
428 461 
430 495 
433 436 
435 447 
439 469 
442 454 
443 476 
458 498 
467 496 
473 479 
