false
false
500
1988
0 1 
0 3 
0 4 
0 5 
0 7 
0 12 
0 13 
0 15 
0 19 
0 24 
0 25 
0 28 
0 36 
0 66 
0 92 
0 96 
0 107 
0 122 
0 127 
0 142 
0 152 
0 177 
0 251 
0 273 
0 277 
0 290 
0 298 
0 345 
0 379 
0 451 
1 2 
1 4 
1 6 
1 8 
1 11 
1 12 
1 29 
1 30 
1 32 
1 44 
1 56 
1 64 
1 77 
1 79 
1 121 
1 133 
1 193 
1 205 
1 247 
1 280 
1 354 
1 372 
1 382 
1 403 
1 423 
1 483 
2 3 
2 4 
2 5 
2 6 
2 7 
2 9 
2 16 
2 21 
2 22 
2 31 
2 37 
2 39 
2 42 
2 45 
2 51 
2 58 
2 59 
2 70 
2 72 
2 76 
2 85 
2 89 
2 100 
2 115 
2 116 
2 121 
2 123 
2 127 
2 131 
2 138 
2 157 
2 161 
2 183 
2 187 
2 189 
2 193 
2 196 
2 206 
2 211 
2 215 
2 225 
2 241 
2 242 
2 247 
2 258 
2 265 
2 282 
2 286 
2 305 
2 308 
2 314 
2 332 
2 337 
2 341 
2 344 
2 368 
2 369 
2 371 
2 382 
2 386 
2 404 
2 408 
2 423 
2 427 
2 428 
2 438 
2 444 
2 452 
2 484 
2 496 
3 4 
3 5 
3 7 
3 8 
3 9 
3 10 
3 17 
3 19 
3 21 
3 22 
3 23 
3 44 
3 46 
3 52 
3 53 
3 61 
3 64 
3 70 
3 74 
3 87 
3 98 
3 116 
3 123 
3 148 
3 154 
3 156 
3 160 
3 169 
3 177 
3 179 
3 188 
3 198 
3 230 
3 256 
3 262 
3 266 
3 270 
3 271 
3 274 
3 328 
3 336 
3 340 
3 341 
3 343 
3 344 
3 349 
3 350 
3 357 
3 391 
3 400 
3 413 
3 415 
3 453 
3 473 
3 491 
4 5 
4 6 
4 7 
4 8 
4 9 
4 10 
4 11 
4 17 
4 18 
4 20 
4 21 
4 24 
4 25 
4 26 
4 30 
4 32 
4 36 
4 37 
4 39 
4 43 
4 45 
4 46 
4 47 
4 48 
4 49 
4 53 
4 56 
4 61 
4 62 
4 64 
4 68 
4 71 
4 73 
4 75 
4 80 
4 82 
4 87 
4 88 
4 109 
4 114 
4 117 
4 119 
4 123 
4 129 
4 148 
4 154 
4 165 
4 168 
4 182 
4 184 
4 186 
4 189 
4 196 
4 197 
4 200 
4 219 
4 222 
4 224 
4 227 
4 231 
4 233 
4 238 
4 240 
4 252 
4 257 
4 258 
4 264 
4 270 
4 284 
4 291 
4 293 
4 294 
4 298 
4 317 
4 325 
4 327 
4 334 
4 337 
4 372 
4 385 
4 392 
4 413 
4 414 
4 417 
4 420 
4 427 
4 434 
4 441 
4 467 
5 6 
5 8 
5 9 
5 10 
5 12 
5 13 
5 14 
5 15 
5 16 
5 18 
5 23 
5 27 
5 31 
5 34 
5 35 
5 40 
5 49 
5 50 
5 60 
5 61 
5 63 
5 65 
5 76 
5 78 
5 89 
5 91 
5 100 
5 103 
5 111 
5 132 
5 135 
5 141 
5 143 
5 145 
5 147 
5 167 
5 183 
5 199 
5 213 
5 219 
5 221 
5 268 
5 292 
5 311 
5 314 
5 320 
5 327 
5 339 
5 357 
5 363 
5 378 
5 394 
5 426 
5 460 
6 10 
6 13 
6 15 
6 17 
6 23 
6 36 
6 51 
6 58 
6 84 
6 94 
6 95 
6 102 
6 113 
6 144 
6 163 
6 225 
6 260 
6 267 
6 292 
6 296 
6 319 
7 11 
7 48 
7 70 
7 82 
7 87 
7 197 
7 217 
7 221 
7 272 
7 300 
7 315 
7 323 
7 439 
8 14 
8 29 
8 45 
8 61 
8 70 
8 83 
8 90 
8 111 
8 126 
8 129 
8 136 
8 149 
8 242 
8 243 
8 258 
8 266 
8 278 
8 306 
8 458 
8 487 
9 11 
9 13 
9 14 
9 15 
9 16 
9 17 
9 19 
9 27 
9 32 
9 34 
9 41 
9 44 
9 45 
9 47 
9 55 
9 57 
9 66 
9 72 
9 86 
9 97 
9 103 
9 119 
9 141 
9 142 
9 150 
9 156 
9 158 
9 164 
9 168 
9 180 
9 194 
9 255 
9 277 
9 281 
9 297 
9 311 
9 317 
9 322 
9 369 
9 392 
9 418 
9 446 
9 462 
9 478 
10 21 
10 33 
10 36 
10 41 
10 94 
10 104 
10 122 
10 159 
10 195 
10 207 
10 372 
10 405 
10 419 
11 12 
11 18 
11 27 
11 31 
11 40 
11 57 
11 75 
11 80 
11 102 
11 105 
11 128 
11 152 
11 153 
11 175 
11 212 
11 220 
11 243 
11 244 
11 250 
11 256 
11 282 
11 284 
11 302 
11 310 
11 322 
11 324 
11 328 
11 332 
12 14 
12 16 
12 18 
12 19 
12 22 
12 24 
12 26 
12 29 
12 30 
12 34 
12 40 
12 46 
12 49 
12 55 
12 58 
12 59 
12 86 
12 117 
12 128 
12 137 
12 179 
12 218 
12 225 
12 288 
12 310 
12 361 
12 379 
12 381 
12 426 
12 428 
12 448 
12 457 
12 477 
12 489 
13 20 
13 34 
13 97 
13 156 
13 173 
13 220 
13 321 
13 347 
13 359 
13 386 
13 453 
14 74 
14 76 
14 103 
14 125 
14 170 
14 274 
14 438 
14 440 
15 20 
15 28 
15 77 
15 90 
15 117 
15 125 
15 134 
15 223 
15 237 
15 241 
15 247 
15 253 
15 265 
15 269 
15 288 
15 307 
15 329 
15 352 
15 376 
15 391 
15 401 
15 405 
15 412 
15 486 
16 20 
16 25 
16 26 
16 27 
16 28 
16 29 
16 37 
16 38 
16 44 
16 57 
16 60 
16 78 
16 105 
16 108 
16 114 
16 143 
16 150 
16 159 
16 207 
16 226 
16 290 
16 342 
16 345 
16 349 
16 368 
16 401 
16 438 
16 454 
16 474 
16 488 
16 489 
17 26 
17 33 
17 39 
17 41 
17 43 
17 50 
17 52 
17 54 
17 59 
17 63 
17 79 
17 86 
17 90 
17 91 
17 92 
17 93 
17 94 
17 99 
17 106 
17 107 
17 121 
17 126 
17 129 
17 130 
17 153 
17 180 
17 187 
17 195 
17 213 
17 234 
17 324 
17 332 
17 337 
17 374 
17 381 
17 401 
17 407 
17 417 
17 421 
17 432 
17 442 
17 447 
17 449 
17 451 
17 452 
17 471 
17 482 
18 30 
18 35 
18 50 
18 68 
18 71 
18 85 
18 86 
18 91 
18 116 
18 145 
18 162 
18 164 
18 171 
18 186 
18 202 
18 214 
18 217 
18 239 
18 243 
18 246 
18 249 
18 259 
18 336 
18 357 
18 373 
18 435 
18 439 
18 449 
18 460 
18 497 
19 25 
19 46 
19 51 
19 71 
19 74 
19 77 
19 93 
19 96 
19 153 
19 185 
19 196 
19 222 
19 254 
19 261 
19 298 
19 322 
19 328 
19 391 
19 414 
20 22 
20 28 
20 65 
20 67 
20 69 
20 82 
20 101 
20 102 
20 112 
20 122 
20 125 
20 140 
20 146 
20 160 
20 198 
20 216 
20 220 
20 231 
20 271 
20 278 
20 296 
20 300 
20 303 
20 305 
20 318 
20 324 
20 356 
20 359 
20 366 
20 376 
20 397 
20 412 
20 416 
20 424 
20 427 
20 454 
20 461 
20 469 
20 475 
21 110 
21 184 
21 240 
22 23 
22 24 
22 31 
22 42 
22 56 
22 119 
22 131 
22 133 
22 170 
22 187 
22 236 
22 238 
22 243 
22 245 
22 250 
22 318 
22 370 
22 379 
22 441 
23 35 
23 52 
23 64 
23 104 
23 134 
23 138 
23 151 
23 171 
23 182 
23 225 
23 239 
23 277 
23 365 
23 395 
23 482 
24 40 
24 42 
24 85 
24 135 
24 178 
24 239 
24 253 
24 272 
24 313 
24 351 
24 360 
25 33 
25 35 
25 37 
25 52 
25 63 
25 181 
25 215 
25 333 
25 388 
25 408 
26 38 
26 41 
26 43 
26 49 
26 172 
26 176 
26 297 
26 433 
27 33 
27 53 
27 55 
27 107 
27 128 
27 135 
27 165 
27 194 
27 205 
27 245 
27 261 
27 279 
27 283 
27 384 
27 387 
27 390 
27 402 
27 412 
27 451 
28 32 
28 38 
28 42 
28 48 
28 54 
28 66 
28 89 
28 94 
28 99 
28 124 
28 143 
28 150 
28 199 
28 206 
28 244 
28 275 
28 279 
28 346 
28 387 
28 394 
28 426 
28 435 
28 469 
29 47 
29 71 
29 81 
29 88 
29 127 
29 162 
29 172 
29 224 
29 242 
29 257 
29 266 
29 291 
29 356 
29 364 
29 481 
30 59 
30 113 
30 114 
30 157 
30 249 
30 293 
31 56 
31 65 
31 68 
31 85 
31 101 
31 174 
31 180 
31 189 
31 192 
31 204 
31 261 
31 291 
31 358 
31 374 
31 457 
32 110 
32 132 
32 155 
32 180 
32 499 
33 212 
33 232 
33 252 
33 273 
33 281 
33 294 
33 321 
33 424 
33 474 
34 184 
34 244 
34 268 
34 424 
34 483 
34 484 
34 493 
35 48 
35 87 
35 146 
35 163 
35 178 
35 185 
35 195 
35 267 
35 269 
35 283 
35 292 
35 451 
35 470 
36 47 
36 62 
36 218 
36 288 
36 333 
36 361 
36 405 
37 38 
37 39 
37 66 
37 68 
37 76 
37 126 
37 130 
37 140 
37 358 
37 430 
38 95 
38 115 
38 116 
38 126 
38 139 
38 145 
38 171 
38 179 
38 193 
38 300 
38 392 
38 395 
39 57 
39 82 
39 84 
39 98 
39 142 
39 203 
40 43 
40 54 
40 95 
40 96 
40 140 
40 144 
40 250 
40 259 
40 262 
40 305 
40 333 
40 406 
40 423 
40 435 
40 456 
41 67 
41 73 
41 78 
41 84 
41 101 
41 106 
41 117 
41 118 
41 125 
41 131 
41 200 
41 208 
41 228 
41 238 
41 302 
41 310 
41 323 
41 351 
41 361 
41 385 
41 430 
41 477 
42 80 
42 92 
42 231 
42 279 
42 305 
43 54 
43 60 
43 75 
43 79 
43 84 
43 136 
43 309 
43 334 
44 53 
44 63 
44 175 
44 193 
44 209 
44 222 
44 257 
44 319 
44 399 
44 498 
45 78 
45 90 
45 111 
45 120 
45 178 
45 211 
45 221 
45 231 
45 239 
45 284 
45 296 
45 373 
45 428 
45 429 
45 453 
45 480 
46 51 
46 65 
46 83 
46 146 
46 155 
46 158 
46 290 
46 301 
47 50 
47 62 
47 89 
47 99 
47 109 
47 173 
47 362 
47 383 
47 488 
48 67 
48 79 
48 92 
48 97 
48 168 
48 202 
48 214 
48 263 
48 393 
48 409 
48 471 
48 476 
48 499 
49 55 
49 67 
49 88 
49 178 
49 199 
49 208 
49 228 
49 414 
49 488 
50 69 
50 80 
50 81 
50 124 
50 289 
50 294 
50 378 
50 494 
51 60 
51 69 
51 73 
51 95 
51 108 
51 124 
51 143 
51 145 
51 198 
51 200 
51 233 
51 269 
51 309 
51 378 
51 475 
51 485 
52 58 
52 93 
52 128 
52 165 
52 202 
52 230 
52 267 
52 342 
52 448 
52 498 
53 93 
53 132 
53 277 
53 311 
53 440 
54 62 
54 112 
54 130 
54 205 
54 230 
54 304 
54 320 
54 321 
54 325 
54 361 
54 398 
54 472 
55 241 
56 144 
56 157 
56 210 
56 324 
56 349 
57 105 
57 106 
57 136 
57 155 
57 163 
57 166 
57 168 
57 181 
57 210 
57 236 
57 267 
57 282 
57 288 
57 299 
57 312 
57 313 
57 334 
57 349 
57 380 
57 398 
57 405 
57 467 
58 72 
58 74 
58 75 
58 114 
58 120 
58 148 
58 339 
58 434 
58 454 
59 113 
59 137 
59 252 
59 282 
59 284 
59 285 
59 367 
59 436 
60 276 
60 409 
61 100 
61 109 
61 129 
61 134 
61 278 
61 306 
61 399 
61 414 
61 463 
62 73 
62 97 
62 99 
62 104 
62 472 
63 83 
63 218 
63 249 
63 285 
64 77 
64 110 
64 112 
64 127 
64 131 
64 285 
64 335 
64 477 
65 69 
65 100 
65 105 
65 177 
65 209 
65 236 
65 264 
65 279 
65 379 
65 431 
66 72 
66 155 
66 164 
66 191 
66 348 
66 375 
66 400 
67 81 
67 110 
67 118 
67 174 
67 182 
67 219 
67 226 
67 270 
67 337 
67 365 
67 411 
67 481 
67 498 
68 106 
68 108 
68 182 
68 192 
68 203 
68 420 
69 209 
69 499 
70 161 
70 188 
70 370 
71 81 
71 96 
71 113 
71 183 
71 246 
71 248 
71 315 
71 327 
71 384 
72 246 
72 276 
73 246 
73 389 
74 109 
74 121 
74 169 
74 229 
74 252 
74 362 
74 483 
74 487 
75 101 
75 186 
75 198 
75 363 
76 83 
76 175 
76 251 
76 320 
77 107 
77 212 
77 259 
77 422 
78 88 
78 219 
78 278 
78 291 
78 377 
78 462 
78 465 
79 153 
80 108 
80 144 
80 147 
80 169 
80 310 
80 396 
80 404 
80 420 
80 437 
80 497 
81 142 
81 149 
81 256 
81 468 
82 91 
82 138 
82 301 
82 347 
82 353 
82 466 
83 151 
83 480 
84 216 
84 326 
85 119 
85 139 
85 175 
85 223 
85 286 
86 102 
86 111 
86 139 
86 171 
86 222 
86 265 
86 371 
86 453 
86 492 
87 148 
87 179 
87 203 
87 317 
87 338 
87 340 
87 366 
87 384 
87 491 
87 492 
88 98 
88 226 
88 235 
88 459 
89 132 
89 152 
89 191 
89 201 
89 249 
89 316 
89 364 
90 154 
90 172 
90 220 
90 323 
90 440 
90 458 
91 134 
91 212 
91 224 
92 118 
92 201 
92 496 
93 367 
94 147 
95 98 
95 133 
95 157 
95 261 
95 281 
95 307 
95 336 
95 344 
95 360 
95 401 
96 170 
96 172 
96 341 
96 473 
97 112 
97 169 
97 177 
97 229 
97 253 
97 348 
97 388 
97 432 
98 103 
98 190 
99 124 
99 151 
99 166 
99 216 
99 237 
99 272 
99 354 
99 462 
100 104 
100 115 
100 141 
100 181 
100 250 
100 268 
100 274 
100 287 
100 319 
100 407 
100 408 
101 160 
101 247 
101 287 
101 295 
103 227 
103 235 
103 465 
104 118 
104 173 
104 314 
105 162 
105 275 
106 199 
106 204 
106 458 
107 120 
107 206 
107 215 
107 259 
107 365 
107 380 
107 443 
107 493 
108 146 
108 174 
108 201 
108 290 
109 120 
109 263 
109 383 
110 115 
110 130 
110 151 
110 184 
110 307 
110 312 
110 319 
110 322 
110 370 
110 398 
110 399 
110 411 
111 217 
111 320 
111 421 
111 463 
111 478 
112 156 
112 166 
112 200 
112 223 
112 226 
112 245 
112 257 
112 276 
112 335 
112 397 
112 431 
113 183 
113 240 
114 135 
114 362 
115 176 
115 194 
115 285 
115 394 
115 395 
115 427 
116 136 
116 138 
116 158 
116 235 
116 271 
116 412 
116 461 
117 137 
117 167 
117 234 
117 286 
117 343 
117 350 
117 354 
117 389 
117 413 
117 447 
117 467 
118 335 
118 368 
119 123 
119 137 
119 158 
119 185 
119 188 
119 201 
119 211 
119 232 
119 254 
119 297 
119 333 
119 393 
119 419 
119 432 
119 445 
119 469 
119 486 
119 494 
120 122 
120 133 
120 308 
120 372 
120 375 
121 141 
121 233 
121 303 
121 371 
121 461 
121 490 
122 161 
122 329 
123 150 
123 237 
123 430 
123 455 
124 368 
124 423 
124 474 
124 488 
124 495 
125 224 
125 232 
125 326 
125 382 
126 388 
126 398 
126 489 
127 140 
127 176 
127 209 
127 237 
127 240 
127 264 
127 266 
127 415 
127 442 
128 170 
128 292 
128 452 
130 147 
130 149 
130 192 
130 294 
130 315 
130 346 
130 437 
131 260 
131 407 
131 422 
131 497 
132 472 
133 251 
134 167 
134 289 
134 441 
135 154 
135 429 
136 139 
136 159 
136 166 
136 205 
136 218 
136 283 
136 494 
137 152 
137 380 
138 160 
138 162 
138 235 
138 283 
138 323 
138 362 
138 468 
139 203 
139 354 
139 376 
139 422 
140 174 
140 194 
142 227 
142 455 
143 260 
143 329 
143 345 
144 149 
144 197 
144 211 
144 248 
144 366 
145 159 
145 306 
145 313 
145 316 
145 383 
145 434 
145 468 
146 316 
147 167 
147 207 
147 271 
147 406 
148 186 
148 202 
148 233 
148 238 
148 256 
148 296 
148 308 
148 353 
149 164 
149 192 
149 221 
149 260 
149 436 
149 460 
149 463 
150 227 
150 396 
150 466 
151 185 
151 295 
151 350 
152 190 
152 229 
152 300 
152 317 
152 334 
152 396 
152 462 
153 190 
153 191 
153 204 
153 208 
153 216 
153 280 
153 312 
153 330 
153 331 
153 367 
153 429 
153 476 
153 479 
155 275 
155 307 
155 360 
155 438 
156 161 
156 263 
156 350 
156 355 
156 374 
157 163 
157 196 
157 245 
157 431 
157 479 
158 342 
159 165 
159 188 
159 213 
159 264 
159 275 
159 306 
159 369 
159 454 
159 471 
159 485 
160 314 
160 403 
161 173 
161 195 
161 293 
161 402 
162 263 
163 251 
163 440 
163 498 
164 206 
165 382 
165 433 
166 204 
166 234 
166 248 
166 332 
166 348 
166 352 
166 358 
166 371 
166 404 
167 234 
168 189 
168 190 
168 230 
168 268 
168 293 
168 318 
168 325 
168 331 
168 400 
168 450 
169 181 
169 358 
169 377 
169 393 
169 433 
171 191 
171 422 
172 241 
172 297 
172 387 
172 477 
173 213 
173 232 
174 345 
174 375 
175 176 
175 236 
175 386 
176 450 
176 491 
177 187 
177 210 
177 255 
177 456 
177 494 
178 228 
178 248 
178 445 
179 335 
181 217 
181 351 
182 338 
183 417 
184 207 
184 280 
184 327 
184 359 
186 210 
187 208 
187 229 
187 355 
188 410 
188 419 
189 346 
189 436 
190 410 
190 418 
191 197 
191 315 
191 425 
192 223 
192 269 
192 270 
192 303 
192 347 
193 480 
194 276 
194 312 
194 338 
194 392 
194 464 
195 389 
196 338 
196 376 
197 369 
198 214 
198 411 
198 441 
199 397 
200 397 
200 400 
201 301 
201 363 
201 374 
202 289 
202 316 
202 346 
202 478 
203 215 
203 295 
203 304 
203 348 
203 381 
203 418 
204 214 
204 356 
205 262 
205 289 
205 339 
205 363 
206 353 
207 287 
207 443 
207 449 
208 298 
208 330 
208 352 
208 388 
209 244 
209 254 
209 258 
209 377 
210 304 
211 351 
212 228 
212 408 
214 274 
214 365 
214 495 
215 393 
216 474 
217 446 
218 253 
218 301 
218 355 
218 364 
219 478 
220 328 
221 406 
222 273 
222 347 
223 242 
223 463 
225 308 
229 255 
229 457 
229 490 
230 475 
231 473 
233 344 
233 472 
234 255 
234 273 
234 280 
234 420 
234 447 
235 355 
235 404 
236 416 
237 254 
238 357 
238 380 
239 415 
239 481 
240 326 
241 490 
244 326 
247 313 
248 287 
248 299 
248 339 
248 343 
249 295 
249 299 
249 318 
250 309 
251 329 
251 360 
251 465 
252 331 
253 302 
253 331 
254 262 
254 265 
254 272 
254 325 
255 302 
255 496 
256 396 
256 470 
257 430 
258 299 
259 437 
260 390 
260 457 
260 459 
260 482 
261 356 
261 378 
262 416 
263 410 
264 383 
264 455 
268 428 
268 484 
269 455 
273 416 
273 421 
275 487 
276 281 
277 446 
278 304 
278 479 
281 286 
281 446 
281 490 
282 340 
282 342 
282 394 
282 425 
282 456 
283 303 
283 309 
283 352 
284 470 
285 330 
285 406 
285 443 
285 495 
286 464 
287 311 
287 366 
288 387 
288 485 
292 417 
292 444 
295 343 
295 389 
295 459 
298 321 
298 377 
299 375 
301 419 
301 432 
301 487 
302 384 
303 492 
304 390 
304 418 
304 493 
305 359 
307 370 
307 391 
307 425 
307 486 
308 330 
308 340 
312 353 
312 402 
312 436 
312 439 
312 495 
313 341 
314 402 
316 435 
318 489 
318 497 
319 364 
321 336 
321 431 
323 442 
327 367 
333 390 
335 447 
335 466 
336 381 
336 450 
337 467 
340 403 
340 445 
341 413 
344 386 
345 459 
346 373 
352 385 
352 429 
352 437 
352 468 
352 479 
354 415 
354 448 
355 464 
356 407 
357 373 
357 492 
358 425 
359 491 
361 421 
363 403 
364 385 
365 395 
367 443 
368 409 
368 426 
368 449 
373 409 
376 445 
377 444 
380 460 
383 399 
386 484 
387 411 
387 469 
388 439 
388 444 
390 452 
393 464 
393 499 
394 456 
394 496 
397 486 
400 473 
403 424 
405 434 
407 410 
408 465 
412 448 
422 466 
423 458 
424 480 
427 450 
427 470 
430 433 
430 482 
432 461 
436 442 
439 476 
445 471 
445 493 
451 475 
451 485 
455 481 
475 476 
478 483 
