false
false
500
1988
0 1 
0 3 
0 4 
0 5 
0 6 
0 8 
0 9 
0 23 
0 24 
0 38 
0 62 
0 73 
0 108 
0 147 
0 252 
0 309 
0 314 
0 351 
0 385 
0 438 
0 450 
1 2 
1 4 
1 5 
1 8 
1 9 
1 12 
1 30 
1 35 
1 36 
1 37 
1 40 
1 42 
1 43 
1 46 
1 56 
1 65 
1 87 
1 95 
1 145 
1 152 
1 170 
1 182 
1 192 
1 195 
1 202 
1 224 
1 246 
1 251 
1 308 
1 367 
1 371 
1 382 
1 383 
1 390 
1 410 
1 420 
1 429 
1 432 
1 488 
2 3 
2 4 
2 5 
2 7 
2 10 
2 13 
2 16 
2 39 
2 78 
2 94 
2 97 
2 133 
2 150 
2 151 
2 175 
2 198 
2 201 
2 207 
2 217 
2 259 
2 273 
2 278 
2 304 
2 336 
2 400 
2 416 
2 427 
2 429 
3 4 
3 5 
3 6 
3 7 
3 8 
3 11 
3 14 
3 15 
3 16 
3 22 
3 29 
3 33 
3 34 
3 36 
3 38 
3 39 
3 40 
3 43 
3 51 
3 58 
3 60 
3 66 
3 67 
3 69 
3 84 
3 93 
3 95 
3 99 
3 104 
3 110 
3 136 
3 160 
3 201 
3 209 
3 213 
3 230 
3 254 
3 266 
3 272 
3 273 
3 277 
3 281 
3 309 
3 335 
3 336 
3 338 
3 342 
3 357 
3 367 
3 369 
3 439 
3 466 
3 473 
4 6 
4 7 
4 10 
4 11 
4 13 
4 15 
4 16 
4 21 
4 27 
4 29 
4 42 
4 44 
4 45 
4 46 
4 48 
4 51 
4 53 
4 61 
4 74 
4 79 
4 86 
4 89 
4 90 
4 131 
4 132 
4 144 
4 177 
4 209 
4 241 
4 274 
4 283 
4 291 
4 353 
4 364 
4 371 
4 384 
4 395 
4 407 
4 417 
4 426 
4 443 
4 468 
4 471 
4 498 
4 499 
5 6 
5 9 
5 12 
5 18 
5 19 
5 21 
5 29 
5 35 
5 37 
5 49 
5 51 
5 53 
5 73 
5 81 
5 82 
5 83 
5 84 
5 88 
5 89 
5 97 
5 99 
5 104 
5 107 
5 109 
5 124 
5 130 
5 150 
5 168 
5 173 
5 204 
5 214 
5 224 
5 231 
5 250 
5 251 
5 255 
5 256 
5 263 
5 285 
5 286 
5 295 
5 296 
5 306 
5 314 
5 338 
5 404 
5 416 
5 464 
5 496 
5 497 
6 7 
6 8 
6 10 
6 13 
6 15 
6 17 
6 21 
6 22 
6 26 
6 31 
6 34 
6 60 
6 63 
6 78 
6 80 
6 84 
6 91 
6 98 
6 101 
6 110 
6 119 
6 128 
6 137 
6 153 
6 162 
6 164 
6 172 
6 189 
6 198 
6 200 
6 205 
6 224 
6 227 
6 239 
6 243 
6 247 
6 258 
6 259 
6 272 
6 288 
6 296 
6 308 
6 310 
6 313 
6 326 
6 355 
6 357 
6 379 
6 404 
6 422 
6 425 
6 432 
6 459 
6 489 
7 9 
7 14 
7 15 
7 19 
7 20 
7 21 
7 26 
7 27 
7 28 
7 30 
7 31 
7 47 
7 55 
7 57 
7 68 
7 80 
7 91 
7 92 
7 95 
7 102 
7 115 
7 120 
7 135 
7 136 
7 144 
7 164 
7 173 
7 181 
7 184 
7 248 
7 313 
7 375 
7 380 
7 392 
7 406 
7 414 
7 434 
7 441 
7 455 
7 459 
8 10 
8 11 
8 12 
8 25 
8 30 
8 36 
8 47 
8 49 
8 55 
8 59 
8 70 
8 71 
8 76 
8 95 
8 99 
8 114 
8 124 
8 131 
8 134 
8 136 
8 142 
8 151 
8 156 
8 163 
8 178 
8 194 
8 196 
8 203 
8 209 
8 244 
8 245 
8 282 
8 311 
8 323 
8 354 
8 359 
8 380 
8 393 
8 414 
8 445 
8 459 
8 482 
8 486 
8 489 
9 14 
9 18 
9 24 
9 25 
9 29 
9 35 
9 40 
9 65 
9 72 
9 80 
9 82 
9 86 
9 96 
9 100 
9 102 
9 108 
9 119 
9 121 
9 126 
9 136 
9 138 
9 141 
9 147 
9 149 
9 150 
9 156 
9 165 
9 169 
9 177 
9 183 
9 189 
9 192 
9 205 
9 215 
9 237 
9 267 
9 270 
9 272 
9 300 
9 304 
9 310 
9 318 
9 396 
9 403 
9 423 
9 437 
9 451 
9 465 
9 476 
9 481 
9 487 
10 11 
10 12 
10 13 
10 19 
10 22 
10 24 
10 26 
10 27 
10 33 
10 38 
10 49 
10 50 
10 56 
10 57 
10 65 
10 71 
10 76 
10 96 
10 107 
10 131 
10 135 
10 141 
10 144 
10 149 
10 158 
10 162 
10 174 
10 179 
10 182 
10 186 
10 206 
10 221 
10 229 
10 231 
10 242 
10 245 
10 262 
10 267 
10 270 
10 290 
10 294 
10 325 
10 335 
10 348 
10 363 
10 381 
10 398 
10 404 
10 415 
10 446 
10 470 
10 484 
10 486 
11 18 
11 19 
11 26 
11 28 
11 30 
11 31 
11 34 
11 38 
11 43 
11 53 
11 54 
11 59 
11 63 
11 67 
11 75 
11 88 
11 93 
11 98 
11 114 
11 123 
11 153 
11 176 
11 182 
11 188 
11 203 
11 214 
11 215 
11 235 
11 242 
11 248 
11 255 
11 271 
11 275 
11 276 
11 278 
11 289 
11 290 
11 296 
11 298 
11 303 
11 366 
11 391 
11 401 
11 409 
11 430 
11 436 
11 447 
11 458 
11 481 
12 14 
12 16 
12 23 
12 32 
12 44 
12 64 
12 70 
12 72 
12 77 
12 86 
12 93 
12 100 
12 101 
12 105 
12 107 
12 113 
12 116 
12 127 
12 155 
12 174 
12 175 
12 197 
12 225 
12 226 
12 297 
12 301 
12 307 
12 315 
12 330 
12 339 
12 354 
12 394 
12 402 
12 405 
12 412 
12 430 
12 463 
13 17 
13 23 
13 34 
13 52 
13 132 
13 153 
13 161 
13 171 
13 196 
13 232 
13 239 
13 305 
13 312 
14 17 
14 18 
14 20 
14 24 
14 37 
14 39 
14 40 
14 42 
14 44 
14 51 
14 54 
14 69 
14 75 
14 78 
14 79 
14 87 
14 93 
14 117 
14 128 
14 172 
14 179 
14 188 
14 203 
14 218 
14 225 
14 244 
14 266 
14 277 
14 281 
14 284 
14 289 
14 297 
14 299 
14 308 
14 313 
14 326 
14 335 
14 338 
14 371 
14 391 
14 424 
14 433 
14 445 
14 456 
14 457 
14 468 
15 20 
15 22 
15 32 
15 66 
15 77 
15 85 
15 135 
15 243 
15 284 
15 319 
15 353 
15 400 
15 424 
15 457 
15 496 
16 17 
16 60 
16 98 
16 111 
16 117 
16 135 
16 154 
16 161 
16 213 
16 238 
16 240 
16 251 
16 257 
16 264 
16 275 
16 343 
16 350 
16 383 
16 467 
16 472 
16 482 
17 25 
17 67 
17 149 
17 316 
17 336 
17 421 
17 424 
17 434 
18 23 
18 25 
18 50 
18 75 
18 76 
18 78 
18 103 
18 117 
18 132 
18 140 
18 169 
18 197 
18 345 
18 364 
18 377 
18 389 
18 392 
18 401 
18 434 
19 20 
19 28 
19 33 
19 46 
19 47 
19 63 
19 64 
19 89 
19 103 
19 127 
19 162 
19 215 
19 227 
19 249 
19 286 
19 324 
19 362 
19 399 
19 409 
19 460 
19 463 
19 464 
20 27 
20 28 
20 42 
20 47 
20 48 
20 52 
20 55 
20 65 
20 77 
20 82 
20 85 
20 90 
20 110 
20 111 
20 123 
20 179 
20 200 
20 232 
20 234 
20 254 
20 263 
20 276 
20 319 
20 375 
20 408 
20 487 
21 33 
21 53 
21 54 
21 71 
21 73 
21 128 
21 185 
21 240 
21 252 
21 407 
22 116 
22 170 
22 256 
22 257 
22 282 
23 32 
23 43 
23 115 
23 210 
23 305 
23 423 
24 41 
24 49 
24 56 
24 60 
24 97 
24 109 
24 116 
24 122 
24 137 
24 184 
24 212 
24 408 
24 428 
25 45 
25 54 
25 130 
25 202 
25 236 
25 464 
26 76 
26 169 
26 218 
27 63 
27 68 
27 122 
27 134 
27 238 
27 287 
27 348 
28 32 
28 61 
28 62 
28 97 
28 138 
28 148 
28 157 
29 31 
29 41 
29 58 
29 66 
29 124 
29 165 
29 192 
29 193 
29 233 
29 243 
29 268 
29 309 
29 330 
29 347 
29 364 
29 475 
30 52 
30 74 
30 161 
30 165 
30 217 
30 252 
30 306 
30 394 
30 438 
31 102 
31 108 
31 114 
31 196 
31 451 
32 45 
32 80 
32 83 
32 113 
32 186 
32 210 
32 235 
32 282 
32 308 
32 428 
32 433 
32 478 
32 488 
33 55 
33 58 
33 62 
33 109 
33 111 
33 129 
33 154 
33 156 
33 168 
33 176 
33 191 
33 223 
33 225 
33 333 
33 387 
33 414 
33 444 
34 35 
34 39 
34 41 
34 57 
34 81 
34 87 
34 91 
34 110 
34 161 
34 167 
34 172 
34 180 
34 211 
34 249 
34 341 
34 374 
34 377 
34 458 
35 36 
35 37 
35 41 
35 48 
35 72 
35 92 
35 143 
35 151 
35 153 
35 168 
35 205 
35 231 
35 337 
35 429 
35 462 
35 495 
36 67 
36 280 
36 352 
37 84 
37 119 
37 120 
37 157 
37 165 
37 249 
37 337 
38 68 
38 88 
38 90 
38 163 
38 195 
38 222 
38 238 
38 261 
38 361 
38 413 
38 425 
39 44 
39 145 
39 253 
39 276 
39 293 
39 315 
39 332 
39 383 
39 399 
39 411 
39 417 
39 436 
39 444 
40 46 
40 50 
40 112 
40 195 
40 220 
40 342 
41 48 
41 58 
41 75 
41 350 
42 45 
42 57 
42 160 
42 228 
42 238 
42 255 
42 262 
42 265 
42 299 
43 68 
43 92 
43 134 
43 163 
43 189 
43 197 
43 286 
43 301 
43 412 
43 497 
44 50 
44 62 
44 77 
44 152 
44 162 
44 207 
44 216 
44 222 
44 223 
44 239 
44 493 
45 83 
45 132 
45 152 
45 226 
45 267 
45 286 
45 288 
45 310 
45 405 
46 61 
46 88 
46 180 
46 190 
46 208 
46 227 
46 237 
46 303 
46 413 
46 492 
47 66 
47 105 
47 106 
47 114 
47 180 
47 295 
47 297 
47 349 
47 373 
47 375 
47 392 
47 427 
48 59 
48 70 
48 74 
48 118 
48 127 
48 142 
48 145 
48 146 
48 160 
48 203 
48 216 
48 248 
48 371 
48 435 
48 495 
49 177 
49 206 
50 85 
50 100 
50 143 
50 193 
50 261 
50 279 
50 291 
50 318 
50 368 
50 452 
50 491 
50 492 
51 52 
51 56 
51 64 
51 85 
51 90 
51 94 
51 98 
51 106 
51 121 
51 123 
51 130 
51 142 
51 216 
51 219 
51 279 
51 284 
51 311 
51 312 
51 350 
51 374 
51 420 
51 497 
52 107 
52 306 
52 327 
52 328 
52 364 
52 397 
52 426 
52 470 
53 127 
53 158 
53 176 
53 320 
53 366 
53 409 
53 439 
54 59 
54 71 
54 72 
54 313 
54 357 
54 467 
55 96 
55 105 
55 112 
55 118 
55 146 
55 166 
55 189 
55 201 
55 272 
55 337 
55 434 
55 439 
55 475 
56 61 
56 118 
56 125 
56 190 
56 325 
56 474 
56 486 
57 126 
57 167 
57 169 
57 171 
57 181 
57 198 
57 316 
57 363 
58 456 
59 139 
59 183 
59 192 
59 451 
60 73 
60 82 
60 146 
60 183 
60 218 
60 325 
60 408 
60 437 
60 459 
60 475 
61 64 
61 83 
61 213 
61 405 
61 476 
62 125 
62 195 
62 198 
62 200 
62 301 
62 335 
62 370 
63 79 
63 128 
63 375 
64 268 
64 419 
65 86 
65 106 
65 118 
65 129 
65 172 
65 175 
65 243 
65 263 
65 264 
65 307 
65 331 
65 339 
65 369 
65 407 
65 426 
65 446 
66 69 
66 121 
66 130 
66 133 
66 185 
66 329 
66 485 
67 69 
67 70 
67 94 
67 101 
67 103 
67 108 
67 134 
67 222 
67 232 
67 259 
67 285 
67 305 
67 318 
67 326 
67 347 
67 360 
67 401 
67 453 
67 454 
67 473 
68 125 
68 140 
68 354 
68 483 
69 120 
69 122 
69 155 
69 271 
69 354 
69 452 
69 489 
70 74 
70 94 
70 104 
70 112 
70 166 
70 240 
70 250 
70 269 
70 365 
70 416 
71 91 
71 125 
71 166 
71 208 
71 268 
71 357 
71 403 
71 409 
71 441 
72 79 
72 87 
72 211 
72 487 
73 81 
73 115 
73 138 
73 171 
73 194 
73 302 
73 450 
74 112 
74 246 
74 282 
74 287 
74 288 
74 381 
74 484 
74 488 
75 106 
75 176 
75 194 
75 250 
75 353 
75 370 
75 402 
75 438 
75 441 
75 450 
76 111 
76 139 
76 159 
76 170 
76 222 
77 154 
77 193 
77 246 
77 292 
78 113 
78 140 
78 185 
78 270 
78 366 
78 399 
78 447 
79 159 
79 187 
80 81 
80 101 
80 133 
80 188 
80 209 
80 266 
80 325 
81 366 
81 491 
82 92 
82 484 
83 89 
83 96 
83 211 
83 212 
83 281 
83 327 
83 347 
83 396 
84 116 
84 129 
84 142 
84 348 
84 456 
84 469 
85 159 
85 311 
85 417 
86 148 
86 204 
86 206 
86 229 
86 284 
86 370 
86 447 
86 474 
86 497 
87 137 
87 158 
87 208 
87 317 
88 219 
88 252 
88 341 
88 355 
88 379 
88 448 
89 151 
89 175 
89 292 
90 131 
90 147 
90 177 
90 262 
90 283 
90 330 
90 400 
90 422 
90 440 
90 462 
91 152 
91 278 
92 105 
92 148 
92 219 
92 263 
92 433 
92 444 
92 489 
93 102 
93 144 
93 230 
93 387 
93 456 
94 303 
94 433 
95 129 
95 201 
95 469 
96 113 
96 274 
96 317 
96 329 
96 398 
96 415 
96 435 
97 117 
97 472 
98 99 
98 141 
98 145 
98 154 
98 184 
98 276 
98 304 
98 372 
98 386 
98 426 
99 100 
99 115 
99 133 
99 143 
99 159 
99 233 
99 241 
99 380 
99 485 
100 103 
100 139 
100 219 
100 220 
100 378 
100 413 
100 415 
101 109 
101 221 
101 234 
101 269 
101 419 
102 126 
102 148 
102 155 
102 344 
103 104 
103 147 
103 186 
103 241 
103 287 
103 402 
104 120 
104 156 
104 381 
105 119 
105 181 
105 205 
105 291 
105 346 
105 349 
105 462 
105 477 
106 123 
106 141 
106 287 
106 299 
106 311 
107 164 
107 191 
107 280 
107 295 
107 362 
107 396 
108 121 
108 122 
108 146 
108 314 
108 368 
109 197 
109 347 
109 468 
111 182 
111 241 
111 452 
112 171 
112 290 
112 294 
112 296 
112 454 
112 457 
113 124 
114 239 
114 319 
116 258 
116 362 
116 431 
117 167 
117 212 
117 326 
117 333 
117 419 
117 463 
118 126 
118 139 
118 294 
118 370 
118 414 
118 492 
118 493 
119 173 
119 187 
119 224 
119 228 
119 356 
119 398 
119 453 
119 498 
120 178 
120 207 
120 223 
120 228 
120 261 
120 427 
121 149 
121 210 
121 217 
121 223 
121 226 
121 248 
121 385 
123 185 
123 221 
123 229 
123 240 
123 265 
123 312 
123 322 
123 394 
123 427 
123 439 
123 467 
124 262 
124 319 
124 327 
124 358 
125 202 
125 382 
125 388 
125 447 
125 477 
126 179 
126 315 
126 330 
126 345 
126 393 
127 137 
127 163 
127 166 
127 191 
127 277 
127 328 
127 415 
128 187 
128 232 
128 234 
128 454 
129 143 
129 186 
129 220 
129 254 
129 266 
129 306 
130 140 
130 155 
130 170 
130 184 
130 188 
130 199 
130 212 
130 247 
130 328 
130 342 
130 346 
130 397 
130 420 
130 480 
130 483 
131 199 
131 445 
131 480 
131 493 
132 245 
132 254 
132 256 
132 334 
132 344 
132 461 
132 496 
133 138 
133 202 
133 204 
133 211 
133 226 
134 157 
134 178 
134 336 
134 499 
135 387 
135 389 
135 437 
136 384 
136 479 
136 492 
138 168 
138 180 
138 228 
138 253 
138 394 
140 199 
140 257 
140 285 
140 315 
140 367 
140 400 
140 410 
140 461 
140 472 
141 150 
141 293 
141 328 
142 236 
142 251 
143 191 
143 378 
144 160 
144 187 
144 295 
144 317 
144 334 
144 389 
145 395 
146 206 
146 233 
146 260 
146 289 
147 199 
147 397 
148 158 
148 164 
148 174 
148 230 
148 247 
148 271 
148 329 
148 407 
149 167 
149 194 
149 214 
149 215 
149 236 
149 277 
149 291 
149 327 
149 343 
149 344 
149 348 
149 404 
149 440 
150 302 
151 246 
151 264 
151 334 
151 421 
151 429 
151 455 
152 411 
153 181 
153 247 
153 292 
154 265 
154 363 
155 237 
155 300 
155 465 
156 157 
156 379 
156 412 
157 217 
157 365 
157 428 
158 242 
158 412 
158 479 
159 466 
159 470 
160 190 
160 261 
161 178 
162 376 
162 443 
163 301 
163 307 
163 316 
163 320 
163 337 
163 464 
163 471 
164 331 
166 359 
166 368 
166 382 
167 351 
167 418 
168 208 
168 418 
169 183 
169 258 
170 200 
170 256 
171 174 
171 207 
171 236 
172 173 
172 406 
172 443 
172 494 
173 323 
174 190 
174 255 
174 289 
174 349 
175 218 
175 430 
175 483 
176 244 
176 249 
176 386 
176 478 
178 280 
178 435 
179 227 
179 234 
179 310 
179 340 
179 496 
180 280 
181 322 
181 374 
182 229 
182 342 
182 401 
182 468 
183 210 
183 384 
184 225 
185 309 
185 333 
185 355 
185 384 
185 390 
187 334 
187 385 
187 396 
187 462 
188 235 
188 321 
188 471 
188 486 
189 376 
189 422 
190 196 
190 485 
191 244 
191 436 
192 193 
192 360 
193 204 
193 279 
193 340 
194 274 
194 323 
194 457 
194 465 
195 213 
195 461 
196 258 
196 324 
196 403 
196 491 
197 268 
197 318 
198 372 
199 355 
199 379 
199 381 
199 397 
200 250 
200 373 
201 214 
201 260 
201 269 
202 253 
202 359 
202 443 
203 275 
203 303 
203 461 
204 283 
204 432 
206 358 
208 220 
208 231 
208 469 
209 275 
209 440 
209 490 
210 237 
210 273 
210 340 
210 360 
210 395 
210 449 
211 216 
211 253 
212 329 
213 322 
214 365 
215 332 
215 350 
215 376 
215 393 
215 423 
215 495 
216 230 
216 245 
216 403 
217 267 
217 360 
217 460 
218 221 
218 259 
218 265 
218 324 
218 421 
219 302 
219 358 
220 242 
220 490 
221 270 
221 362 
221 363 
221 483 
222 351 
223 233 
223 257 
223 338 
223 393 
223 428 
223 488 
224 299 
224 304 
224 349 
224 365 
224 390 
225 235 
225 339 
225 491 
226 339 
227 278 
228 300 
228 444 
229 324 
230 298 
231 292 
231 474 
232 343 
232 408 
234 484 
235 418 
235 419 
237 410 
238 269 
239 321 
240 260 
240 279 
240 281 
240 361 
241 273 
241 320 
241 380 
242 431 
242 487 
243 377 
244 382 
246 305 
246 499 
247 300 
247 387 
247 481 
249 264 
249 340 
249 498 
250 437 
252 260 
252 271 
252 344 
252 385 
254 494 
257 274 
257 288 
257 302 
258 481 
260 356 
260 455 
262 293 
262 312 
262 485 
264 298 
264 332 
265 307 
265 441 
266 333 
267 465 
268 352 
268 356 
268 452 
268 478 
268 479 
269 466 
270 353 
270 389 
272 294 
273 317 
274 283 
274 359 
276 285 
276 293 
276 445 
276 448 
278 290 
278 297 
278 378 
278 499 
281 320 
281 321 
282 331 
283 418 
284 332 
284 388 
285 361 
285 422 
285 430 
285 442 
285 480 
286 367 
286 390 
287 421 
287 475 
288 372 
288 469 
289 391 
290 368 
291 395 
292 341 
292 438 
293 321 
295 442 
296 298 
296 399 
297 345 
297 431 
297 472 
299 346 
299 405 
299 477 
300 369 
300 402 
300 477 
301 341 
301 413 
302 346 
302 474 
303 392 
303 436 
304 374 
304 449 
307 314 
307 388 
307 440 
309 369 
311 377 
312 352 
313 316 
313 352 
317 331 
317 424 
319 322 
320 351 
322 323 
322 463 
322 490 
326 356 
329 494 
330 345 
334 358 
334 391 
334 446 
334 467 
336 361 
337 435 
337 449 
341 343 
341 493 
344 383 
344 448 
344 453 
344 490 
345 386 
347 451 
352 458 
353 386 
354 406 
355 411 
355 498 
358 411 
358 420 
359 378 
360 373 
360 376 
363 398 
363 410 
365 446 
366 471 
367 431 
368 373 
370 372 
374 473 
374 478 
376 388 
376 417 
376 479 
377 425 
377 432 
378 416 
378 473 
382 423 
383 442 
388 425 
390 450 
391 406 
394 442 
394 470 
395 448 
400 476 
403 480 
405 460 
411 454 
413 482 
419 494 
423 460 
424 453 
424 466 
424 476 
435 455 
438 458 
440 449 
443 482 
465 495 
