false
false
500
1988
0 1 
0 3 
0 4 
0 5 
0 13 
0 15 
0 17 
0 18 
0 21 
0 23 
0 24 
0 30 
0 32 
0 36 
0 51 
0 59 
0 61 
0 69 
0 72 
0 88 
0 93 
0 103 
0 105 
0 127 
0 130 
0 131 
0 138 
0 143 
0 195 
0 207 
0 271 
0 274 
0 275 
0 300 
0 351 
0 365 
0 368 
0 408 
0 420 
0 455 
0 458 
0 478 
1 2 
1 4 
1 5 
1 6 
1 8 
1 10 
1 12 
1 19 
1 24 
1 28 
1 29 
1 32 
1 48 
1 53 
1 54 
1 56 
1 58 
1 89 
1 92 
1 93 
1 96 
1 100 
1 121 
1 138 
1 139 
1 143 
1 145 
1 148 
1 152 
1 161 
1 170 
1 178 
1 181 
1 190 
1 191 
1 196 
1 203 
1 207 
1 210 
1 221 
1 224 
1 246 
1 268 
1 292 
1 300 
1 317 
1 318 
1 343 
1 344 
1 364 
1 424 
1 451 
1 454 
1 461 
1 474 
1 479 
1 492 
2 3 
2 4 
2 5 
2 6 
2 7 
2 9 
2 10 
2 11 
2 12 
2 13 
2 15 
2 17 
2 19 
2 27 
2 30 
2 33 
2 40 
2 42 
2 62 
2 72 
2 73 
2 83 
2 88 
2 97 
2 98 
2 104 
2 106 
2 130 
2 150 
2 155 
2 159 
2 174 
2 193 
2 241 
2 245 
2 249 
2 255 
2 258 
2 290 
2 306 
2 308 
2 351 
2 402 
2 417 
2 436 
2 448 
2 456 
2 484 
2 486 
3 4 
3 5 
3 6 
3 7 
3 9 
3 10 
3 14 
3 16 
3 18 
3 19 
3 20 
3 26 
3 66 
3 84 
3 100 
3 105 
3 120 
3 148 
3 204 
3 205 
3 227 
3 228 
3 247 
3 285 
3 309 
3 317 
3 375 
3 411 
3 481 
4 6 
4 8 
4 12 
4 17 
4 18 
4 19 
4 20 
4 22 
4 24 
4 29 
4 35 
4 39 
4 50 
4 54 
4 56 
4 63 
4 67 
4 68 
4 70 
4 79 
4 80 
4 82 
4 92 
4 105 
4 110 
4 115 
4 117 
4 122 
4 132 
4 149 
4 153 
4 156 
4 172 
4 179 
4 204 
4 230 
4 231 
4 241 
4 250 
4 251 
4 265 
4 268 
4 277 
4 284 
4 287 
4 307 
4 314 
4 339 
4 381 
4 399 
4 421 
4 428 
4 458 
4 469 
4 475 
5 7 
5 8 
5 9 
5 11 
5 14 
5 21 
5 22 
5 23 
5 25 
5 26 
5 27 
5 30 
5 32 
5 39 
5 58 
5 67 
5 71 
5 93 
5 101 
5 113 
5 129 
5 140 
5 141 
5 147 
5 151 
5 153 
5 181 
5 192 
5 197 
5 199 
5 226 
5 229 
5 234 
5 235 
5 248 
5 340 
5 353 
5 382 
5 385 
5 394 
5 423 
5 460 
6 7 
6 10 
6 16 
6 22 
6 30 
6 31 
6 33 
6 34 
6 36 
6 68 
6 69 
6 88 
6 123 
6 143 
6 211 
6 215 
6 228 
6 229 
6 249 
6 263 
6 272 
6 302 
6 345 
6 358 
6 366 
6 372 
6 419 
6 453 
6 469 
6 473 
6 491 
7 8 
7 12 
7 13 
7 14 
7 17 
7 20 
7 23 
7 25 
7 27 
7 28 
7 40 
7 41 
7 45 
7 46 
7 49 
7 50 
7 57 
7 94 
7 99 
7 110 
7 116 
7 122 
7 130 
7 142 
7 146 
7 154 
7 155 
7 159 
7 169 
7 174 
7 187 
7 190 
7 212 
7 222 
7 229 
7 243 
7 254 
7 272 
7 275 
7 306 
7 315 
7 316 
7 323 
7 326 
7 365 
7 391 
7 432 
7 485 
8 9 
8 14 
8 16 
8 24 
8 25 
8 26 
8 34 
8 36 
8 38 
8 41 
8 58 
8 59 
8 60 
8 72 
8 74 
8 76 
8 79 
8 86 
8 103 
8 121 
8 140 
8 160 
8 178 
8 200 
8 210 
8 232 
8 238 
8 250 
8 251 
8 252 
8 255 
8 266 
8 301 
8 308 
8 312 
8 338 
8 343 
8 347 
8 351 
8 373 
8 379 
8 395 
8 414 
8 429 
8 438 
8 444 
8 452 
8 464 
8 466 
8 472 
8 496 
8 497 
9 11 
9 15 
9 18 
9 43 
9 48 
9 80 
9 81 
9 85 
9 95 
9 126 
9 136 
9 141 
9 146 
9 185 
9 209 
9 211 
9 291 
9 319 
9 322 
9 342 
9 375 
9 398 
9 399 
9 433 
10 11 
10 13 
10 15 
10 16 
10 26 
10 33 
10 38 
10 39 
10 61 
10 68 
10 73 
10 89 
10 104 
10 126 
10 128 
10 130 
10 152 
10 153 
10 179 
10 194 
10 244 
10 252 
10 262 
10 283 
10 286 
10 288 
10 309 
10 341 
10 435 
10 477 
11 41 
11 43 
11 46 
11 57 
11 60 
11 61 
11 81 
11 105 
11 201 
11 231 
11 237 
11 257 
11 262 
11 271 
11 281 
11 287 
11 307 
11 355 
11 401 
11 499 
12 48 
12 53 
12 94 
12 120 
12 165 
12 175 
12 217 
12 218 
12 223 
12 238 
12 253 
12 319 
12 324 
12 338 
12 424 
12 466 
12 470 
12 488 
13 21 
13 49 
13 97 
13 111 
13 133 
13 142 
13 169 
13 185 
13 285 
13 479 
14 21 
14 27 
14 63 
14 65 
14 80 
14 89 
14 119 
14 124 
14 133 
14 135 
14 173 
14 226 
14 265 
14 267 
14 274 
14 300 
14 325 
14 347 
14 357 
14 363 
14 387 
14 416 
14 461 
14 488 
14 494 
15 344 
16 20 
16 22 
16 29 
16 31 
16 34 
16 45 
16 52 
16 53 
16 55 
16 57 
16 76 
16 83 
16 104 
16 115 
16 127 
16 132 
16 146 
16 155 
16 171 
16 173 
16 174 
16 177 
16 182 
16 189 
16 230 
16 243 
16 255 
16 346 
16 395 
16 416 
16 429 
16 475 
17 34 
17 60 
17 79 
17 174 
17 416 
17 448 
18 37 
18 45 
18 132 
18 293 
18 303 
19 44 
19 45 
19 64 
19 70 
19 91 
19 118 
19 119 
19 135 
19 169 
19 198 
19 256 
19 258 
19 260 
19 268 
19 274 
19 280 
19 287 
19 353 
19 362 
19 380 
19 381 
19 448 
20 28 
20 37 
20 40 
20 47 
20 52 
20 65 
20 67 
20 95 
20 128 
20 136 
20 143 
20 158 
20 165 
20 178 
20 183 
20 219 
20 232 
20 278 
20 299 
20 312 
20 400 
21 23 
21 25 
21 28 
21 32 
21 33 
21 47 
21 53 
21 69 
21 71 
21 84 
21 86 
21 92 
21 101 
21 137 
21 198 
21 215 
21 281 
21 287 
21 313 
21 336 
21 366 
21 372 
21 409 
21 498 
22 71 
22 108 
22 122 
22 137 
22 140 
22 161 
22 191 
22 271 
22 450 
23 31 
23 42 
23 54 
23 55 
23 65 
23 81 
23 99 
23 100 
23 114 
23 122 
23 129 
23 136 
23 150 
23 151 
23 178 
23 181 
23 187 
23 219 
23 225 
23 233 
23 244 
23 257 
23 259 
23 262 
23 277 
23 278 
23 299 
23 301 
23 375 
23 383 
23 395 
23 413 
23 419 
23 455 
23 466 
23 471 
24 47 
24 48 
24 64 
24 85 
24 87 
24 120 
24 176 
24 183 
24 196 
24 206 
24 210 
24 241 
24 275 
24 331 
24 387 
24 448 
25 31 
25 35 
25 40 
25 46 
25 68 
25 125 
25 137 
25 164 
25 167 
25 176 
25 211 
25 227 
25 230 
25 291 
25 321 
25 446 
26 29 
26 35 
26 36 
26 42 
26 52 
26 62 
26 88 
26 91 
26 96 
26 116 
26 138 
26 188 
26 236 
26 252 
26 275 
26 281 
26 319 
26 321 
26 363 
26 378 
26 385 
26 403 
26 495 
26 498 
27 60 
27 63 
27 101 
27 160 
27 171 
27 201 
27 224 
27 295 
27 411 
27 495 
28 52 
28 142 
28 153 
28 363 
28 445 
29 64 
29 97 
29 111 
29 121 
29 134 
29 140 
29 150 
29 156 
29 185 
29 216 
29 292 
29 339 
29 350 
29 445 
29 493 
30 37 
30 50 
30 51 
30 66 
30 89 
30 102 
30 123 
30 139 
30 149 
30 170 
30 195 
30 197 
30 204 
30 273 
30 289 
30 308 
30 317 
30 362 
30 402 
30 434 
30 468 
30 489 
31 35 
31 38 
31 39 
31 49 
31 55 
31 91 
31 104 
31 125 
31 148 
31 183 
31 194 
31 273 
31 344 
31 387 
31 390 
31 418 
31 482 
32 43 
32 51 
32 67 
32 93 
32 107 
32 164 
32 261 
32 272 
32 279 
32 283 
32 298 
32 319 
32 434 
32 484 
33 87 
33 98 
33 109 
33 129 
33 209 
33 225 
33 309 
33 318 
33 331 
33 345 
33 350 
33 462 
34 42 
34 44 
34 65 
34 74 
34 94 
34 98 
34 102 
34 112 
34 142 
34 157 
34 242 
34 254 
34 286 
34 313 
34 324 
34 334 
34 340 
34 350 
34 360 
35 38 
35 207 
35 234 
35 257 
35 303 
35 305 
35 360 
35 427 
36 37 
36 44 
36 51 
36 76 
36 82 
36 96 
36 114 
36 118 
36 168 
36 200 
36 331 
36 380 
36 424 
36 434 
36 497 
37 41 
37 44 
37 86 
37 98 
37 124 
37 131 
37 295 
37 298 
37 323 
37 338 
37 437 
37 466 
38 43 
38 63 
38 75 
38 280 
38 312 
38 371 
38 396 
38 439 
38 440 
39 47 
39 49 
39 56 
39 58 
39 69 
39 106 
39 115 
39 137 
39 157 
39 179 
39 233 
39 240 
39 270 
39 301 
39 303 
39 304 
39 341 
39 377 
39 392 
40 56 
40 78 
40 180 
40 246 
40 261 
40 277 
40 360 
40 412 
40 431 
40 468 
41 59 
41 109 
41 219 
41 325 
42 46 
42 154 
42 198 
43 57 
43 71 
43 73 
43 90 
43 108 
43 131 
43 204 
43 245 
43 247 
43 300 
43 310 
43 370 
43 374 
43 493 
44 61 
44 100 
44 114 
44 170 
44 188 
44 247 
44 349 
44 374 
44 472 
45 75 
45 99 
45 394 
45 440 
46 50 
46 77 
46 92 
46 159 
46 206 
46 233 
46 256 
46 367 
46 376 
46 407 
46 432 
47 90 
47 161 
47 166 
47 203 
47 286 
47 348 
47 370 
47 393 
47 415 
47 423 
47 446 
47 454 
47 456 
48 55 
48 73 
48 91 
48 166 
48 245 
48 282 
48 314 
48 480 
48 481 
49 192 
49 311 
50 54 
50 74 
50 155 
50 186 
50 214 
50 285 
50 322 
51 62 
51 97 
51 273 
51 328 
51 337 
51 364 
51 383 
51 388 
51 391 
51 402 
51 409 
51 433 
51 446 
51 482 
52 66 
52 77 
52 87 
52 117 
52 135 
52 151 
52 162 
52 175 
52 199 
52 218 
52 280 
52 457 
53 77 
53 84 
53 95 
53 111 
53 119 
53 145 
53 220 
53 222 
53 240 
53 241 
53 394 
54 80 
54 134 
54 139 
54 166 
54 176 
54 212 
54 214 
54 218 
54 269 
54 330 
54 371 
54 425 
54 430 
54 494 
55 59 
55 112 
55 187 
55 234 
55 235 
56 66 
56 77 
56 109 
56 216 
57 64 
57 83 
57 147 
57 167 
57 180 
57 395 
57 477 
58 75 
58 87 
58 107 
58 118 
58 148 
58 168 
58 185 
58 250 
58 253 
58 266 
58 322 
58 339 
58 357 
58 364 
58 369 
58 426 
58 443 
58 449 
58 490 
59 62 
59 85 
59 117 
59 162 
59 172 
59 263 
59 473 
59 486 
60 70 
60 85 
60 127 
60 171 
60 203 
60 208 
60 216 
60 220 
60 290 
60 417 
60 434 
61 291 
61 445 
62 70 
62 74 
62 90 
62 141 
62 144 
62 202 
62 273 
62 336 
62 383 
63 336 
63 399 
64 72 
64 82 
64 90 
64 99 
64 102 
64 108 
64 150 
64 154 
64 199 
64 251 
64 263 
64 447 
64 457 
65 110 
65 437 
66 108 
66 154 
66 223 
66 253 
66 347 
66 356 
66 370 
66 380 
66 438 
67 131 
67 133 
67 200 
67 251 
67 328 
67 459 
68 78 
68 103 
68 112 
68 176 
68 223 
68 283 
68 444 
69 81 
69 82 
69 84 
69 152 
69 305 
69 316 
69 376 
69 377 
69 403 
69 462 
70 126 
70 159 
70 302 
70 367 
70 373 
70 474 
71 75 
71 78 
71 95 
71 111 
71 118 
71 125 
71 180 
71 202 
71 316 
71 327 
71 420 
72 136 
72 198 
72 228 
72 252 
72 343 
72 452 
72 485 
73 128 
73 163 
73 190 
74 156 
74 216 
74 236 
74 314 
74 388 
75 76 
75 86 
75 141 
75 166 
75 189 
76 79 
76 96 
76 126 
76 138 
76 149 
76 172 
76 213 
76 232 
76 248 
76 337 
76 349 
76 408 
76 463 
77 78 
77 197 
77 206 
77 218 
77 269 
77 358 
77 379 
78 106 
78 116 
78 177 
78 201 
78 279 
78 408 
78 494 
79 83 
79 94 
79 147 
79 193 
79 240 
79 276 
79 348 
80 107 
80 170 
80 201 
80 202 
80 288 
80 312 
80 315 
80 387 
80 414 
80 430 
81 158 
81 336 
81 458 
82 160 
82 163 
82 175 
82 195 
82 212 
82 232 
82 311 
82 359 
82 404 
83 113 
83 116 
83 177 
83 189 
83 200 
83 217 
83 263 
83 276 
83 288 
83 327 
83 335 
83 425 
83 426 
83 438 
83 450 
83 464 
84 125 
84 392 
85 127 
85 128 
85 184 
85 192 
85 194 
85 296 
85 389 
85 397 
85 420 
85 423 
85 451 
86 146 
86 188 
86 217 
86 222 
86 227 
86 297 
86 330 
86 345 
87 103 
87 184 
87 265 
87 293 
87 304 
87 337 
88 119 
88 124 
88 162 
88 167 
88 370 
88 389 
89 134 
89 297 
89 334 
90 139 
90 193 
90 315 
90 491 
91 304 
91 355 
92 101 
92 210 
92 217 
92 239 
92 356 
93 184 
93 481 
94 107 
94 129 
94 196 
94 332 
95 109 
95 110 
95 114 
95 115 
95 124 
95 152 
95 161 
95 167 
95 168 
95 179 
95 184 
95 206 
95 226 
95 249 
95 295 
95 301 
95 357 
95 381 
95 439 
95 468 
95 488 
96 117 
96 172 
96 219 
96 271 
96 289 
96 490 
97 102 
97 221 
97 320 
97 483 
97 496 
98 246 
98 391 
100 208 
100 310 
100 318 
100 346 
100 358 
100 383 
100 414 
100 469 
101 113 
101 182 
101 189 
101 215 
101 221 
101 359 
101 430 
102 144 
102 307 
102 494 
103 106 
103 134 
103 144 
103 288 
103 293 
103 378 
103 401 
103 441 
104 269 
104 408 
104 475 
105 112 
105 147 
105 467 
106 121 
106 144 
106 208 
106 258 
106 276 
106 354 
106 455 
106 470 
107 162 
107 163 
107 177 
107 197 
107 213 
107 364 
108 328 
109 296 
109 328 
110 113 
110 123 
110 157 
110 171 
110 298 
110 305 
110 327 
110 363 
111 135 
111 183 
111 229 
111 294 
112 231 
113 205 
114 151 
114 214 
114 355 
114 472 
115 133 
115 163 
115 165 
115 182 
115 227 
115 268 
115 307 
115 330 
115 385 
115 435 
115 456 
116 132 
116 441 
117 188 
117 289 
117 322 
118 120 
118 428 
119 123 
120 264 
120 411 
121 192 
121 482 
122 343 
122 441 
123 160 
123 283 
123 398 
123 407 
123 474 
124 173 
124 366 
124 378 
125 182 
126 259 
126 265 
126 292 
126 314 
126 463 
127 352 
127 397 
127 474 
128 186 
129 244 
129 266 
129 326 
129 342 
129 345 
130 214 
130 335 
130 412 
130 440 
131 157 
131 186 
131 257 
132 285 
132 418 
133 145 
133 156 
133 164 
133 180 
133 225 
133 335 
133 463 
133 478 
133 480 
134 191 
134 282 
134 346 
134 349 
136 145 
136 211 
136 212 
136 228 
136 235 
136 244 
136 256 
136 269 
136 361 
136 422 
136 435 
136 453 
137 266 
137 289 
137 350 
137 404 
137 463 
137 481 
138 247 
138 449 
139 175 
139 248 
139 404 
139 451 
140 278 
140 483 
141 425 
141 443 
142 321 
142 483 
143 190 
144 323 
144 390 
145 158 
145 165 
145 202 
145 260 
145 389 
145 477 
145 493 
146 149 
146 394 
146 417 
146 430 
147 181 
147 233 
147 327 
148 230 
148 380 
149 248 
149 376 
149 450 
150 164 
150 169 
150 194 
150 262 
150 304 
150 355 
150 406 
152 173 
152 186 
152 207 
152 495 
153 372 
153 491 
154 158 
154 168 
155 223 
155 264 
155 310 
156 237 
156 346 
157 203 
157 299 
157 324 
157 351 
157 429 
157 499 
159 436 
160 187 
160 286 
160 382 
161 329 
162 356 
162 361 
162 467 
163 377 
164 224 
164 359 
164 401 
164 456 
164 476 
165 236 
166 215 
166 243 
166 253 
166 279 
166 374 
166 422 
166 426 
166 431 
166 444 
167 347 
167 358 
167 403 
169 205 
169 366 
169 388 
169 492 
170 193 
170 213 
170 242 
170 249 
170 306 
170 308 
170 332 
170 365 
170 367 
170 381 
170 389 
170 450 
170 471 
170 498 
171 220 
171 374 
172 460 
173 254 
173 384 
174 196 
174 294 
174 341 
174 396 
175 459 
176 205 
176 220 
176 238 
176 333 
176 392 
176 435 
177 234 
177 239 
177 270 
177 357 
178 296 
178 433 
178 452 
179 238 
179 239 
179 274 
179 306 
179 349 
179 462 
179 471 
179 476 
180 281 
180 359 
180 365 
181 436 
182 258 
182 292 
182 330 
182 334 
182 391 
183 405 
184 209 
184 243 
184 353 
184 439 
184 467 
184 487 
186 324 
186 415 
186 480 
187 199 
187 209 
187 264 
187 442 
187 443 
188 191 
188 293 
188 339 
189 237 
190 213 
190 372 
190 375 
190 409 
190 436 
191 235 
191 447 
192 195 
192 316 
192 334 
192 397 
192 484 
193 208 
193 427 
195 224 
195 260 
195 386 
195 457 
196 280 
196 326 
196 452 
197 421 
199 225 
199 267 
199 388 
199 396 
199 420 
199 439 
199 440 
200 325 
202 294 
202 311 
202 338 
203 378 
203 392 
203 393 
203 399 
203 410 
203 412 
203 468 
204 226 
204 237 
204 239 
204 250 
205 222 
205 284 
207 276 
207 325 
207 398 
207 407 
208 264 
208 332 
210 315 
210 369 
210 492 
211 242 
212 294 
212 295 
212 422 
212 490 
213 231 
213 475 
214 240 
214 267 
214 310 
215 348 
215 416 
216 317 
217 246 
217 259 
217 409 
217 453 
219 221 
219 236 
219 290 
219 368 
221 279 
221 282 
221 386 
221 413 
221 433 
222 369 
222 384 
223 446 
224 272 
225 256 
225 405 
225 464 
226 255 
226 259 
226 491 
229 476 
230 254 
230 354 
231 245 
231 270 
231 282 
231 340 
232 260 
232 344 
232 432 
232 453 
232 465 
233 284 
233 361 
234 311 
235 302 
235 320 
236 261 
236 320 
236 340 
237 403 
239 442 
240 242 
242 299 
242 320 
242 414 
242 427 
242 459 
243 296 
243 332 
243 352 
245 480 
245 499 
247 467 
250 497 
252 451 
253 261 
254 326 
255 290 
255 462 
256 267 
256 405 
256 461 
257 333 
257 342 
258 329 
259 424 
260 270 
260 297 
260 318 
260 342 
260 353 
260 421 
261 418 
261 455 
262 277 
262 298 
263 321 
265 354 
266 361 
266 382 
266 393 
267 313 
268 291 
268 333 
269 284 
270 278 
270 402 
270 415 
271 302 
271 384 
271 404 
271 428 
272 390 
272 393 
272 447 
273 412 
273 461 
274 406 
277 459 
278 385 
281 410 
281 454 
282 490 
282 496 
283 313 
283 368 
284 410 
285 309 
285 368 
285 406 
286 487 
287 373 
290 411 
291 386 
293 341 
293 386 
296 297 
296 400 
297 371 
298 303 
298 421 
298 458 
299 371 
299 492 
301 331 
303 329 
303 352 
303 356 
304 305 
304 425 
309 369 
309 400 
313 348 
313 415 
314 337 
316 486 
318 323 
318 431 
318 444 
318 445 
319 418 
320 362 
320 478 
321 400 
322 329 
322 379 
322 485 
322 486 
323 373 
324 401 
325 427 
325 465 
328 333 
328 405 
328 495 
329 479 
330 335 
330 471 
331 382 
333 437 
338 417 
338 465 
339 384 
341 377 
342 354 
342 429 
343 360 
343 367 
345 352 
345 406 
345 470 
346 469 
349 457 
351 437 
354 362 
358 476 
360 407 
364 397 
365 379 
365 419 
365 460 
366 390 
370 428 
371 473 
372 443 
374 376 
374 478 
379 438 
379 483 
380 423 
381 396 
381 489 
388 413 
388 493 
389 470 
390 419 
393 442 
395 432 
395 465 
396 398 
398 487 
400 422 
401 426 
404 498 
405 413 
408 410 
411 479 
412 431 
412 484 
415 489 
417 449 
419 460 
419 488 
422 449 
427 454 
430 442 
433 464 
435 441 
437 447 
454 485 
455 473 
457 477 
462 499 
467 482 
471 472 
472 489 
480 487 
491 496 
494 497 
