false
false
500
1988
0 1 
0 3 
0 4 
0 5 
0 6 
0 17 
0 21 
0 22 
0 36 
0 43 
0 51 
0 65 
0 83 
0 101 
0 115 
0 129 
0 137 
0 148 
0 189 
0 190 
0 193 
0 224 
0 266 
0 338 
0 353 
0 375 
0 383 
0 418 
0 469 
0 476 
0 482 
0 488 
0 489 
1 2 
1 4 
1 5 
1 6 
1 8 
1 11 
1 14 
1 21 
1 39 
1 43 
1 61 
1 69 
1 91 
1 108 
1 134 
1 149 
1 169 
1 172 
1 185 
1 188 
1 192 
1 198 
1 199 
1 205 
1 220 
1 224 
1 240 
1 255 
1 259 
1 260 
1 277 
1 304 
1 309 
1 351 
1 362 
1 365 
1 374 
1 377 
1 386 
1 398 
1 400 
1 404 
1 406 
1 479 
1 497 
2 3 
2 4 
2 5 
2 6 
2 7 
2 8 
2 9 
2 10 
2 11 
2 13 
2 21 
2 22 
2 23 
2 25 
2 26 
2 27 
2 28 
2 31 
2 34 
2 57 
2 93 
2 134 
2 148 
2 152 
2 164 
2 166 
2 167 
2 177 
2 191 
2 198 
2 201 
2 240 
2 243 
2 252 
2 261 
2 296 
2 297 
2 329 
2 360 
2 375 
2 399 
2 433 
2 440 
2 442 
2 465 
2 467 
2 472 
2 474 
2 478 
3 4 
3 6 
3 7 
3 9 
3 10 
3 11 
3 12 
3 13 
3 14 
3 16 
3 18 
3 27 
3 54 
3 66 
3 68 
3 74 
3 81 
3 87 
3 88 
3 99 
3 109 
3 121 
3 125 
3 132 
3 138 
3 139 
3 215 
3 239 
3 255 
3 285 
3 310 
3 326 
3 335 
3 344 
3 377 
3 393 
3 455 
3 457 
3 471 
3 476 
3 498 
4 5 
4 7 
4 8 
4 9 
4 10 
4 16 
4 17 
4 18 
4 19 
4 30 
4 33 
4 34 
4 35 
4 38 
4 40 
4 45 
4 52 
4 58 
4 60 
4 67 
4 77 
4 89 
4 93 
4 95 
4 116 
4 126 
4 127 
4 144 
4 146 
4 190 
4 191 
4 194 
4 203 
4 255 
4 293 
4 304 
4 308 
4 323 
4 325 
4 340 
4 386 
4 405 
4 424 
4 432 
4 443 
4 452 
5 8 
5 26 
5 82 
5 116 
5 125 
5 153 
5 211 
5 217 
5 274 
5 341 
5 382 
6 7 
6 9 
6 12 
6 13 
6 15 
6 23 
6 30 
6 34 
6 38 
6 49 
6 51 
6 56 
6 71 
6 85 
6 89 
6 92 
6 94 
6 96 
6 100 
6 123 
6 124 
6 141 
6 152 
6 161 
6 171 
6 195 
6 196 
6 216 
6 224 
6 230 
6 239 
6 256 
6 263 
6 290 
6 292 
6 380 
6 387 
6 394 
6 407 
6 410 
6 422 
7 10 
7 17 
7 54 
7 61 
7 72 
7 84 
7 136 
7 187 
7 221 
7 223 
7 227 
7 231 
7 282 
7 391 
7 413 
7 499 
8 12 
8 14 
8 15 
8 18 
8 19 
8 20 
8 22 
8 36 
8 37 
8 41 
8 46 
8 52 
8 58 
8 64 
8 65 
8 70 
8 74 
8 76 
8 85 
8 86 
8 91 
8 92 
8 100 
8 104 
8 106 
8 112 
8 120 
8 124 
8 128 
8 181 
8 184 
8 198 
8 207 
8 213 
8 246 
8 281 
8 286 
8 294 
8 297 
8 300 
8 302 
8 324 
8 327 
8 341 
8 346 
8 347 
8 359 
8 365 
8 375 
8 389 
8 393 
8 397 
8 410 
8 412 
8 420 
8 424 
8 443 
8 468 
8 476 
9 11 
9 13 
9 14 
9 25 
9 34 
9 41 
9 47 
9 57 
9 73 
9 80 
9 84 
9 93 
9 104 
9 121 
9 134 
9 147 
9 167 
9 168 
9 200 
9 211 
9 257 
9 263 
9 301 
9 390 
9 412 
9 467 
9 482 
9 483 
9 492 
10 15 
10 17 
10 20 
10 22 
10 24 
10 25 
10 32 
10 38 
10 45 
10 60 
10 62 
10 63 
10 79 
10 107 
10 108 
10 109 
10 127 
10 129 
10 151 
10 156 
10 158 
10 160 
10 178 
10 199 
10 239 
10 244 
10 271 
10 274 
10 311 
10 313 
10 342 
10 355 
10 379 
10 381 
10 389 
10 400 
10 401 
10 404 
10 413 
10 442 
10 473 
11 12 
11 15 
11 16 
11 19 
11 21 
11 24 
11 31 
11 37 
11 54 
11 72 
11 98 
11 100 
11 135 
11 143 
11 163 
11 203 
11 214 
11 219 
11 237 
11 293 
11 306 
11 332 
11 364 
11 373 
11 377 
11 378 
11 469 
12 16 
12 20 
12 24 
12 26 
12 63 
12 64 
12 70 
12 88 
12 90 
12 94 
12 99 
12 105 
12 155 
12 156 
12 167 
12 171 
12 180 
12 183 
12 204 
12 252 
12 287 
12 298 
12 405 
12 411 
12 417 
12 447 
12 470 
12 490 
13 18 
13 20 
13 25 
13 29 
13 85 
13 116 
13 131 
13 190 
13 215 
13 331 
13 363 
13 402 
14 27 
14 38 
14 43 
14 126 
14 181 
14 225 
14 235 
14 254 
14 402 
14 483 
15 23 
15 24 
15 30 
15 31 
15 36 
15 37 
15 42 
15 103 
15 109 
15 112 
15 123 
15 141 
15 153 
15 163 
15 176 
15 189 
15 217 
15 231 
15 233 
15 245 
15 264 
15 271 
15 318 
15 325 
15 328 
15 336 
15 414 
15 442 
15 466 
16 29 
16 30 
16 32 
16 33 
16 42 
16 67 
16 77 
16 98 
16 119 
16 125 
16 140 
16 145 
16 161 
16 166 
16 184 
16 189 
16 212 
16 236 
16 263 
16 279 
16 295 
16 415 
16 450 
16 474 
16 475 
16 493 
17 19 
17 23 
17 48 
17 50 
17 53 
17 61 
17 76 
17 98 
17 123 
17 149 
17 163 
17 174 
17 176 
17 177 
17 190 
17 191 
17 264 
17 271 
17 290 
17 291 
17 333 
17 338 
17 364 
17 388 
17 415 
17 431 
17 435 
18 26 
18 28 
18 29 
18 35 
18 37 
18 42 
18 44 
18 75 
18 82 
18 83 
18 91 
18 117 
18 120 
18 136 
18 137 
18 185 
18 216 
18 243 
18 267 
18 302 
18 316 
18 325 
18 331 
18 382 
18 384 
18 407 
18 409 
18 442 
18 452 
18 462 
18 486 
19 32 
19 40 
19 48 
19 49 
19 90 
19 115 
19 119 
19 144 
19 155 
19 177 
19 210 
19 219 
19 248 
19 252 
19 273 
19 315 
19 336 
19 364 
19 369 
19 370 
19 434 
20 32 
20 52 
20 70 
20 72 
20 89 
20 93 
20 157 
20 228 
20 285 
20 422 
20 449 
20 473 
20 477 
20 478 
21 31 
21 35 
21 62 
21 121 
21 138 
21 160 
21 241 
21 307 
21 359 
21 492 
22 33 
22 40 
22 63 
22 69 
22 75 
22 148 
22 186 
22 250 
22 251 
22 339 
22 349 
22 356 
22 388 
23 40 
23 49 
23 52 
23 55 
23 82 
23 95 
23 120 
23 165 
23 188 
23 244 
23 257 
23 287 
23 296 
23 376 
23 411 
23 445 
24 28 
24 29 
24 48 
24 79 
24 132 
24 172 
24 173 
24 183 
24 431 
24 433 
24 463 
24 493 
25 28 
25 117 
25 169 
25 225 
25 230 
25 337 
25 351 
25 358 
25 436 
25 457 
25 458 
25 477 
26 27 
26 35 
26 36 
26 44 
26 45 
26 46 
26 51 
26 53 
26 55 
26 59 
26 76 
26 87 
26 88 
26 97 
26 113 
26 128 
26 139 
26 157 
26 197 
26 229 
26 280 
26 304 
26 318 
26 330 
26 348 
26 365 
26 412 
26 423 
26 426 
26 428 
26 450 
26 464 
26 471 
26 491 
27 47 
27 55 
27 66 
27 193 
27 284 
27 379 
27 419 
27 427 
27 482 
28 42 
28 57 
28 64 
28 81 
28 84 
28 169 
28 211 
28 236 
28 281 
28 314 
28 342 
28 362 
29 39 
29 50 
29 56 
29 81 
29 105 
29 106 
29 109 
29 115 
29 122 
29 136 
29 157 
29 309 
29 320 
29 323 
29 324 
29 365 
29 392 
29 408 
29 415 
29 416 
29 497 
30 44 
30 73 
30 145 
30 459 
31 33 
31 41 
31 48 
31 56 
31 59 
31 72 
31 92 
31 106 
31 142 
31 173 
31 178 
31 208 
31 221 
31 265 
31 291 
31 312 
31 332 
31 352 
31 381 
31 444 
31 496 
32 39 
32 49 
32 54 
32 57 
32 58 
32 60 
32 69 
32 78 
32 90 
32 96 
32 114 
32 117 
32 138 
32 165 
32 201 
32 204 
32 247 
32 300 
32 302 
32 310 
32 320 
32 334 
32 343 
32 390 
32 417 
32 427 
32 445 
32 446 
32 457 
33 41 
33 65 
33 73 
33 130 
33 175 
33 180 
33 286 
33 330 
33 357 
33 417 
34 47 
34 153 
35 43 
35 46 
35 47 
35 65 
35 96 
35 98 
35 113 
35 142 
35 159 
35 169 
35 171 
35 196 
35 203 
35 241 
35 245 
35 339 
35 428 
35 439 
35 441 
35 447 
35 449 
36 68 
36 129 
36 196 
36 224 
36 233 
36 286 
36 297 
36 318 
36 356 
36 437 
37 39 
37 56 
37 100 
37 114 
37 144 
37 168 
37 180 
37 206 
37 245 
37 276 
37 333 
37 358 
37 380 
37 403 
37 416 
37 446 
38 132 
38 139 
38 154 
38 279 
38 309 
38 439 
39 44 
39 53 
39 76 
39 78 
39 114 
39 170 
39 201 
39 218 
39 278 
39 310 
39 388 
40 180 
40 187 
40 256 
40 397 
40 438 
41 45 
41 53 
41 62 
41 84 
41 121 
41 156 
41 243 
41 249 
41 319 
41 344 
41 354 
41 381 
41 405 
41 414 
41 497 
42 50 
42 102 
42 116 
42 128 
42 130 
42 257 
42 286 
42 408 
42 432 
42 453 
42 486 
43 81 
43 86 
43 462 
44 51 
44 74 
44 75 
44 83 
44 86 
44 87 
44 99 
44 162 
44 175 
44 178 
44 181 
44 208 
44 248 
44 254 
44 317 
44 359 
44 367 
44 395 
44 409 
44 431 
44 488 
44 493 
45 46 
45 50 
45 79 
45 90 
45 105 
45 110 
45 122 
45 154 
45 159 
45 170 
45 221 
45 238 
45 269 
45 311 
45 312 
45 328 
45 338 
45 349 
45 374 
45 403 
46 55 
46 62 
46 68 
46 92 
46 102 
46 108 
46 110 
46 117 
46 147 
46 157 
46 163 
46 184 
46 185 
46 192 
46 217 
46 221 
46 228 
46 238 
46 272 
46 284 
46 305 
46 350 
46 353 
46 400 
46 477 
47 58 
47 61 
47 67 
47 71 
47 149 
47 250 
47 290 
47 455 
48 74 
48 99 
48 143 
48 200 
48 201 
48 204 
48 207 
48 225 
48 265 
48 295 
48 341 
48 425 
48 463 
49 59 
49 60 
49 69 
49 103 
49 130 
49 133 
49 150 
49 155 
49 164 
49 218 
49 251 
49 258 
49 268 
49 303 
49 360 
49 399 
49 479 
50 59 
50 73 
50 124 
50 202 
50 206 
50 290 
50 379 
50 389 
50 429 
50 440 
50 458 
51 110 
51 133 
51 174 
51 218 
51 222 
51 234 
51 301 
52 77 
52 118 
52 126 
52 214 
52 378 
52 469 
53 63 
53 64 
53 78 
53 113 
53 133 
53 200 
53 230 
53 242 
53 321 
53 327 
54 115 
54 138 
54 182 
54 223 
54 419 
55 162 
55 186 
55 226 
56 71 
56 229 
56 272 
56 343 
57 86 
57 110 
57 114 
57 206 
57 270 
57 360 
57 465 
58 66 
58 237 
58 299 
58 306 
58 455 
58 466 
59 199 
59 238 
59 240 
59 278 
59 288 
59 394 
59 475 
59 489 
60 66 
60 68 
60 79 
60 80 
60 91 
60 94 
60 105 
60 118 
60 132 
60 133 
60 137 
60 142 
60 151 
60 173 
60 188 
60 197 
60 205 
60 278 
60 279 
60 284 
60 336 
60 363 
60 452 
60 474 
61 202 
61 269 
61 358 
61 441 
62 67 
62 77 
62 164 
62 173 
62 176 
62 241 
62 303 
62 314 
63 95 
63 126 
63 222 
63 422 
63 448 
64 142 
64 229 
64 370 
64 415 
64 459 
64 491 
65 143 
65 182 
65 193 
65 375 
66 70 
66 80 
66 101 
66 151 
66 282 
66 349 
66 364 
66 366 
66 385 
67 85 
67 101 
67 111 
67 165 
67 298 
67 394 
67 430 
67 432 
67 437 
68 71 
68 78 
68 97 
68 103 
68 124 
68 194 
68 247 
68 288 
68 296 
68 322 
68 440 
69 107 
69 127 
69 143 
69 165 
69 200 
69 202 
69 208 
69 240 
69 326 
69 329 
69 342 
69 346 
69 370 
69 374 
69 385 
69 417 
69 455 
69 461 
69 489 
70 75 
70 96 
70 122 
70 158 
70 179 
70 234 
70 306 
70 444 
71 80 
71 97 
71 259 
71 295 
71 332 
71 391 
72 120 
72 258 
73 160 
74 104 
74 146 
74 174 
74 216 
74 244 
74 335 
74 361 
74 484 
75 228 
75 232 
75 238 
75 289 
75 292 
76 94 
76 113 
76 134 
76 187 
76 220 
76 230 
76 232 
76 253 
76 344 
76 405 
76 436 
76 439 
77 107 
77 192 
77 246 
77 260 
77 278 
77 288 
77 340 
77 428 
77 472 
77 485 
77 497 
78 162 
78 406 
78 498 
79 82 
79 83 
79 108 
79 131 
79 150 
79 229 
79 361 
79 372 
79 473 
80 491 
81 95 
81 102 
81 107 
81 136 
81 161 
81 361 
81 393 
82 89 
82 131 
82 213 
82 309 
82 362 
83 97 
83 103 
83 150 
83 179 
83 233 
84 118 
84 147 
84 168 
84 207 
84 220 
84 237 
84 299 
84 356 
84 499 
85 88 
85 104 
85 303 
85 465 
86 87 
86 231 
86 268 
86 430 
86 454 
86 456 
87 182 
87 242 
88 111 
88 119 
88 149 
88 193 
88 261 
88 265 
88 291 
88 421 
89 255 
89 274 
89 436 
90 125 
90 199 
90 226 
90 235 
90 241 
90 303 
90 368 
90 435 
91 101 
91 118 
91 135 
91 161 
91 185 
91 206 
91 212 
91 222 
91 223 
91 231 
91 251 
91 252 
91 258 
91 282 
91 451 
92 225 
92 282 
93 179 
93 338 
93 475 
93 481 
94 141 
94 272 
94 410 
95 119 
96 111 
96 281 
96 289 
96 355 
96 478 
97 162 
98 328 
99 159 
99 254 
99 262 
99 287 
99 396 
99 418 
99 460 
99 484 
100 102 
100 129 
100 171 
100 191 
100 209 
100 216 
100 267 
100 272 
100 316 
100 498 
101 137 
101 220 
101 226 
101 322 
102 481 
103 111 
103 122 
103 127 
103 146 
103 392 
104 106 
104 317 
104 416 
105 144 
105 328 
105 470 
106 140 
106 175 
106 183 
106 209 
107 130 
107 145 
107 249 
107 372 
107 397 
107 428 
107 499 
108 112 
108 148 
109 281 
109 288 
110 112 
110 348 
110 379 
111 128 
111 150 
111 160 
111 195 
111 485 
112 152 
112 210 
112 219 
113 168 
113 214 
113 391 
113 480 
114 145 
114 308 
114 363 
115 324 
116 172 
116 208 
116 262 
116 268 
116 446 
117 123 
117 152 
117 287 
117 289 
117 353 
117 354 
117 392 
117 406 
117 421 
117 433 
117 451 
117 476 
119 304 
119 321 
119 484 
120 131 
120 151 
120 211 
120 245 
120 401 
120 434 
120 435 
120 491 
121 135 
121 187 
121 260 
121 323 
121 401 
121 480 
122 140 
122 166 
122 266 
122 279 
122 284 
122 319 
122 348 
122 396 
122 398 
122 453 
122 480 
123 147 
123 327 
123 343 
123 464 
124 158 
124 210 
125 154 
125 305 
125 344 
125 477 
126 226 
126 236 
126 242 
126 246 
126 283 
126 370 
126 387 
127 232 
129 324 
129 337 
129 427 
129 429 
129 479 
130 205 
130 376 
130 404 
131 153 
131 397 
132 140 
132 223 
132 377 
132 459 
133 139 
133 141 
133 203 
133 235 
133 283 
133 326 
133 398 
133 472 
134 135 
134 155 
134 244 
134 296 
134 315 
134 332 
134 333 
134 470 
134 482 
135 263 
136 215 
136 435 
137 380 
137 409 
138 202 
138 347 
138 413 
139 184 
139 275 
139 292 
139 387 
139 396 
139 454 
140 170 
141 159 
141 250 
141 307 
141 464 
142 146 
142 164 
142 172 
142 186 
142 302 
142 354 
142 392 
143 227 
143 261 
143 273 
143 345 
143 456 
143 486 
144 188 
144 227 
144 380 
144 390 
145 179 
145 355 
145 368 
145 404 
146 178 
146 189 
146 316 
146 459 
147 186 
147 198 
148 154 
148 204 
148 372 
149 177 
149 323 
149 401 
149 402 
149 490 
150 176 
150 182 
150 183 
150 234 
150 337 
150 357 
151 156 
151 175 
151 247 
151 420 
152 205 
152 321 
153 305 
154 158 
155 194 
155 259 
155 335 
155 345 
155 387 
155 408 
155 414 
155 487 
156 174 
156 426 
156 469 
157 212 
157 457 
158 207 
158 371 
158 384 
159 166 
159 181 
159 277 
159 352 
159 361 
159 422 
160 212 
160 214 
160 280 
160 316 
160 430 
161 258 
161 331 
161 354 
161 408 
161 445 
162 195 
162 236 
162 273 
162 319 
162 499 
163 341 
164 235 
164 342 
164 396 
166 167 
166 170 
166 453 
167 218 
167 362 
167 490 
168 276 
171 275 
171 383 
171 451 
172 260 
172 280 
172 337 
174 371 
174 498 
175 325 
176 283 
176 382 
177 311 
177 336 
178 196 
178 197 
178 285 
178 406 
178 407 
178 431 
179 259 
180 209 
180 213 
180 232 
180 248 
180 266 
180 291 
180 307 
180 313 
180 334 
180 357 
180 367 
180 371 
180 389 
180 448 
180 468 
181 494 
182 384 
182 395 
183 311 
184 195 
184 273 
184 298 
184 366 
185 277 
185 280 
185 441 
186 285 
187 192 
187 495 
188 219 
188 295 
189 213 
189 271 
189 275 
189 294 
189 381 
189 450 
190 250 
190 330 
190 340 
190 421 
190 461 
191 194 
191 210 
191 276 
191 314 
191 466 
193 246 
193 253 
193 292 
193 307 
193 347 
193 363 
193 444 
193 464 
194 209 
194 264 
194 473 
195 274 
195 329 
195 433 
196 197 
196 256 
196 339 
196 454 
197 215 
197 305 
197 432 
198 421 
199 247 
199 369 
199 453 
200 222 
200 228 
201 243 
201 256 
201 264 
201 346 
202 242 
202 348 
202 366 
204 234 
204 312 
204 437 
204 484 
205 248 
205 355 
205 486 
206 437 
207 293 
207 294 
207 369 
208 227 
208 268 
208 466 
209 254 
210 265 
210 490 
211 217 
211 353 
212 267 
213 330 
213 454 
215 249 
215 347 
215 398 
216 269 
216 276 
217 317 
218 237 
219 257 
219 267 
220 251 
220 300 
220 315 
220 399 
221 449 
223 331 
223 403 
224 403 
226 322 
226 357 
226 471 
226 479 
227 233 
227 262 
227 277 
227 359 
228 312 
228 314 
229 327 
229 419 
230 425 
231 249 
231 493 
232 496 
233 266 
234 262 
234 283 
234 297 
234 315 
235 239 
235 306 
235 388 
236 318 
236 321 
236 350 
237 298 
237 385 
238 372 
238 385 
240 253 
240 376 
240 383 
241 334 
241 371 
241 420 
241 424 
241 445 
241 494 
245 474 
246 261 
246 299 
246 343 
247 308 
248 269 
249 253 
250 351 
250 448 
251 333 
251 443 
252 481 
253 301 
254 366 
255 340 
256 317 
258 483 
260 270 
260 346 
260 492 
261 300 
261 462 
263 411 
263 468 
264 495 
265 270 
265 320 
265 326 
265 460 
265 492 
268 270 
268 289 
269 308 
269 310 
270 299 
270 329 
270 383 
271 402 
271 488 
272 275 
272 373 
272 390 
272 429 
272 456 
273 301 
274 335 
274 480 
275 294 
275 351 
275 367 
275 378 
275 393 
279 426 
281 420 
282 322 
284 369 
284 419 
284 425 
285 339 
285 446 
286 320 
286 434 
287 418 
289 345 
289 485 
290 384 
290 407 
291 293 
291 456 
293 495 
294 386 
296 313 
296 472 
300 313 
300 350 
300 444 
301 470 
302 373 
304 450 
306 334 
306 368 
306 434 
306 449 
307 487 
309 448 
309 460 
309 483 
313 376 
315 319 
315 495 
319 358 
319 439 
320 438 
321 382 
321 443 
324 478 
325 423 
327 447 
329 368 
329 373 
329 410 
329 458 
331 350 
332 452 
333 460 
334 352 
334 356 
334 386 
334 430 
335 423 
337 349 
338 374 
338 462 
340 345 
340 352 
340 395 
343 400 
344 458 
345 360 
348 441 
349 429 
349 465 
350 423 
352 411 
355 496 
357 413 
357 414 
357 427 
357 461 
358 463 
361 394 
364 391 
364 399 
366 367 
366 471 
369 409 
371 378 
372 468 
373 412 
374 461 
378 416 
382 425 
383 395 
387 426 
392 481 
394 447 
395 463 
401 424 
405 487 
408 418 
410 440 
410 467 
412 436 
415 438 
416 438 
419 467 
426 494 
436 488 
440 489 
443 487 
449 451 
452 496 
467 475 
469 485 
471 494 
