false
false
500
1988
0 1 
0 3 
0 4 
0 5 
0 7 
0 8 
0 9 
0 10 
0 12 
0 13 
0 16 
0 19 
0 21 
0 23 
0 27 
0 29 
0 30 
0 32 
0 33 
0 36 
0 43 
0 44 
0 46 
0 48 
0 49 
0 52 
0 60 
0 75 
0 76 
0 82 
0 88 
0 94 
0 97 
0 99 
0 102 
0 109 
0 115 
0 117 
0 135 
0 143 
0 152 
0 162 
0 164 
0 177 
0 178 
0 190 
0 192 
0 193 
0 207 
0 209 
0 232 
0 248 
0 251 
0 257 
0 258 
0 266 
0 273 
0 283 
0 286 
0 301 
0 303 
0 323 
0 336 
0 337 
0 347 
0 357 
0 371 
0 381 
0 395 
0 396 
0 404 
0 413 
0 417 
0 421 
0 426 
0 428 
0 442 
0 450 
0 454 
0 459 
0 465 
0 482 
1 2 
1 4 
1 6 
1 7 
1 8 
1 9 
1 10 
1 11 
1 12 
1 17 
1 20 
1 22 
1 23 
1 26 
1 31 
1 34 
1 36 
1 37 
1 50 
1 51 
1 54 
1 61 
1 62 
1 77 
1 79 
1 85 
1 87 
1 94 
1 101 
1 102 
1 127 
1 128 
1 132 
1 139 
1 151 
1 159 
1 180 
1 207 
1 209 
1 244 
1 258 
1 267 
1 274 
1 300 
1 317 
1 318 
1 345 
1 352 
1 390 
1 402 
1 407 
1 420 
1 425 
1 438 
1 456 
1 464 
1 474 
1 492 
2 3 
2 4 
2 5 
2 13 
2 15 
2 27 
2 31 
2 41 
2 54 
2 55 
2 56 
2 64 
2 72 
2 92 
2 113 
2 120 
2 124 
2 131 
2 149 
2 154 
2 178 
2 191 
2 199 
2 202 
2 218 
2 254 
2 288 
2 289 
2 308 
2 315 
2 316 
2 370 
2 476 
2 481 
2 483 
3 4 
3 5 
3 6 
3 9 
3 11 
3 15 
3 16 
3 18 
3 22 
3 40 
3 48 
3 63 
3 83 
3 110 
3 136 
3 158 
3 169 
3 176 
3 187 
3 206 
3 212 
3 226 
3 229 
3 237 
3 241 
3 243 
3 249 
3 265 
3 266 
3 272 
3 284 
3 295 
3 303 
3 336 
3 377 
3 381 
3 387 
3 401 
3 418 
3 429 
3 430 
3 466 
3 473 
3 477 
3 495 
4 5 
4 6 
4 7 
4 8 
4 10 
4 16 
4 17 
4 20 
4 24 
4 27 
4 29 
4 34 
4 37 
4 39 
4 45 
4 46 
4 58 
4 75 
4 76 
4 78 
4 86 
4 95 
4 102 
4 123 
4 126 
4 133 
4 146 
4 150 
4 153 
4 161 
4 169 
4 171 
4 183 
4 189 
4 198 
4 222 
4 290 
4 302 
4 350 
4 352 
4 354 
4 355 
4 365 
4 409 
4 435 
4 442 
5 6 
5 8 
5 11 
5 15 
5 17 
5 22 
5 24 
5 25 
5 31 
5 33 
5 37 
5 40 
5 51 
5 52 
5 56 
5 62 
5 66 
5 67 
5 73 
5 86 
5 92 
5 101 
5 103 
5 112 
5 132 
5 140 
5 142 
5 163 
5 186 
5 212 
5 214 
5 220 
5 259 
5 260 
5 276 
5 279 
5 307 
5 320 
5 321 
5 366 
5 368 
5 374 
5 375 
5 383 
5 388 
5 400 
5 489 
6 7 
6 10 
6 12 
6 14 
6 16 
6 20 
6 24 
6 27 
6 35 
6 44 
6 49 
6 70 
6 75 
6 77 
6 81 
6 85 
6 95 
6 98 
6 116 
6 121 
6 126 
6 131 
6 132 
6 135 
6 145 
6 154 
6 160 
6 165 
6 187 
6 201 
6 204 
6 231 
6 234 
6 236 
6 237 
6 252 
6 276 
6 280 
6 294 
6 330 
6 335 
6 340 
6 343 
6 344 
6 364 
6 461 
6 493 
7 9 
7 12 
7 13 
7 14 
7 18 
7 19 
7 21 
7 26 
7 32 
7 34 
7 38 
7 39 
7 42 
7 45 
7 50 
7 61 
7 63 
7 69 
7 75 
7 78 
7 81 
7 89 
7 99 
7 108 
7 110 
7 115 
7 119 
7 167 
7 199 
7 209 
7 211 
7 215 
7 231 
7 261 
7 267 
7 269 
7 271 
7 276 
7 277 
7 289 
7 298 
7 299 
7 353 
7 394 
7 396 
7 398 
7 439 
7 440 
7 455 
7 487 
8 14 
8 20 
8 21 
8 72 
8 86 
8 97 
8 105 
8 150 
8 151 
8 206 
8 347 
8 430 
8 499 
9 13 
9 15 
9 19 
9 21 
9 25 
9 26 
9 28 
9 34 
9 50 
9 52 
9 60 
9 61 
9 72 
9 96 
9 137 
9 143 
9 158 
9 214 
9 217 
9 225 
9 233 
9 282 
9 378 
9 399 
9 412 
9 480 
9 490 
10 11 
10 14 
10 17 
10 23 
10 28 
10 30 
10 35 
10 42 
10 50 
10 59 
10 64 
10 65 
10 66 
10 68 
10 70 
10 73 
10 78 
10 80 
10 91 
10 93 
10 96 
10 100 
10 107 
10 110 
10 112 
10 116 
10 122 
10 129 
10 146 
10 151 
10 161 
10 165 
10 172 
10 176 
10 200 
10 201 
10 232 
10 246 
10 253 
10 263 
10 271 
10 274 
10 285 
10 296 
10 297 
10 314 
10 315 
10 330 
10 357 
10 364 
10 386 
10 422 
10 434 
10 447 
10 454 
10 457 
10 465 
10 481 
10 497 
11 182 
11 328 
11 470 
12 18 
12 31 
12 35 
12 37 
12 38 
12 43 
12 52 
12 79 
12 96 
12 97 
12 98 
12 108 
12 112 
12 113 
12 128 
12 130 
12 138 
12 147 
12 160 
12 179 
12 207 
12 215 
12 216 
12 228 
12 242 
12 244 
12 249 
12 270 
12 284 
12 287 
12 326 
12 329 
12 330 
12 339 
12 398 
12 414 
12 423 
12 447 
12 455 
12 487 
13 25 
13 26 
13 36 
13 39 
13 58 
13 74 
13 99 
13 110 
13 116 
13 124 
13 128 
13 135 
13 144 
13 154 
13 166 
13 170 
13 180 
13 189 
13 195 
13 221 
13 223 
13 229 
13 294 
13 297 
13 310 
13 318 
13 362 
13 397 
13 408 
13 432 
13 438 
13 444 
13 478 
14 18 
14 19 
14 40 
14 48 
14 51 
14 58 
14 62 
14 65 
14 91 
14 100 
14 103 
14 105 
14 107 
14 123 
14 139 
14 150 
14 171 
14 211 
14 217 
14 253 
14 255 
14 261 
14 292 
14 356 
14 427 
14 429 
14 446 
14 460 
14 467 
14 494 
15 59 
15 382 
15 420 
16 28 
16 57 
16 69 
16 197 
16 203 
16 319 
16 336 
16 363 
16 384 
16 395 
16 406 
16 413 
17 49 
17 68 
17 121 
17 172 
17 190 
17 268 
17 382 
18 55 
18 101 
18 159 
18 196 
18 368 
18 376 
18 424 
18 499 
19 22 
19 25 
19 39 
19 44 
19 53 
19 54 
19 74 
19 86 
19 89 
19 90 
19 109 
19 119 
19 124 
19 135 
19 153 
19 160 
19 231 
19 242 
19 267 
19 281 
19 397 
19 461 
19 476 
19 492 
19 497 
20 23 
20 45 
20 51 
20 55 
20 69 
20 70 
20 125 
20 126 
20 246 
20 256 
20 284 
20 304 
20 326 
20 463 
21 24 
21 35 
21 38 
21 106 
21 133 
21 146 
21 174 
21 182 
21 205 
21 206 
21 240 
21 275 
21 312 
21 321 
21 338 
21 389 
21 395 
22 29 
22 32 
22 56 
22 66 
22 184 
22 202 
22 322 
22 349 
22 406 
22 451 
23 30 
23 33 
23 88 
23 107 
23 114 
23 138 
23 151 
23 213 
23 216 
23 227 
23 271 
23 272 
23 322 
23 351 
23 354 
23 362 
23 389 
23 394 
23 406 
23 409 
23 441 
23 452 
23 485 
23 496 
24 33 
24 41 
24 49 
24 69 
24 71 
24 76 
24 82 
24 85 
24 134 
24 138 
24 155 
24 167 
24 190 
24 194 
24 238 
24 262 
24 316 
24 327 
24 337 
24 349 
24 361 
24 364 
24 372 
24 382 
24 407 
24 465 
24 473 
24 479 
25 28 
25 29 
25 62 
25 71 
25 84 
25 111 
25 144 
25 208 
25 224 
25 234 
25 236 
25 239 
25 247 
25 455 
25 491 
26 32 
26 157 
26 166 
26 176 
26 241 
26 246 
26 278 
26 374 
26 396 
27 30 
27 38 
27 41 
27 68 
27 136 
27 149 
27 170 
27 186 
27 379 
27 440 
28 43 
28 64 
28 79 
28 157 
28 203 
28 244 
28 341 
28 403 
28 410 
28 486 
29 74 
29 141 
29 173 
29 228 
29 306 
29 341 
29 352 
29 449 
29 487 
29 496 
30 46 
30 47 
30 88 
30 100 
30 106 
30 121 
30 167 
30 281 
30 343 
30 394 
30 437 
30 463 
30 467 
30 498 
31 40 
31 45 
31 60 
31 70 
31 74 
31 76 
31 83 
31 87 
31 90 
31 93 
31 112 
31 118 
31 120 
31 149 
31 188 
31 198 
31 208 
31 266 
31 317 
31 319 
31 337 
31 342 
31 356 
31 444 
32 85 
32 175 
32 211 
32 413 
32 453 
32 490 
33 48 
33 53 
33 59 
33 63 
33 123 
33 125 
33 127 
33 197 
33 265 
33 300 
33 305 
33 334 
33 345 
33 373 
33 470 
33 473 
34 36 
34 42 
34 56 
34 122 
34 184 
34 194 
34 205 
34 284 
34 365 
34 441 
34 491 
35 44 
35 47 
35 57 
35 59 
35 63 
35 80 
35 114 
35 142 
35 145 
35 149 
35 157 
35 160 
35 169 
35 182 
35 188 
35 230 
35 238 
35 250 
35 257 
35 262 
35 267 
35 268 
35 287 
35 326 
35 335 
35 357 
35 362 
35 381 
35 397 
35 399 
35 411 
35 416 
35 417 
35 462 
36 73 
36 117 
36 175 
36 295 
36 335 
36 366 
36 473 
36 479 
37 67 
37 82 
37 91 
37 93 
37 239 
37 328 
38 47 
38 54 
38 65 
38 77 
38 80 
38 83 
38 94 
38 95 
38 103 
38 105 
38 111 
38 130 
38 131 
38 132 
38 154 
38 164 
38 183 
38 220 
38 226 
38 227 
38 232 
38 259 
38 279 
38 280 
38 316 
38 365 
38 414 
38 427 
38 428 
38 441 
38 458 
38 466 
38 496 
39 43 
39 87 
39 104 
39 115 
39 147 
39 163 
39 192 
39 209 
39 210 
39 219 
39 222 
39 270 
39 331 
39 361 
39 398 
39 407 
39 419 
39 436 
39 472 
39 480 
40 41 
40 42 
40 57 
40 67 
40 71 
40 89 
40 92 
40 95 
40 102 
40 104 
40 107 
40 123 
40 127 
40 164 
40 230 
40 237 
40 309 
40 313 
40 324 
40 328 
40 330 
40 339 
40 362 
40 394 
40 426 
40 449 
40 494 
41 57 
41 60 
41 89 
41 90 
41 185 
41 286 
41 312 
41 340 
41 385 
41 411 
42 46 
42 79 
42 80 
42 127 
42 134 
42 136 
42 146 
42 176 
42 181 
42 185 
42 191 
42 211 
42 223 
42 226 
42 239 
42 258 
42 275 
42 291 
42 331 
42 373 
42 379 
42 425 
42 436 
42 445 
42 466 
43 47 
43 161 
43 188 
43 218 
43 254 
43 269 
43 283 
43 310 
43 410 
43 421 
43 463 
43 481 
43 499 
44 53 
44 177 
44 200 
44 213 
44 454 
44 475 
45 53 
45 55 
45 68 
45 100 
45 156 
45 162 
45 194 
45 196 
45 210 
45 230 
45 250 
45 323 
45 391 
45 392 
45 446 
45 457 
45 497 
46 61 
46 108 
46 269 
46 437 
47 71 
47 88 
47 139 
47 145 
47 163 
47 205 
47 278 
47 283 
47 299 
47 350 
47 366 
47 369 
47 469 
48 64 
48 73 
48 84 
48 106 
48 111 
48 131 
48 241 
48 327 
48 426 
48 475 
49 83 
49 117 
49 148 
49 163 
49 325 
49 385 
50 122 
50 345 
51 140 
51 172 
51 252 
52 215 
52 217 
52 349 
52 363 
53 72 
53 116 
53 125 
53 177 
53 181 
53 210 
53 212 
55 103 
55 430 
56 58 
56 84 
56 140 
56 243 
56 370 
56 380 
56 425 
57 221 
57 231 
58 77 
58 78 
58 147 
58 224 
58 364 
58 391 
59 218 
59 286 
59 341 
59 413 
59 423 
59 441 
60 141 
60 188 
60 195 
60 292 
60 323 
60 416 
60 421 
60 492 
61 67 
61 81 
62 65 
62 168 
62 251 
62 257 
62 311 
62 416 
62 422 
63 245 
64 118 
64 141 
64 153 
64 156 
64 355 
64 360 
64 389 
65 66 
65 120 
65 142 
65 158 
65 180 
65 214 
65 235 
65 408 
66 266 
66 275 
66 293 
67 119 
67 124 
67 140 
67 143 
67 178 
67 204 
67 338 
68 84 
68 129 
68 249 
68 333 
68 347 
69 280 
69 319 
69 331 
69 434 
70 155 
70 232 
70 282 
70 289 
70 371 
70 374 
71 82 
71 96 
71 97 
71 98 
71 109 
71 114 
71 118 
71 125 
71 137 
71 156 
71 158 
71 202 
71 213 
71 234 
71 301 
71 334 
71 348 
71 384 
71 403 
71 428 
72 240 
72 293 
73 130 
73 136 
73 183 
73 328 
73 405 
74 87 
74 91 
74 108 
74 199 
74 220 
74 282 
74 289 
74 305 
74 332 
74 376 
74 389 
74 418 
74 449 
75 101 
75 133 
75 157 
75 297 
75 312 
76 98 
76 419 
76 428 
76 433 
77 104 
77 133 
77 141 
77 166 
77 167 
77 168 
77 210 
77 333 
77 350 
77 375 
77 390 
77 470 
77 474 
77 482 
77 493 
78 234 
78 458 
79 81 
79 92 
79 115 
79 128 
79 193 
80 93 
80 111 
80 166 
80 173 
80 185 
80 236 
80 240 
80 264 
80 324 
80 368 
81 152 
81 342 
81 488 
81 495 
82 105 
82 223 
82 228 
82 279 
82 346 
82 374 
82 486 
83 90 
83 94 
83 106 
83 165 
83 243 
83 412 
83 485 
84 150 
84 197 
84 261 
84 286 
84 407 
85 273 
85 275 
85 348 
86 109 
86 113 
86 114 
86 143 
86 186 
86 242 
86 256 
86 262 
86 361 
86 439 
86 442 
86 452 
87 119 
87 459 
87 477 
89 376 
89 377 
90 216 
90 225 
90 353 
91 172 
91 201 
92 99 
92 222 
92 227 
92 304 
94 129 
94 134 
94 155 
94 196 
94 235 
94 277 
94 305 
95 113 
95 208 
95 346 
96 192 
96 268 
96 300 
96 325 
96 345 
96 377 
96 437 
97 361 
98 121 
98 144 
98 183 
98 253 
98 304 
98 323 
98 371 
98 379 
98 415 
98 430 
98 451 
99 204 
99 292 
100 117 
100 148 
100 152 
100 383 
100 384 
100 439 
101 104 
101 120 
101 148 
101 169 
101 471 
102 170 
102 175 
103 302 
103 439 
104 118 
104 142 
104 185 
104 193 
104 213 
104 240 
104 246 
104 308 
104 370 
104 412 
104 417 
104 451 
104 478 
104 492 
105 315 
106 155 
106 159 
106 189 
106 298 
106 451 
106 483 
106 493 
107 139 
107 221 
107 235 
107 283 
107 310 
107 353 
107 437 
107 443 
107 449 
108 152 
108 264 
108 312 
108 367 
108 424 
109 208 
109 429 
109 452 
110 145 
110 148 
110 174 
110 191 
110 220 
110 288 
110 309 
110 411 
110 435 
110 476 
111 122 
111 203 
111 341 
111 376 
111 453 
112 130 
112 178 
112 192 
112 218 
112 219 
112 247 
112 296 
112 305 
112 318 
112 322 
112 409 
113 391 
113 464 
114 168 
114 285 
114 390 
114 462 
115 162 
115 327 
115 360 
115 426 
115 471 
116 164 
116 196 
116 225 
116 342 
116 363 
116 405 
117 174 
117 423 
118 129 
118 144 
118 198 
118 309 
118 404 
119 137 
119 173 
119 179 
119 230 
119 254 
119 260 
119 274 
119 481 
120 134 
120 195 
120 299 
121 126 
121 137 
121 171 
121 184 
121 223 
121 355 
122 194 
122 489 
123 488 
124 179 
124 200 
124 215 
124 221 
124 344 
124 482 
125 179 
125 216 
125 257 
125 293 
125 331 
125 334 
126 181 
126 255 
126 260 
126 279 
126 455 
127 202 
127 204 
127 314 
127 433 
128 307 
128 336 
129 422 
130 187 
130 200 
130 264 
130 353 
130 402 
131 153 
131 245 
132 174 
132 177 
132 484 
134 147 
134 354 
134 380 
135 138 
135 171 
135 324 
136 273 
136 278 
136 300 
136 359 
136 467 
137 233 
138 156 
139 272 
140 180 
140 198 
140 226 
140 419 
140 448 
141 181 
141 265 
141 311 
141 367 
141 495 
142 212 
142 290 
142 339 
143 431 
144 199 
144 268 
144 339 
144 421 
144 438 
144 456 
144 479 
145 162 
145 306 
145 311 
146 165 
146 295 
146 379 
149 239 
149 299 
150 161 
150 190 
150 261 
150 285 
151 242 
151 302 
151 340 
151 422 
152 207 
152 244 
152 259 
152 277 
152 298 
153 159 
153 332 
154 187 
154 490 
155 425 
156 175 
156 193 
156 388 
156 401 
156 494 
157 313 
157 314 
157 399 
158 184 
158 237 
158 356 
158 411 
158 472 
159 344 
160 229 
160 263 
162 170 
162 173 
162 206 
162 241 
163 168 
163 186 
163 233 
163 419 
164 189 
164 247 
164 255 
164 359 
164 370 
164 390 
165 197 
165 238 
165 248 
165 258 
165 281 
165 287 
165 291 
165 293 
165 470 
166 217 
167 191 
167 276 
168 431 
170 214 
171 313 
171 346 
171 456 
172 249 
172 391 
172 393 
173 224 
173 294 
174 195 
175 225 
175 252 
175 402 
176 294 
176 320 
176 450 
178 219 
178 265 
178 306 
179 182 
179 273 
179 466 
180 298 
180 482 
181 359 
182 256 
183 351 
183 386 
184 243 
184 250 
184 270 
184 317 
184 332 
184 338 
184 358 
184 393 
184 444 
184 460 
184 471 
186 281 
186 380 
187 228 
187 380 
188 348 
188 369 
188 448 
190 235 
190 493 
191 203 
191 205 
191 318 
192 229 
192 236 
192 351 
193 252 
193 420 
194 201 
194 272 
195 224 
195 259 
195 296 
195 356 
195 358 
195 378 
195 416 
195 462 
197 343 
197 365 
197 396 
197 484 
198 382 
201 484 
202 303 
204 222 
204 245 
204 248 
204 320 
204 357 
204 446 
205 304 
205 477 
206 219 
206 392 
207 384 
207 443 
209 301 
209 490 
210 277 
210 315 
210 377 
210 496 
211 291 
211 321 
212 227 
212 333 
213 485 
214 247 
215 248 
215 254 
215 290 
215 405 
215 483 
216 325 
217 344 
217 398 
218 385 
219 373 
219 378 
219 414 
220 255 
220 269 
222 290 
222 302 
222 342 
222 354 
223 253 
223 260 
223 292 
223 392 
224 238 
224 480 
225 415 
226 447 
227 233 
227 326 
227 329 
227 433 
227 447 
228 333 
228 360 
228 385 
228 393 
228 399 
229 251 
229 409 
230 250 
230 375 
230 393 
230 412 
231 245 
232 301 
232 307 
232 308 
233 264 
233 340 
234 288 
235 263 
235 271 
235 297 
235 387 
237 310 
237 404 
237 440 
237 457 
240 325 
240 351 
241 303 
242 288 
242 363 
242 418 
242 464 
243 251 
243 262 
244 392 
246 280 
247 263 
247 314 
248 366 
248 387 
249 319 
249 458 
250 287 
250 429 
251 285 
252 307 
253 402 
253 456 
253 476 
254 256 
255 306 
255 348 
256 495 
258 282 
260 386 
260 427 
261 278 
261 324 
261 335 
261 369 
261 414 
261 435 
262 270 
264 372 
264 435 
264 459 
265 350 
265 406 
265 445 
266 400 
266 438 
267 415 
267 440 
267 453 
268 322 
269 352 
269 372 
270 486 
271 274 
271 443 
272 309 
272 329 
272 478 
273 472 
273 474 
274 291 
277 311 
277 321 
277 337 
277 432 
277 461 
278 334 
279 316 
279 498 
280 327 
282 388 
283 463 
284 338 
284 359 
284 472 
284 486 
284 487 
286 295 
286 329 
286 400 
287 432 
288 445 
289 313 
292 296 
292 427 
292 450 
294 397 
295 308 
295 387 
296 418 
297 372 
298 381 
298 475 
299 433 
300 436 
302 317 
305 355 
305 371 
305 460 
307 378 
307 469 
308 383 
308 497 
309 400 
309 464 
310 432 
311 395 
312 489 
314 404 
316 417 
317 457 
318 358 
318 367 
319 320 
319 388 
319 420 
320 431 
321 478 
322 332 
322 424 
323 347 
324 346 
325 448 
327 375 
328 343 
328 434 
329 460 
330 349 
332 410 
333 360 
333 477 
334 423 
334 436 
334 468 
335 358 
337 469 
338 483 
340 410 
340 479 
341 373 
342 368 
345 408 
349 401 
350 367 
350 369 
352 405 
353 446 
354 408 
355 424 
355 442 
356 403 
357 445 
358 468 
359 386 
359 443 
361 403 
361 485 
362 448 
367 415 
367 468 
375 465 
375 480 
380 444 
381 383 
382 488 
385 401 
387 489 
389 467 
398 491 
399 498 
406 458 
409 450 
409 459 
412 434 
413 491 
415 431 
419 494 
420 468 
423 484 
424 469 
434 453 
436 454 
436 462 
448 452 
452 461 
464 475 
465 474 
466 471 
471 498 
487 488 
487 499 
