false
false
500
1988
0 1 
0 3 
0 4 
0 5 
0 7 
0 8 
0 9 
0 11 
0 12 
0 14 
0 21 
0 28 
0 35 
0 38 
0 48 
0 54 
0 64 
0 77 
0 82 
0 87 
0 91 
0 95 
0 96 
0 99 
0 101 
0 106 
0 112 
0 118 
0 137 
0 141 
0 167 
0 175 
0 195 
0 206 
0 244 
0 248 
0 253 
0 259 
0 270 
0 280 
0 324 
0 327 
0 333 
0 359 
0 364 
0 366 
0 404 
0 419 
0 423 
0 425 
0 429 
0 476 
0 480 
1 2 
1 4 
1 5 
1 6 
1 7 
1 9 
1 10 
1 11 
1 12 
1 15 
1 18 
1 19 
1 24 
1 28 
1 31 
1 32 
1 40 
1 43 
1 53 
1 54 
1 55 
1 62 
1 66 
1 70 
1 90 
1 102 
1 103 
1 104 
1 132 
1 147 
1 194 
1 197 
1 218 
1 233 
1 266 
1 267 
1 270 
1 271 
1 275 
1 278 
1 297 
1 341 
1 344 
1 347 
1 352 
1 358 
1 378 
1 432 
1 441 
1 454 
1 457 
1 470 
1 487 
2 3 
2 4 
2 6 
2 7 
2 8 
2 14 
2 18 
2 19 
2 20 
2 26 
2 38 
2 42 
2 45 
2 49 
2 52 
2 69 
2 73 
2 74 
2 78 
2 85 
2 89 
2 98 
2 104 
2 110 
2 128 
2 135 
2 142 
2 152 
2 174 
2 188 
2 200 
2 205 
2 217 
2 234 
2 245 
2 255 
2 256 
2 261 
2 271 
2 290 
2 294 
2 317 
2 332 
2 341 
2 349 
2 419 
2 444 
3 4 
3 5 
3 9 
3 10 
3 11 
3 16 
3 27 
3 28 
3 52 
3 65 
3 72 
3 77 
3 89 
3 94 
3 107 
3 109 
3 116 
3 131 
3 148 
3 164 
3 173 
3 182 
3 225 
3 234 
3 240 
3 243 
3 263 
3 281 
3 299 
3 363 
3 376 
3 394 
3 402 
3 409 
3 411 
3 457 
3 465 
3 468 
3 474 
3 483 
4 5 
4 6 
4 9 
4 10 
4 16 
4 21 
4 26 
4 27 
4 28 
4 30 
4 35 
4 41 
4 46 
4 53 
4 61 
4 62 
4 64 
4 66 
4 80 
4 81 
4 95 
4 115 
4 124 
4 135 
4 154 
4 156 
4 177 
4 182 
4 187 
4 190 
4 195 
4 224 
4 239 
4 266 
4 281 
4 329 
4 390 
4 405 
4 444 
4 447 
4 471 
4 488 
5 6 
5 7 
5 12 
5 13 
5 15 
5 17 
5 19 
5 22 
5 25 
5 26 
5 37 
5 39 
5 41 
5 42 
5 45 
5 46 
5 48 
5 49 
5 54 
5 55 
5 57 
5 59 
5 65 
5 68 
5 72 
5 75 
5 76 
5 77 
5 80 
5 81 
5 83 
5 84 
5 92 
5 95 
5 97 
5 98 
5 100 
5 104 
5 108 
5 109 
5 111 
5 116 
5 121 
5 124 
5 125 
5 131 
5 134 
5 136 
5 152 
5 167 
5 185 
5 187 
5 191 
5 194 
5 199 
5 200 
5 203 
5 210 
5 211 
5 213 
5 215 
5 220 
5 225 
5 227 
5 232 
5 236 
5 247 
5 255 
5 263 
5 274 
5 287 
5 302 
5 310 
5 316 
5 322 
5 328 
5 337 
5 347 
5 348 
5 356 
5 361 
5 372 
5 374 
5 406 
5 409 
5 411 
5 416 
5 421 
5 423 
5 430 
5 431 
5 434 
5 440 
5 445 
5 452 
5 469 
5 475 
5 476 
5 477 
6 8 
6 14 
6 18 
6 19 
6 23 
6 24 
6 26 
6 29 
6 41 
6 51 
6 54 
6 65 
6 72 
6 73 
6 82 
6 88 
6 102 
6 103 
6 128 
6 129 
6 138 
6 149 
6 156 
6 180 
6 188 
6 204 
6 239 
6 259 
6 277 
6 316 
6 399 
6 401 
6 432 
6 439 
6 442 
6 462 
6 463 
6 496 
7 8 
7 10 
7 13 
7 17 
7 20 
7 22 
7 30 
7 31 
7 35 
7 36 
7 52 
7 56 
7 58 
7 68 
7 87 
7 89 
7 100 
7 105 
7 111 
7 124 
7 139 
7 148 
7 161 
7 168 
7 170 
7 172 
7 219 
7 227 
7 228 
7 237 
7 239 
7 279 
7 312 
7 327 
7 340 
7 342 
7 343 
7 361 
7 374 
7 377 
7 387 
7 389 
7 405 
7 461 
7 468 
8 13 
8 50 
8 51 
8 60 
8 102 
8 125 
8 130 
8 140 
8 142 
8 146 
8 159 
8 161 
8 209 
8 251 
8 253 
8 260 
8 307 
8 318 
8 320 
8 346 
8 352 
8 395 
8 408 
8 417 
8 435 
8 441 
8 459 
8 497 
9 11 
9 12 
9 23 
9 88 
9 112 
9 165 
9 196 
9 211 
9 278 
9 302 
9 336 
10 15 
10 17 
10 29 
10 32 
10 34 
10 42 
10 47 
10 107 
10 162 
10 266 
10 316 
10 452 
10 455 
10 465 
11 14 
11 16 
11 17 
11 20 
11 34 
11 37 
11 51 
11 56 
11 63 
11 66 
11 99 
11 106 
11 110 
11 123 
11 149 
11 154 
11 156 
11 173 
11 192 
11 204 
11 226 
11 233 
11 237 
11 256 
11 258 
11 265 
11 340 
11 369 
11 389 
11 390 
11 394 
11 396 
11 398 
11 419 
12 13 
12 16 
12 24 
12 27 
12 60 
12 71 
12 72 
12 91 
12 117 
12 118 
12 231 
12 291 
12 386 
12 436 
12 471 
12 494 
13 15 
13 20 
13 25 
13 32 
13 33 
13 37 
13 44 
13 79 
13 90 
13 96 
13 103 
13 117 
13 153 
13 159 
13 162 
13 167 
13 183 
13 188 
13 189 
13 207 
13 208 
13 216 
13 243 
13 245 
13 275 
13 292 
13 312 
13 313 
13 325 
13 327 
13 335 
13 398 
13 407 
13 419 
13 428 
13 444 
13 479 
14 23 
14 29 
14 45 
14 49 
14 50 
14 82 
14 105 
14 107 
14 131 
14 138 
14 166 
14 180 
14 189 
14 205 
14 224 
14 265 
14 267 
14 292 
14 331 
14 372 
14 400 
14 418 
14 436 
14 461 
15 31 
15 47 
15 76 
15 133 
15 140 
15 152 
15 185 
15 309 
15 421 
15 447 
15 462 
16 33 
16 43 
16 56 
16 83 
16 182 
16 247 
16 286 
16 355 
16 472 
17 18 
17 21 
17 22 
17 27 
17 29 
17 33 
17 34 
17 44 
17 48 
17 53 
17 63 
17 70 
17 71 
17 74 
17 79 
17 84 
17 109 
17 134 
17 144 
17 145 
17 165 
17 178 
17 214 
17 215 
17 224 
17 225 
17 255 
17 265 
17 269 
17 286 
17 288 
17 290 
17 306 
17 334 
17 365 
17 371 
17 402 
17 414 
17 432 
17 462 
17 492 
18 23 
18 67 
18 85 
18 165 
18 170 
18 220 
18 282 
18 371 
18 433 
19 21 
19 24 
19 25 
19 34 
19 38 
19 51 
19 57 
19 58 
19 61 
19 69 
19 70 
19 86 
19 101 
19 122 
19 176 
19 196 
19 203 
19 216 
19 223 
19 244 
19 251 
19 276 
19 294 
19 295 
19 305 
19 329 
19 353 
19 392 
19 397 
19 417 
19 426 
19 464 
20 22 
20 36 
20 58 
20 68 
20 112 
20 166 
20 202 
20 368 
20 384 
21 25 
21 55 
21 75 
21 87 
21 101 
21 108 
21 118 
21 119 
21 122 
21 125 
21 133 
21 180 
21 205 
21 214 
21 231 
21 247 
21 259 
21 275 
21 294 
21 303 
21 362 
21 382 
21 391 
21 406 
21 423 
21 438 
21 476 
22 30 
22 57 
22 61 
22 67 
22 69 
22 86 
22 140 
22 184 
22 209 
22 230 
22 242 
22 267 
22 308 
22 320 
22 470 
22 492 
23 30 
23 59 
23 63 
23 68 
23 125 
23 135 
23 245 
23 321 
23 450 
23 482 
24 42 
24 53 
24 62 
24 67 
24 113 
24 121 
24 133 
24 229 
24 346 
24 443 
24 450 
25 33 
25 37 
25 39 
25 40 
25 46 
25 50 
25 52 
25 84 
25 119 
25 150 
25 151 
25 172 
25 208 
25 241 
25 244 
25 249 
25 287 
25 324 
25 334 
25 348 
25 370 
25 391 
25 395 
25 427 
25 437 
25 493 
26 40 
26 63 
26 80 
26 92 
26 109 
26 141 
26 153 
26 179 
26 187 
26 190 
26 200 
26 201 
26 214 
26 232 
26 238 
26 250 
26 258 
26 315 
26 317 
26 323 
26 364 
26 413 
26 450 
26 460 
26 466 
26 485 
27 43 
27 44 
27 47 
27 58 
27 88 
27 93 
27 94 
27 96 
27 136 
27 146 
27 160 
27 174 
27 176 
27 202 
27 206 
27 214 
27 268 
27 291 
27 297 
27 366 
27 379 
27 437 
27 452 
27 465 
27 480 
28 31 
28 39 
28 55 
28 113 
28 161 
28 186 
28 222 
28 254 
28 314 
28 318 
28 324 
28 462 
29 46 
29 49 
29 122 
29 242 
29 253 
29 258 
29 275 
29 301 
29 304 
29 338 
29 368 
29 438 
30 40 
30 50 
30 77 
30 90 
30 110 
30 132 
30 220 
30 251 
30 257 
30 259 
30 290 
30 367 
30 383 
30 385 
30 415 
30 420 
30 457 
31 32 
31 35 
31 65 
31 93 
31 126 
31 147 
31 151 
31 164 
31 171 
31 190 
31 222 
31 306 
31 309 
31 322 
31 385 
31 456 
32 38 
32 44 
32 102 
32 175 
32 212 
32 262 
32 274 
32 293 
32 397 
32 482 
32 489 
33 36 
33 39 
33 48 
33 57 
33 97 
33 117 
33 129 
33 192 
33 228 
33 231 
33 281 
33 488 
34 41 
34 56 
34 59 
34 73 
34 97 
34 104 
34 112 
34 113 
34 118 
34 130 
34 133 
34 149 
34 151 
34 153 
34 175 
34 186 
34 198 
34 240 
34 242 
34 252 
34 279 
34 293 
34 323 
34 357 
34 388 
34 413 
34 424 
34 448 
35 36 
35 67 
35 71 
35 93 
35 128 
35 158 
35 172 
35 235 
35 237 
35 282 
35 286 
35 300 
36 116 
36 143 
36 211 
36 268 
36 384 
36 395 
36 405 
36 473 
37 75 
37 94 
37 360 
38 73 
38 74 
38 83 
38 222 
38 293 
38 339 
38 367 
38 473 
39 66 
39 71 
39 141 
39 171 
39 415 
39 477 
40 45 
40 81 
40 108 
40 147 
40 149 
40 249 
40 286 
40 326 
40 332 
40 410 
40 478 
41 43 
41 60 
41 78 
41 81 
41 86 
41 113 
41 120 
41 123 
41 132 
41 143 
41 150 
41 235 
41 298 
41 303 
41 412 
41 477 
42 210 
42 373 
42 382 
42 402 
43 47 
43 76 
43 119 
43 229 
43 461 
43 468 
44 197 
44 203 
44 252 
44 258 
44 276 
44 329 
44 362 
44 372 
44 414 
44 418 
44 455 
44 495 
45 64 
45 105 
45 107 
45 111 
45 115 
45 129 
45 155 
45 174 
45 179 
45 185 
45 195 
45 217 
45 243 
45 308 
45 354 
45 375 
45 491 
46 60 
46 103 
46 126 
46 299 
46 328 
46 393 
47 61 
47 115 
47 130 
47 169 
47 177 
47 199 
47 453 
48 98 
48 120 
48 148 
48 198 
48 486 
49 70 
49 78 
49 79 
49 228 
49 269 
49 305 
50 59 
50 93 
50 142 
50 177 
50 193 
50 273 
50 284 
50 289 
50 357 
51 94 
51 105 
51 131 
51 157 
51 168 
51 180 
51 189 
51 201 
51 211 
51 243 
51 263 
51 270 
51 273 
51 301 
51 349 
51 351 
51 356 
51 387 
51 429 
51 448 
51 473 
51 489 
52 62 
52 126 
52 198 
52 246 
52 357 
52 359 
52 378 
52 392 
52 396 
52 398 
52 445 
52 451 
53 64 
53 144 
53 262 
53 322 
53 350 
53 474 
54 289 
54 337 
55 97 
55 117 
55 203 
55 302 
55 345 
55 383 
55 449 
56 69 
56 137 
56 209 
56 443 
58 99 
58 121 
58 140 
58 143 
58 150 
58 166 
58 276 
58 324 
58 359 
59 84 
59 85 
59 115 
60 170 
60 367 
61 78 
61 88 
61 136 
61 215 
61 277 
61 291 
61 293 
62 80 
62 114 
62 191 
62 319 
63 100 
63 248 
63 418 
63 420 
64 99 
64 120 
64 161 
64 162 
64 177 
64 380 
64 483 
65 129 
65 144 
65 196 
65 314 
65 323 
65 333 
66 95 
66 96 
66 159 
66 190 
66 234 
66 279 
66 292 
66 381 
67 89 
67 153 
67 201 
67 206 
67 232 
67 255 
67 273 
67 336 
67 430 
68 142 
68 218 
69 74 
69 75 
69 76 
69 83 
69 90 
69 110 
69 111 
69 119 
69 135 
69 145 
69 200 
69 229 
69 240 
69 278 
69 297 
69 312 
69 315 
69 326 
69 329 
69 361 
69 404 
69 435 
70 139 
70 209 
70 339 
70 347 
71 86 
71 100 
71 106 
71 202 
71 272 
71 303 
71 306 
71 313 
71 426 
71 499 
72 82 
72 127 
72 139 
72 164 
72 184 
72 213 
72 218 
72 264 
72 277 
72 288 
72 338 
72 467 
73 79 
73 120 
73 155 
73 323 
73 351 
74 137 
74 150 
74 178 
74 246 
74 278 
74 299 
74 433 
74 439 
74 443 
74 464 
75 108 
75 246 
76 167 
76 225 
77 114 
77 130 
77 157 
77 229 
77 272 
77 276 
78 87 
78 141 
78 445 
79 160 
79 170 
79 194 
79 216 
79 304 
79 388 
79 456 
79 479 
80 199 
80 411 
81 85 
82 274 
82 375 
82 434 
82 484 
83 296 
83 389 
83 394 
83 435 
84 92 
84 147 
84 205 
84 206 
84 256 
84 382 
84 431 
85 284 
86 114 
86 154 
86 163 
86 307 
86 349 
86 350 
87 91 
87 106 
87 121 
87 132 
87 160 
87 301 
87 334 
87 442 
87 464 
88 231 
88 440 
89 91 
89 122 
89 128 
89 268 
89 379 
89 487 
90 92 
90 173 
90 230 
90 277 
90 380 
91 185 
92 98 
92 116 
92 158 
92 162 
92 233 
92 305 
92 348 
92 408 
92 428 
92 454 
93 169 
93 235 
93 321 
93 330 
93 416 
93 485 
93 496 
94 145 
94 158 
94 191 
94 193 
94 238 
94 257 
94 261 
94 412 
95 204 
95 317 
95 331 
95 481 
95 490 
96 114 
96 126 
96 181 
96 193 
96 427 
97 127 
97 238 
97 254 
97 281 
97 421 
97 428 
98 155 
98 308 
98 314 
99 101 
99 171 
99 289 
99 298 
100 307 
100 344 
100 374 
100 463 
101 187 
101 309 
101 342 
101 421 
101 492 
102 197 
102 422 
103 160 
103 210 
103 402 
103 409 
103 424 
104 127 
104 178 
104 207 
104 236 
105 145 
105 148 
105 186 
105 378 
105 429 
106 137 
106 342 
107 123 
107 168 
107 219 
107 403 
109 157 
109 215 
109 373 
109 416 
110 143 
110 155 
110 156 
110 338 
111 136 
111 152 
111 166 
111 260 
111 284 
111 337 
111 360 
111 364 
111 404 
111 486 
112 123 
112 184 
112 230 
112 240 
112 313 
112 341 
112 432 
113 163 
113 181 
113 192 
113 212 
113 223 
113 307 
114 332 
114 362 
114 370 
114 458 
114 459 
114 479 
115 283 
115 390 
115 422 
116 127 
116 340 
116 480 
117 179 
117 365 
118 260 
119 193 
120 157 
120 181 
120 244 
120 285 
121 124 
121 134 
121 173 
121 248 
121 283 
121 285 
121 298 
121 416 
122 134 
122 146 
122 151 
122 154 
122 163 
122 174 
122 192 
122 314 
122 351 
122 403 
122 493 
123 138 
123 335 
123 490 
124 172 
124 363 
124 399 
124 491 
125 219 
125 306 
126 158 
126 249 
126 360 
126 398 
127 219 
128 345 
129 346 
130 248 
131 144 
131 165 
131 176 
131 182 
131 204 
131 311 
131 326 
131 380 
131 460 
133 139 
133 181 
133 217 
133 246 
133 252 
133 298 
133 319 
133 338 
133 342 
133 374 
133 376 
133 431 
133 479 
133 498 
134 269 
134 358 
134 399 
134 401 
135 138 
135 292 
135 467 
135 498 
136 250 
136 303 
136 333 
136 368 
136 492 
136 494 
137 159 
137 183 
138 163 
138 169 
138 375 
139 353 
139 467 
141 146 
141 207 
141 295 
141 417 
142 179 
142 189 
142 312 
143 218 
144 176 
144 274 
144 355 
144 482 
145 250 
145 254 
145 311 
145 331 
145 379 
145 410 
147 236 
148 262 
148 283 
148 284 
148 322 
149 226 
149 435 
150 345 
151 201 
151 221 
152 164 
152 168 
152 171 
152 178 
152 198 
152 220 
152 266 
152 460 
153 226 
153 287 
154 457 
155 458 
156 188 
156 271 
156 434 
156 488 
157 212 
157 316 
158 254 
158 431 
159 223 
159 440 
159 499 
160 169 
160 216 
160 223 
160 242 
160 354 
161 310 
161 358 
162 175 
162 183 
162 202 
162 320 
162 438 
162 445 
162 458 
162 466 
163 369 
163 387 
163 397 
163 406 
164 280 
164 289 
164 302 
164 331 
164 386 
164 405 
164 427 
164 429 
165 194 
165 217 
165 417 
165 449 
165 463 
166 195 
166 207 
166 235 
166 257 
166 336 
166 346 
167 227 
167 313 
167 404 
168 222 
168 318 
168 371 
169 228 
169 285 
169 454 
170 410 
170 465 
171 184 
171 370 
171 430 
172 241 
172 249 
173 288 
173 319 
173 357 
173 386 
174 282 
174 382 
175 264 
175 268 
175 472 
175 490 
178 208 
178 320 
178 475 
180 482 
181 183 
181 197 
181 221 
181 261 
181 280 
181 288 
181 335 
181 446 
181 495 
182 186 
182 213 
182 221 
182 241 
182 285 
182 297 
182 330 
182 359 
182 454 
183 265 
183 311 
183 387 
184 191 
184 321 
185 252 
185 343 
186 349 
186 455 
187 199 
187 294 
187 469 
188 343 
189 253 
189 308 
189 325 
189 361 
189 497 
190 196 
190 234 
190 282 
190 291 
191 237 
191 239 
191 373 
191 474 
191 481 
192 232 
192 283 
192 340 
192 396 
192 434 
193 208 
193 453 
193 472 
194 352 
194 475 
195 422 
195 459 
196 250 
196 376 
196 389 
196 469 
197 221 
198 264 
199 210 
199 226 
199 317 
200 384 
201 471 
202 224 
203 365 
203 376 
205 341 
206 271 
206 296 
206 350 
206 451 
206 489 
207 212 
207 394 
207 493 
208 213 
208 262 
208 363 
211 355 
211 396 
212 227 
212 325 
213 350 
213 446 
213 498 
214 299 
214 383 
214 425 
214 449 
214 489 
215 238 
215 264 
215 305 
215 371 
215 451 
216 230 
216 441 
218 236 
218 251 
218 363 
218 438 
219 245 
219 263 
219 269 
219 385 
219 415 
219 456 
219 481 
222 256 
222 348 
226 327 
226 353 
226 468 
227 310 
227 355 
227 358 
228 233 
228 241 
228 295 
228 391 
228 428 
228 485 
229 367 
229 381 
229 443 
230 270 
230 336 
231 301 
231 456 
231 490 
232 391 
234 279 
234 483 
235 272 
235 354 
235 403 
237 463 
238 458 
239 247 
241 280 
241 326 
241 486 
242 267 
242 486 
243 439 
243 483 
244 260 
244 397 
244 451 
245 420 
246 300 
246 315 
247 400 
248 261 
249 386 
252 309 
252 318 
253 257 
254 296 
254 347 
254 362 
255 319 
255 408 
256 381 
256 466 
257 478 
258 436 
258 473 
259 311 
259 381 
259 450 
260 310 
260 403 
260 424 
261 390 
262 343 
263 339 
264 272 
264 321 
265 273 
265 300 
265 401 
265 414 
266 287 
267 408 
269 369 
269 375 
269 433 
269 442 
270 446 
271 304 
271 337 
274 290 
274 470 
276 295 
276 413 
277 332 
277 448 
278 300 
278 409 
278 461 
279 497 
280 448 
281 415 
283 400 
283 425 
285 334 
285 426 
287 392 
287 498 
288 296 
288 328 
288 344 
288 422 
288 430 
288 446 
289 339 
289 437 
291 328 
291 354 
291 379 
292 315 
294 304 
294 351 
294 460 
295 364 
295 377 
295 472 
296 494 
297 344 
297 366 
297 388 
297 433 
299 423 
300 352 
300 385 
301 384 
302 373 
303 411 
305 466 
306 370 
306 414 
307 377 
307 491 
307 496 
308 325 
308 393 
308 469 
308 470 
308 477 
308 485 
308 487 
312 369 
313 442 
313 453 
314 424 
314 437 
320 330 
320 418 
322 360 
322 488 
324 356 
324 427 
325 330 
325 356 
325 499 
326 425 
326 480 
327 353 
327 366 
327 406 
327 412 
328 333 
328 399 
329 475 
332 335 
333 484 
336 426 
338 388 
338 455 
339 393 
340 365 
341 372 
341 452 
342 380 
342 413 
343 345 
343 464 
344 481 
346 368 
346 407 
346 436 
347 383 
347 484 
352 378 
354 407 
358 497 
362 412 
363 407 
363 496 
365 440 
366 449 
368 377 
369 459 
370 392 
371 447 
373 478 
373 484 
378 393 
379 401 
380 499 
383 420 
384 441 
385 410 
391 487 
394 395 
398 400 
399 467 
402 491 
417 444 
422 453 
424 471 
424 495 
426 495 
430 447 
431 439 
437 474 
443 476 
470 478 
485 493 
491 494 
