false
false
500
1988
0 1 
0 3 
0 4 
0 6 
0 7 
0 8 
0 10 
0 11 
0 12 
0 13 
0 15 
0 19 
0 23 
0 26 
0 29 
0 31 
0 41 
0 49 
0 63 
0 64 
0 67 
0 79 
0 89 
0 120 
0 122 
0 123 
0 126 
0 135 
0 136 
0 144 
0 159 
0 175 
0 179 
0 192 
0 194 
0 202 
0 208 
0 209 
0 226 
0 235 
0 240 
0 251 
0 258 
0 261 
0 276 
0 288 
0 290 
0 305 
0 308 
0 333 
0 346 
0 368 
0 372 
0 383 
0 394 
0 413 
0 420 
0 427 
0 429 
0 438 
0 456 
0 467 
0 472 
0 487 
1 2 
1 4 
1 5 
1 6 
1 7 
1 9 
1 10 
1 15 
1 18 
1 21 
1 22 
1 24 
1 26 
1 35 
1 40 
1 59 
1 61 
1 64 
1 68 
1 71 
1 75 
1 82 
1 85 
1 89 
1 93 
1 99 
1 101 
1 103 
1 106 
1 110 
1 114 
1 116 
1 122 
1 126 
1 138 
1 144 
1 148 
1 163 
1 165 
1 169 
1 171 
1 189 
1 190 
1 203 
1 210 
1 212 
1 213 
1 216 
1 223 
1 249 
1 255 
1 269 
1 295 
1 297 
1 309 
1 320 
1 350 
1 361 
1 379 
1 416 
1 427 
1 428 
1 439 
1 467 
1 470 
1 475 
1 476 
1 483 
1 497 
1 498 
2 3 
2 4 
2 5 
2 8 
2 10 
2 13 
2 17 
2 21 
2 25 
2 27 
2 28 
2 29 
2 32 
2 33 
2 36 
2 37 
2 40 
2 41 
2 42 
2 50 
2 57 
2 58 
2 69 
2 77 
2 82 
2 83 
2 100 
2 102 
2 105 
2 112 
2 117 
2 125 
2 128 
2 134 
2 171 
2 172 
2 192 
2 194 
2 198 
2 209 
2 214 
2 220 
2 232 
2 238 
2 239 
2 282 
2 284 
2 299 
2 315 
2 342 
2 344 
2 345 
2 362 
2 409 
2 410 
2 425 
2 428 
2 432 
2 434 
2 460 
2 462 
2 469 
2 486 
2 497 
3 4 
3 5 
3 6 
3 8 
3 10 
3 12 
3 17 
3 20 
3 29 
3 30 
3 31 
3 34 
3 39 
3 40 
3 46 
3 47 
3 49 
3 53 
3 66 
3 67 
3 73 
3 76 
3 78 
3 82 
3 90 
3 100 
3 102 
3 106 
3 141 
3 152 
3 165 
3 186 
3 200 
3 207 
3 232 
3 247 
3 279 
3 282 
3 294 
3 296 
3 306 
3 310 
3 326 
3 343 
3 348 
3 352 
3 360 
3 383 
3 394 
3 400 
3 433 
3 453 
3 473 
3 474 
3 480 
4 5 
4 7 
4 8 
4 9 
4 11 
4 14 
4 16 
4 19 
4 20 
4 23 
4 25 
4 27 
4 28 
4 29 
4 31 
4 43 
4 44 
4 45 
4 46 
4 48 
4 52 
4 67 
4 71 
4 79 
4 81 
4 83 
4 86 
4 88 
4 94 
4 97 
4 99 
4 104 
4 109 
4 156 
4 158 
4 160 
4 164 
4 201 
4 220 
4 229 
4 242 
4 268 
4 269 
4 290 
4 295 
4 301 
4 304 
4 308 
4 319 
4 356 
4 375 
4 383 
4 385 
4 395 
4 402 
4 409 
4 451 
4 462 
5 6 
5 7 
5 11 
5 12 
5 14 
5 16 
5 45 
5 46 
5 47 
5 51 
5 53 
5 55 
5 56 
5 63 
5 67 
5 69 
5 83 
5 84 
5 89 
5 105 
5 107 
5 109 
5 110 
5 127 
5 135 
5 140 
5 142 
5 147 
5 156 
5 164 
5 170 
5 183 
5 187 
5 191 
5 197 
5 199 
5 201 
5 215 
5 216 
5 223 
5 231 
5 233 
5 235 
5 237 
5 243 
5 253 
5 255 
5 274 
5 275 
5 279 
5 286 
5 304 
5 306 
5 327 
5 332 
5 345 
5 354 
5 355 
5 358 
5 369 
5 381 
5 389 
5 390 
5 397 
5 405 
5 407 
5 495 
6 14 
6 15 
6 20 
6 22 
6 30 
6 32 
6 33 
6 43 
6 45 
6 57 
6 72 
6 87 
6 128 
6 129 
6 144 
6 146 
6 173 
6 220 
6 253 
6 273 
6 392 
6 419 
7 9 
7 16 
7 17 
7 23 
7 24 
7 35 
7 74 
7 81 
7 86 
7 87 
7 88 
7 93 
7 95 
7 99 
7 118 
7 125 
7 143 
7 145 
7 166 
7 175 
7 187 
7 224 
7 228 
7 230 
7 256 
7 257 
7 266 
7 285 
7 309 
7 336 
7 342 
7 352 
7 386 
7 395 
7 490 
8 9 
8 12 
8 13 
8 28 
8 30 
8 32 
8 34 
8 44 
8 51 
8 52 
8 66 
8 92 
8 103 
8 109 
8 113 
8 118 
8 124 
8 149 
8 154 
8 155 
8 168 
8 170 
8 176 
8 178 
8 179 
8 198 
8 208 
8 248 
8 272 
8 299 
8 305 
8 315 
8 334 
8 354 
8 355 
8 377 
8 418 
8 425 
8 429 
8 438 
8 479 
9 11 
9 18 
9 21 
9 30 
9 37 
9 43 
9 47 
9 55 
9 61 
9 62 
9 72 
9 94 
9 110 
9 118 
9 138 
9 145 
9 181 
9 182 
9 233 
9 250 
9 274 
9 288 
9 294 
9 304 
9 385 
9 397 
9 457 
9 486 
9 495 
10 17 
10 18 
10 23 
10 34 
10 42 
10 48 
10 49 
10 76 
10 107 
10 114 
10 138 
10 148 
10 151 
10 165 
10 184 
10 185 
10 194 
10 276 
10 277 
10 309 
10 343 
10 426 
10 456 
10 466 
10 479 
11 19 
11 22 
11 25 
11 38 
11 50 
11 71 
11 74 
11 77 
11 81 
11 87 
11 143 
11 302 
11 329 
11 454 
12 13 
12 24 
12 48 
12 79 
12 161 
12 250 
12 368 
12 493 
13 14 
13 88 
13 187 
13 217 
13 240 
13 337 
14 15 
14 18 
14 20 
14 27 
14 55 
14 82 
14 97 
14 112 
14 135 
14 153 
14 199 
14 219 
14 256 
14 262 
14 325 
14 326 
14 332 
14 341 
14 409 
14 470 
14 474 
15 16 
15 35 
15 37 
15 53 
15 54 
15 60 
15 74 
15 107 
15 108 
15 114 
15 132 
15 165 
15 167 
15 201 
15 227 
15 245 
15 257 
15 261 
15 268 
15 314 
15 318 
15 325 
15 329 
15 366 
15 370 
15 374 
15 464 
16 21 
16 22 
16 24 
16 39 
16 42 
16 56 
16 58 
16 59 
16 61 
16 66 
16 70 
16 71 
16 86 
16 102 
16 104 
16 106 
16 120 
16 124 
16 129 
16 146 
16 156 
16 162 
16 187 
16 193 
16 199 
16 234 
16 271 
16 277 
16 281 
16 285 
16 296 
16 299 
16 301 
16 303 
16 314 
16 352 
16 359 
16 396 
16 407 
16 410 
16 417 
16 420 
16 423 
16 442 
16 449 
16 453 
16 471 
16 487 
16 489 
17 25 
17 32 
17 41 
17 62 
17 63 
17 79 
17 83 
17 100 
17 226 
17 250 
17 259 
17 260 
17 262 
17 301 
17 424 
17 449 
17 459 
18 19 
18 42 
18 111 
18 145 
18 300 
18 422 
18 454 
18 478 
19 28 
19 39 
19 73 
19 102 
19 148 
19 269 
19 330 
19 376 
20 26 
20 27 
20 72 
20 122 
20 131 
20 141 
20 193 
20 206 
20 251 
20 258 
20 293 
20 313 
20 394 
20 475 
21 100 
21 142 
21 195 
21 270 
21 273 
21 285 
21 292 
21 296 
21 318 
21 441 
22 26 
22 57 
22 64 
22 78 
22 80 
22 88 
22 98 
22 104 
22 108 
22 141 
22 154 
22 158 
22 349 
22 365 
22 376 
22 424 
22 463 
23 35 
23 53 
23 54 
23 55 
23 56 
23 65 
23 111 
23 126 
23 180 
23 193 
23 203 
23 267 
23 354 
24 31 
24 33 
24 47 
24 65 
24 113 
24 123 
24 128 
24 130 
24 266 
24 323 
24 371 
24 408 
24 414 
24 420 
25 121 
25 130 
25 137 
25 139 
25 155 
25 179 
25 246 
25 260 
25 288 
25 295 
25 352 
25 367 
25 405 
25 484 
26 38 
26 39 
26 58 
26 70 
26 75 
26 103 
26 137 
26 151 
26 312 
26 382 
26 495 
26 497 
27 37 
27 38 
27 40 
27 43 
27 94 
27 119 
27 136 
27 144 
27 147 
27 150 
27 159 
27 168 
27 175 
27 178 
27 202 
27 214 
27 231 
27 237 
27 258 
27 289 
27 291 
27 306 
27 374 
27 377 
27 385 
27 386 
27 482 
28 33 
28 65 
28 80 
28 92 
28 153 
28 213 
28 263 
28 277 
28 329 
28 366 
29 54 
29 85 
29 89 
29 96 
29 136 
29 139 
29 197 
29 234 
29 263 
29 293 
29 369 
29 377 
29 378 
29 474 
29 496 
30 34 
30 36 
30 44 
30 52 
30 70 
30 81 
30 90 
30 98 
30 130 
30 146 
30 161 
30 169 
30 229 
30 231 
30 242 
30 268 
30 273 
30 291 
30 312 
30 351 
30 402 
30 445 
30 453 
30 455 
30 460 
30 499 
31 36 
31 60 
31 62 
31 112 
31 119 
31 140 
31 174 
31 179 
31 209 
31 244 
31 267 
31 342 
31 481 
32 45 
32 289 
32 360 
32 364 
32 475 
33 50 
33 51 
33 72 
33 77 
33 91 
33 95 
33 210 
34 68 
34 69 
34 139 
34 204 
34 224 
34 227 
34 234 
34 388 
34 415 
34 468 
35 36 
35 46 
35 58 
35 63 
35 78 
35 85 
35 115 
35 116 
35 119 
35 183 
35 196 
35 286 
35 302 
35 331 
35 425 
35 467 
36 38 
36 56 
36 62 
36 76 
36 84 
36 115 
36 146 
36 167 
36 171 
36 172 
36 178 
36 192 
36 203 
36 209 
36 213 
36 234 
36 247 
36 280 
36 287 
36 290 
36 304 
36 314 
36 387 
36 418 
36 430 
36 435 
36 474 
36 476 
37 41 
37 44 
37 111 
37 127 
37 152 
37 407 
38 64 
38 74 
38 90 
38 91 
38 119 
38 133 
38 142 
38 150 
38 156 
38 176 
38 279 
38 389 
38 406 
38 430 
38 465 
39 73 
39 93 
39 103 
39 140 
39 157 
39 158 
39 215 
39 218 
39 225 
39 323 
39 437 
39 475 
39 487 
40 84 
40 107 
40 137 
40 149 
40 164 
40 225 
40 226 
40 292 
40 326 
40 339 
40 371 
40 489 
41 92 
41 132 
41 243 
41 333 
42 117 
42 131 
42 132 
42 147 
42 283 
42 358 
42 436 
42 437 
43 51 
43 59 
43 112 
43 182 
43 298 
43 300 
43 327 
43 340 
43 387 
43 468 
43 478 
44 68 
44 150 
44 191 
44 208 
44 222 
44 242 
44 249 
44 310 
44 313 
44 381 
44 440 
44 458 
45 52 
45 93 
45 108 
45 321 
45 353 
46 48 
46 50 
46 65 
46 87 
46 95 
46 120 
46 310 
46 356 
46 457 
47 59 
47 85 
47 86 
47 91 
47 109 
47 117 
47 142 
47 193 
47 221 
47 236 
47 257 
47 281 
47 326 
47 366 
47 390 
47 415 
47 452 
47 486 
48 49 
48 195 
48 269 
48 461 
49 68 
49 70 
49 95 
49 98 
49 121 
49 124 
49 126 
49 143 
49 164 
49 177 
49 181 
49 200 
49 204 
49 206 
49 222 
49 228 
49 230 
49 303 
49 322 
49 336 
49 341 
49 374 
49 380 
49 389 
49 415 
49 426 
49 496 
50 184 
50 227 
50 394 
50 401 
50 444 
51 54 
51 113 
51 158 
51 219 
51 250 
51 311 
51 364 
51 414 
51 493 
52 57 
52 60 
52 96 
52 113 
52 139 
52 152 
52 160 
52 168 
52 178 
52 188 
52 189 
52 244 
52 278 
52 321 
52 349 
52 433 
52 449 
52 488 
52 499 
53 60 
53 66 
53 73 
53 173 
53 182 
53 207 
53 219 
53 241 
53 264 
53 290 
53 292 
53 347 
53 364 
53 419 
53 423 
53 466 
53 492 
54 69 
54 118 
54 134 
54 176 
54 211 
54 224 
54 243 
54 259 
54 315 
54 407 
54 464 
54 496 
55 180 
55 195 
55 203 
55 205 
55 227 
55 240 
55 363 
55 378 
56 96 
56 97 
56 114 
56 129 
56 189 
56 226 
56 228 
56 272 
56 282 
56 299 
56 340 
56 346 
56 365 
56 480 
57 61 
57 174 
57 210 
57 239 
57 255 
57 391 
57 427 
57 469 
58 212 
58 260 
58 346 
58 460 
59 97 
59 239 
59 292 
59 395 
59 408 
59 453 
60 90 
60 101 
60 110 
60 298 
61 127 
61 161 
61 173 
61 174 
61 181 
61 220 
61 272 
61 372 
62 138 
62 166 
62 186 
62 218 
62 259 
62 307 
62 397 
63 123 
63 370 
64 105 
64 117 
64 160 
64 443 
64 481 
64 491 
65 131 
65 157 
65 166 
65 191 
65 278 
65 298 
65 382 
65 462 
65 484 
66 77 
66 78 
66 96 
66 105 
66 151 
66 163 
66 168 
66 186 
66 279 
66 283 
66 340 
67 145 
67 218 
67 221 
67 224 
67 285 
67 319 
67 338 
68 134 
68 376 
68 434 
68 466 
69 75 
69 162 
69 190 
69 253 
69 302 
69 448 
70 210 
70 214 
70 316 
70 401 
70 443 
71 80 
71 124 
71 133 
71 205 
71 263 
71 286 
71 297 
71 347 
71 356 
71 376 
72 75 
72 106 
72 121 
72 125 
72 128 
72 152 
72 155 
72 185 
72 188 
72 196 
72 197 
72 202 
72 230 
72 246 
72 274 
72 316 
72 325 
72 399 
72 402 
72 421 
72 477 
73 80 
73 94 
73 125 
73 254 
74 76 
74 104 
74 166 
74 221 
75 98 
75 170 
75 177 
75 213 
75 216 
75 335 
75 337 
75 348 
75 370 
75 493 
76 116 
76 127 
76 137 
76 192 
76 205 
77 149 
77 157 
77 236 
77 320 
77 336 
77 378 
77 420 
78 120 
78 277 
78 322 
78 421 
78 422 
78 441 
78 470 
79 84 
79 99 
81 270 
81 278 
81 406 
81 413 
82 92 
82 121 
82 204 
82 238 
82 334 
83 188 
84 134 
84 217 
84 293 
84 355 
84 405 
84 471 
85 372 
86 91 
86 136 
86 169 
86 185 
86 189 
86 223 
86 367 
86 431 
86 482 
87 122 
87 184 
87 404 
88 265 
88 473 
89 256 
90 108 
90 111 
90 123 
90 167 
90 181 
90 218 
90 287 
90 321 
91 284 
91 444 
91 481 
92 131 
92 157 
92 171 
92 262 
92 271 
92 283 
93 153 
93 275 
93 280 
93 287 
93 400 
94 300 
95 281 
95 286 
95 289 
95 356 
96 101 
96 264 
96 308 
96 486 
97 101 
97 344 
97 384 
97 465 
98 161 
98 233 
98 309 
98 320 
98 338 
98 442 
100 163 
100 237 
100 275 
100 317 
100 450 
101 141 
102 214 
102 245 
102 325 
102 335 
103 174 
103 263 
103 267 
103 307 
103 357 
103 379 
103 462 
104 133 
104 148 
104 151 
104 406 
104 455 
104 463 
105 129 
105 150 
105 162 
105 175 
105 184 
105 207 
105 334 
105 403 
105 483 
106 251 
106 252 
106 270 
107 115 
107 212 
107 221 
107 241 
107 294 
107 363 
107 379 
108 115 
108 350 
108 404 
109 149 
109 282 
111 116 
111 130 
111 143 
111 180 
111 204 
111 271 
111 472 
112 135 
112 173 
112 180 
112 241 
112 260 
112 303 
112 349 
112 469 
113 206 
113 294 
113 318 
113 423 
113 430 
113 447 
114 154 
114 177 
114 249 
114 311 
116 190 
116 291 
116 307 
116 310 
116 348 
116 497 
118 308 
118 369 
119 133 
119 268 
119 396 
119 415 
120 384 
120 442 
120 450 
121 162 
121 177 
122 217 
122 373 
122 436 
124 176 
125 182 
125 271 
127 155 
128 172 
129 183 
129 383 
129 470 
130 132 
130 283 
130 284 
130 398 
131 140 
131 198 
131 272 
131 338 
131 359 
132 280 
132 345 
133 163 
133 194 
133 317 
133 368 
133 390 
133 395 
133 404 
133 450 
134 230 
134 330 
136 265 
136 444 
137 353 
138 154 
138 317 
138 348 
138 362 
139 159 
139 249 
139 374 
139 428 
140 200 
140 228 
140 319 
140 344 
140 385 
140 410 
141 147 
141 200 
141 208 
141 280 
141 445 
142 379 
143 153 
143 316 
143 337 
143 365 
145 159 
145 422 
145 449 
145 491 
146 172 
146 183 
146 231 
146 464 
149 215 
149 341 
149 381 
150 297 
150 301 
150 367 
151 170 
151 211 
151 334 
151 401 
152 186 
152 287 
152 317 
152 432 
152 452 
152 454 
153 215 
153 219 
153 346 
154 211 
154 253 
155 185 
156 235 
156 278 
156 316 
156 327 
156 331 
156 361 
156 426 
156 443 
156 488 
156 499 
157 160 
157 167 
157 246 
158 238 
158 359 
158 375 
159 312 
159 377 
160 207 
160 329 
160 398 
162 169 
162 190 
162 195 
162 206 
163 332 
163 452 
163 458 
163 468 
164 386 
165 254 
165 408 
166 300 
166 328 
166 413 
167 232 
167 414 
168 217 
168 229 
168 245 
168 288 
168 322 
168 350 
169 216 
170 188 
170 281 
171 222 
171 241 
171 251 
171 332 
171 351 
171 361 
171 448 
172 345 
172 382 
174 380 
174 435 
174 492 
175 365 
175 381 
176 261 
176 431 
176 433 
176 447 
178 191 
178 196 
178 254 
178 291 
178 295 
178 419 
178 491 
178 498 
179 327 
180 247 
181 380 
181 400 
181 434 
182 242 
182 324 
183 196 
183 202 
183 240 
183 262 
183 264 
183 311 
185 275 
185 347 
185 393 
186 371 
186 387 
186 424 
186 427 
186 446 
186 469 
187 197 
187 305 
187 335 
187 421 
188 205 
188 323 
188 339 
188 412 
188 441 
189 353 
190 211 
190 252 
190 258 
190 274 
190 311 
190 347 
190 357 
191 247 
191 492 
192 201 
192 318 
192 368 
193 199 
193 245 
193 343 
195 312 
196 198 
196 246 
196 264 
196 412 
196 442 
196 482 
197 331 
197 403 
197 461 
197 473 
198 313 
198 452 
199 212 
199 222 
199 235 
199 248 
199 267 
199 367 
199 388 
199 404 
199 483 
202 339 
202 351 
202 429 
203 386 
203 413 
204 426 
204 454 
205 229 
205 244 
205 248 
205 488 
206 307 
207 485 
208 388 
209 225 
209 313 
209 319 
209 331 
209 380 
209 411 
209 424 
209 430 
209 451 
209 480 
210 223 
210 399 
211 324 
212 225 
212 238 
212 255 
212 361 
212 401 
212 459 
213 439 
213 444 
213 479 
213 494 
214 237 
214 298 
214 432 
215 448 
216 270 
217 252 
217 355 
217 399 
217 440 
218 236 
219 338 
219 340 
219 435 
219 443 
220 257 
220 388 
221 236 
221 276 
222 243 
222 254 
222 259 
222 484 
223 293 
223 305 
223 472 
225 232 
225 417 
226 265 
227 330 
227 421 
229 233 
229 261 
229 289 
230 398 
231 416 
232 303 
232 373 
232 471 
233 302 
233 323 
235 276 
235 468 
235 496 
237 244 
237 252 
237 435 
237 478 
238 239 
238 266 
238 314 
240 266 
240 296 
240 458 
240 493 
241 265 
241 392 
241 451 
241 459 
242 362 
242 384 
242 495 
245 403 
246 248 
247 330 
247 343 
248 328 
248 375 
248 412 
248 460 
248 477 
248 499 
249 400 
249 437 
250 324 
250 464 
251 256 
252 369 
252 446 
252 479 
256 370 
256 445 
257 382 
262 273 
262 284 
262 447 
264 297 
265 484 
267 353 
267 399 
270 393 
270 416 
271 446 
275 321 
275 416 
275 438 
275 440 
279 306 
280 315 
280 322 
280 396 
280 490 
281 337 
281 433 
282 344 
282 378 
282 393 
282 461 
282 476 
283 328 
284 341 
284 465 
284 498 
285 336 
285 364 
287 339 
288 425 
288 436 
289 333 
289 457 
292 360 
295 403 
296 324 
296 373 
297 360 
297 472 
298 320 
299 389 
299 450 
301 372 
301 391 
301 431 
301 432 
301 481 
302 335 
302 362 
302 410 
304 371 
304 397 
305 350 
306 492 
307 357 
307 439 
308 342 
309 398 
309 409 
309 456 
310 392 
314 461 
315 357 
315 391 
315 412 
315 417 
316 463 
316 477 
316 487 
321 446 
322 363 
323 445 
324 328 
324 419 
327 349 
327 373 
328 375 
330 423 
330 457 
330 488 
330 490 
331 333 
331 483 
333 393 
333 418 
333 490 
334 422 
334 465 
336 440 
338 366 
338 402 
342 359 
345 384 
346 358 
346 451 
347 489 
348 471 
349 351 
349 354 
349 498 
351 358 
357 406 
358 437 
359 434 
360 363 
361 478 
362 390 
362 405 
363 417 
364 418 
366 396 
366 429 
366 456 
374 391 
374 463 
374 491 
377 411 
379 411 
380 387 
382 448 
383 439 
386 414 
389 392 
394 408 
394 428 
394 455 
398 455 
400 459 
402 411 
411 431 
411 480 
412 438 
412 447 
417 458 
417 494 
421 441 
430 436 
448 467 
448 476 
454 466 
456 485 
465 482 
465 485 
468 494 
469 473 
475 477 
475 485 
486 489 
486 494 
