false
false
500
1988
0 1 
0 3 
0 4 
0 5 
0 6 
0 7 
0 8 
0 9 
0 11 
0 12 
0 13 
0 15 
0 16 
0 17 
0 18 
0 21 
0 26 
0 27 
0 41 
0 42 
0 47 
0 48 
0 52 
0 54 
0 76 
0 82 
0 86 
0 91 
0 94 
0 96 
0 103 
0 112 
0 124 
0 125 
0 160 
0 163 
0 169 
0 170 
0 178 
0 204 
0 210 
0 219 
0 231 
0 236 
0 264 
0 280 
0 289 
0 299 
0 308 
0 311 
0 318 
0 339 
0 373 
0 375 
0 394 
0 406 
0 409 
0 417 
0 418 
0 440 
0 453 
0 476 
1 2 
1 4 
1 5 
1 12 
1 15 
1 20 
1 23 
1 40 
1 41 
1 42 
1 50 
1 57 
1 69 
1 71 
1 72 
1 80 
1 81 
1 82 
1 86 
1 88 
1 94 
1 106 
1 110 
1 116 
1 118 
1 119 
1 123 
1 131 
1 137 
1 146 
1 166 
1 174 
1 178 
1 192 
1 196 
1 213 
1 215 
1 216 
1 222 
1 227 
1 233 
1 234 
1 249 
1 251 
1 254 
1 277 
1 283 
1 298 
1 313 
1 315 
1 322 
1 346 
1 347 
1 353 
1 367 
1 371 
1 400 
1 446 
1 451 
1 457 
1 458 
1 468 
2 3 
2 4 
2 6 
2 7 
2 10 
2 13 
2 14 
2 20 
2 22 
2 25 
2 31 
2 32 
2 54 
2 67 
2 70 
2 76 
2 89 
2 108 
2 126 
2 127 
2 144 
2 147 
2 152 
2 155 
2 188 
2 200 
2 201 
2 210 
2 221 
2 238 
2 246 
2 254 
2 255 
2 265 
2 270 
2 272 
2 292 
2 301 
2 347 
2 394 
2 399 
2 435 
2 449 
2 450 
2 470 
2 495 
3 4 
3 5 
3 8 
3 11 
3 17 
3 25 
3 35 
3 72 
3 102 
3 103 
3 119 
3 144 
3 172 
3 179 
3 190 
3 282 
3 286 
3 301 
3 393 
3 434 
4 5 
4 6 
4 7 
4 8 
4 9 
4 14 
4 15 
4 17 
4 18 
4 19 
4 20 
4 21 
4 28 
4 33 
4 40 
4 42 
4 46 
4 50 
4 56 
4 59 
4 60 
4 62 
4 64 
4 72 
4 87 
4 90 
4 99 
4 113 
4 115 
4 127 
4 134 
4 135 
4 137 
4 138 
4 141 
4 147 
4 150 
4 174 
4 183 
4 185 
4 186 
4 189 
4 193 
4 220 
4 243 
4 257 
4 274 
4 283 
4 287 
4 317 
4 331 
4 371 
4 377 
4 391 
4 402 
4 412 
4 414 
4 422 
4 446 
4 450 
4 455 
4 456 
4 469 
4 471 
4 489 
4 499 
5 6 
5 9 
5 13 
5 24 
5 25 
5 26 
5 27 
5 31 
5 35 
5 39 
5 47 
5 48 
5 51 
5 56 
5 62 
5 66 
5 70 
5 71 
5 75 
5 77 
5 82 
5 114 
5 115 
5 117 
5 119 
5 122 
5 143 
5 148 
5 160 
5 165 
5 166 
5 175 
5 176 
5 198 
5 212 
5 224 
5 239 
5 277 
5 279 
5 333 
5 340 
5 349 
5 378 
5 420 
5 427 
5 441 
5 474 
5 490 
5 499 
6 7 
6 8 
6 9 
6 15 
6 26 
6 40 
6 42 
6 51 
6 60 
6 62 
6 66 
6 74 
6 87 
6 90 
6 91 
6 100 
6 105 
6 107 
6 109 
6 115 
6 122 
6 152 
6 153 
6 157 
6 168 
6 185 
6 186 
6 195 
6 205 
6 221 
6 226 
6 240 
6 247 
6 251 
6 255 
6 256 
6 263 
6 306 
6 353 
6 362 
6 364 
6 369 
6 374 
6 375 
6 381 
6 382 
6 387 
6 399 
6 443 
6 451 
6 475 
6 488 
7 10 
7 21 
7 23 
7 30 
7 51 
7 66 
7 73 
7 101 
7 102 
7 105 
7 128 
7 133 
7 149 
7 163 
7 216 
7 223 
7 271 
7 362 
7 392 
7 427 
7 437 
7 478 
8 10 
8 11 
8 16 
8 17 
8 18 
8 24 
8 32 
8 34 
8 37 
8 53 
8 58 
8 65 
8 67 
8 68 
8 75 
8 88 
8 105 
8 108 
8 110 
8 123 
8 139 
8 157 
8 234 
8 255 
8 298 
8 315 
8 410 
8 425 
8 455 
8 471 
8 480 
9 10 
9 11 
9 12 
9 13 
9 16 
9 19 
9 22 
9 24 
9 27 
9 28 
9 38 
9 54 
9 64 
9 99 
9 108 
9 129 
9 146 
9 173 
9 205 
9 241 
9 250 
9 272 
9 293 
9 341 
9 344 
9 364 
9 370 
9 415 
9 447 
9 453 
10 12 
10 23 
10 30 
10 50 
10 102 
10 119 
10 237 
10 293 
10 307 
10 317 
10 490 
11 14 
11 20 
11 31 
11 32 
11 34 
11 38 
11 39 
11 44 
11 55 
11 64 
11 65 
11 74 
11 75 
11 84 
11 91 
11 99 
11 107 
11 111 
11 117 
11 140 
11 148 
11 154 
11 158 
11 161 
11 169 
11 170 
11 198 
11 217 
11 233 
11 234 
11 256 
11 265 
11 269 
11 276 
11 282 
11 292 
11 314 
11 338 
11 355 
11 378 
11 388 
11 390 
11 393 
11 406 
11 428 
11 439 
11 454 
11 464 
11 498 
12 24 
12 47 
12 49 
12 144 
12 175 
12 189 
12 219 
12 241 
12 321 
12 323 
12 451 
12 456 
12 482 
12 486 
12 494 
13 14 
13 19 
13 27 
13 29 
13 34 
13 38 
13 41 
13 45 
13 59 
13 76 
13 78 
13 123 
13 129 
13 134 
13 136 
13 147 
13 150 
13 201 
13 225 
13 231 
13 249 
13 253 
13 290 
13 291 
13 294 
13 315 
13 333 
13 359 
13 368 
13 387 
13 404 
13 436 
13 454 
13 481 
13 484 
14 26 
14 33 
14 34 
14 45 
14 52 
14 58 
14 70 
14 101 
14 140 
14 153 
14 162 
14 171 
14 176 
14 185 
14 202 
14 211 
14 356 
14 366 
14 393 
14 436 
14 486 
14 499 
15 16 
15 30 
15 36 
15 73 
15 83 
15 95 
15 132 
15 173 
15 179 
15 184 
15 215 
15 233 
15 313 
15 324 
15 403 
16 19 
16 22 
16 46 
16 55 
16 71 
16 84 
16 85 
16 92 
16 97 
16 124 
16 130 
16 140 
16 142 
16 145 
16 150 
16 160 
16 211 
16 275 
16 285 
16 302 
16 337 
16 350 
16 439 
16 477 
16 498 
17 18 
17 21 
17 28 
17 29 
17 31 
17 37 
17 50 
17 55 
17 57 
17 59 
17 82 
17 84 
17 116 
17 124 
17 151 
17 168 
17 172 
17 177 
17 182 
17 194 
17 230 
17 289 
17 296 
17 387 
17 424 
17 436 
17 477 
17 493 
18 29 
18 30 
18 39 
18 63 
18 98 
18 127 
18 192 
18 248 
18 314 
18 334 
18 342 
18 343 
18 372 
18 373 
18 412 
18 437 
18 458 
19 22 
19 28 
19 35 
19 43 
19 49 
19 63 
19 65 
19 76 
19 77 
19 81 
19 83 
19 103 
19 152 
19 159 
19 177 
19 182 
19 189 
19 314 
19 399 
19 461 
19 474 
20 360 
21 36 
21 43 
21 48 
21 106 
21 120 
21 168 
21 204 
21 239 
21 241 
21 245 
21 365 
21 431 
21 490 
22 23 
22 25 
22 32 
22 43 
22 140 
22 188 
22 352 
22 379 
23 49 
23 73 
23 85 
23 90 
23 100 
23 109 
23 114 
23 117 
23 133 
23 144 
23 168 
23 321 
23 325 
23 345 
23 357 
23 381 
24 29 
24 67 
24 89 
24 96 
24 137 
24 193 
24 195 
24 206 
24 214 
24 219 
24 240 
24 280 
24 409 
24 465 
24 473 
24 483 
25 101 
25 322 
26 37 
26 48 
26 56 
26 58 
26 83 
26 87 
26 118 
26 125 
26 171 
26 224 
26 270 
26 336 
26 342 
26 375 
26 404 
27 39 
27 40 
27 44 
27 58 
27 63 
27 79 
27 86 
27 98 
27 142 
27 191 
27 217 
27 280 
27 325 
27 383 
27 414 
27 460 
28 55 
28 83 
28 98 
28 145 
28 158 
28 191 
28 229 
28 288 
28 357 
28 392 
28 405 
28 431 
29 36 
29 61 
29 69 
29 70 
29 109 
29 116 
29 128 
29 135 
29 166 
29 192 
29 327 
29 354 
29 405 
29 458 
29 496 
30 33 
30 35 
30 36 
30 46 
30 54 
30 78 
30 103 
30 206 
30 209 
30 226 
30 231 
30 250 
30 296 
30 313 
30 414 
30 467 
30 492 
31 37 
31 41 
31 71 
31 153 
31 193 
31 210 
31 283 
31 323 
31 428 
32 33 
32 43 
32 45 
32 106 
32 177 
32 198 
32 199 
32 206 
32 221 
32 276 
32 297 
32 328 
32 343 
32 372 
32 383 
33 47 
33 57 
33 59 
33 60 
33 89 
33 97 
33 124 
33 143 
33 177 
33 181 
33 189 
33 232 
33 242 
33 290 
33 329 
33 362 
33 383 
33 408 
34 38 
34 85 
34 98 
34 135 
36 45 
36 64 
36 101 
36 111 
36 121 
36 126 
36 214 
36 215 
36 260 
36 289 
36 292 
36 319 
36 401 
36 432 
36 481 
37 61 
37 68 
37 136 
37 141 
37 199 
37 260 
37 304 
37 332 
37 426 
38 46 
38 53 
38 75 
38 138 
38 139 
38 218 
38 267 
38 297 
38 327 
38 347 
38 403 
38 480 
38 489 
39 49 
39 69 
39 113 
39 123 
39 127 
39 149 
39 344 
39 366 
39 477 
40 92 
40 130 
40 134 
40 163 
40 264 
40 281 
40 309 
40 359 
40 445 
40 474 
41 44 
41 51 
41 53 
41 57 
41 60 
41 63 
41 68 
41 69 
41 79 
41 81 
41 104 
41 126 
41 149 
41 155 
41 203 
41 237 
41 258 
41 284 
41 335 
41 341 
41 382 
41 386 
41 400 
41 419 
41 424 
42 170 
42 217 
42 302 
43 44 
43 52 
43 92 
43 272 
43 310 
43 377 
43 407 
43 432 
43 440 
44 188 
44 208 
44 323 
44 370 
44 403 
44 407 
44 420 
44 435 
44 475 
45 53 
45 61 
45 68 
45 77 
45 121 
45 138 
45 172 
45 258 
45 259 
45 308 
45 445 
45 467 
45 472 
46 56 
46 62 
46 85 
46 86 
46 111 
46 164 
46 180 
46 202 
46 209 
46 233 
46 248 
46 257 
46 267 
46 268 
46 279 
46 307 
46 309 
46 316 
46 319 
46 336 
46 338 
46 396 
46 421 
46 433 
46 438 
46 464 
46 468 
46 497 
47 65 
47 235 
48 74 
48 79 
48 88 
48 93 
48 96 
48 151 
48 186 
48 205 
48 224 
48 247 
48 316 
48 330 
48 360 
48 450 
49 52 
49 72 
49 95 
49 109 
49 131 
49 132 
49 176 
49 199 
49 226 
49 247 
49 286 
49 320 
49 372 
50 154 
50 260 
50 371 
51 66 
51 74 
51 107 
51 131 
51 213 
51 236 
51 351 
51 392 
52 91 
52 166 
52 361 
53 78 
53 112 
53 181 
53 431 
53 468 
54 96 
54 105 
54 145 
54 165 
54 195 
54 213 
54 310 
54 326 
54 361 
54 391 
54 417 
54 445 
54 467 
55 114 
55 169 
55 380 
55 478 
56 77 
56 80 
56 104 
56 167 
56 171 
56 178 
56 201 
56 203 
56 204 
56 245 
56 402 
57 61 
57 165 
57 191 
57 297 
57 298 
57 341 
58 97 
58 184 
58 186 
58 243 
58 276 
58 398 
58 423 
58 448 
59 113 
59 152 
59 187 
59 229 
59 261 
59 281 
59 296 
59 306 
59 307 
59 341 
59 427 
59 449 
59 459 
60 67 
60 84 
60 87 
60 130 
60 136 
60 332 
60 351 
60 365 
60 461 
60 492 
61 79 
61 229 
62 120 
62 159 
62 194 
63 73 
63 80 
63 180 
63 252 
63 273 
63 279 
63 317 
63 376 
63 409 
64 104 
64 110 
64 125 
64 141 
64 162 
64 212 
64 256 
64 261 
64 315 
64 378 
64 443 
65 81 
65 379 
66 159 
66 164 
66 288 
66 320 
66 348 
66 410 
66 426 
66 459 
67 97 
67 106 
67 128 
67 350 
68 93 
68 156 
68 235 
68 237 
68 282 
68 324 
68 336 
68 401 
68 485 
69 90 
69 137 
69 143 
69 157 
69 217 
69 358 
69 485 
70 156 
70 365 
70 438 
71 88 
71 183 
71 214 
71 222 
71 284 
71 286 
71 309 
71 318 
72 100 
72 110 
72 125 
72 145 
72 173 
72 192 
72 271 
72 348 
72 411 
72 428 
72 435 
73 80 
73 89 
73 95 
73 154 
73 247 
73 368 
73 418 
73 429 
73 452 
73 466 
74 251 
74 318 
74 339 
74 425 
74 479 
74 491 
75 100 
75 117 
75 129 
75 170 
75 175 
75 202 
75 224 
75 238 
75 369 
75 377 
75 447 
75 466 
75 483 
75 495 
75 497 
76 93 
76 112 
76 130 
76 205 
76 230 
76 232 
77 78 
77 94 
77 138 
77 149 
77 161 
77 262 
77 397 
77 404 
78 92 
78 142 
78 201 
78 261 
78 292 
78 326 
78 381 
79 95 
79 128 
79 159 
79 221 
79 252 
79 294 
79 350 
81 102 
81 107 
81 155 
81 171 
81 172 
81 252 
81 321 
81 481 
82 190 
82 250 
82 267 
82 306 
82 386 
82 463 
83 118 
83 163 
83 182 
83 188 
83 223 
84 99 
84 120 
84 122 
84 174 
84 218 
84 269 
84 345 
84 361 
84 363 
84 406 
85 104 
85 114 
85 393 
86 162 
86 363 
86 404 
86 485 
87 93 
87 175 
87 284 
87 340 
87 346 
87 465 
88 472 
89 116 
89 134 
89 199 
89 200 
89 238 
89 330 
90 454 
91 94 
91 196 
91 227 
91 267 
91 273 
91 293 
91 353 
91 376 
91 460 
91 461 
91 462 
91 472 
92 121 
92 167 
92 181 
92 250 
92 278 
92 286 
92 349 
92 366 
92 386 
93 164 
93 176 
93 197 
93 348 
93 385 
93 458 
94 165 
94 313 
94 388 
95 207 
95 324 
95 398 
96 146 
96 345 
96 370 
96 401 
96 476 
96 495 
97 112 
97 157 
97 207 
97 225 
98 108 
98 183 
98 204 
98 228 
98 275 
98 339 
98 349 
98 385 
99 143 
99 372 
100 132 
100 193 
100 248 
100 263 
100 270 
100 369 
100 416 
101 120 
101 121 
101 178 
101 197 
101 216 
101 405 
101 433 
102 235 
102 294 
102 466 
102 476 
102 491 
103 150 
104 111 
104 197 
104 264 
104 334 
105 126 
105 139 
105 207 
105 244 
105 248 
105 266 
105 277 
105 383 
105 441 
105 459 
106 131 
106 164 
106 169 
106 227 
106 330 
106 389 
107 187 
107 434 
108 113 
108 139 
108 148 
108 194 
108 198 
108 203 
108 254 
108 258 
108 302 
108 367 
108 422 
108 434 
108 442 
108 460 
108 473 
108 496 
109 475 
110 122 
110 132 
110 136 
110 179 
110 269 
110 297 
110 312 
110 325 
110 362 
110 452 
110 488 
111 147 
111 253 
111 301 
111 394 
111 421 
112 118 
112 222 
112 249 
112 268 
112 421 
113 278 
113 305 
114 115 
114 173 
114 246 
114 260 
114 307 
114 418 
114 424 
115 266 
115 386 
115 403 
116 133 
116 146 
116 161 
116 190 
116 220 
116 222 
116 259 
116 271 
116 291 
116 375 
116 498 
117 271 
117 333 
117 411 
118 129 
118 326 
118 330 
118 352 
118 358 
118 464 
119 148 
119 209 
119 322 
119 331 
119 347 
119 420 
119 429 
119 465 
120 230 
120 287 
121 285 
121 309 
121 311 
121 420 
121 490 
122 202 
122 388 
122 443 
122 444 
123 195 
123 394 
123 489 
124 133 
124 241 
124 291 
125 135 
125 141 
125 151 
125 203 
125 212 
125 215 
125 235 
125 306 
125 317 
125 411 
125 441 
125 443 
126 342 
127 227 
127 266 
127 303 
127 355 
127 479 
128 158 
128 191 
128 360 
128 364 
128 449 
129 200 
129 442 
130 200 
130 256 
130 311 
130 333 
130 413 
131 162 
132 160 
132 174 
132 185 
132 230 
132 339 
132 448 
132 482 
133 153 
133 190 
133 274 
133 319 
133 355 
133 462 
135 167 
135 220 
135 228 
135 232 
135 304 
135 384 
135 396 
135 439 
135 448 
135 497 
136 295 
136 374 
136 426 
137 155 
137 278 
137 303 
137 408 
138 142 
138 218 
138 236 
138 343 
138 352 
139 179 
139 245 
139 380 
140 184 
140 290 
140 300 
140 493 
143 151 
143 255 
143 275 
143 410 
144 167 
144 226 
144 249 
144 259 
144 262 
145 161 
145 196 
145 197 
145 345 
146 299 
147 274 
147 308 
148 156 
148 331 
148 379 
148 413 
148 425 
149 259 
149 263 
149 281 
149 438 
149 442 
150 214 
150 413 
151 154 
151 304 
152 275 
152 300 
152 332 
153 156 
153 180 
153 207 
153 211 
153 283 
153 397 
153 432 
153 459 
154 180 
154 208 
154 219 
154 265 
154 299 
155 158 
155 242 
155 254 
155 340 
157 181 
157 211 
157 220 
157 337 
157 338 
157 357 
157 368 
157 429 
157 454 
157 478 
158 210 
159 184 
159 319 
160 238 
161 182 
161 187 
161 354 
162 273 
162 285 
162 473 
163 212 
163 232 
163 239 
163 276 
163 284 
163 329 
163 354 
163 434 
164 257 
164 288 
164 310 
164 320 
165 280 
165 359 
166 457 
166 486 
167 196 
167 257 
167 294 
168 400 
169 187 
169 246 
169 252 
169 299 
169 419 
170 332 
170 356 
170 463 
170 467 
172 312 
173 208 
173 329 
173 380 
173 448 
174 318 
175 208 
175 377 
175 390 
176 183 
176 268 
176 351 
176 390 
176 475 
176 486 
178 194 
178 261 
179 262 
181 218 
181 231 
181 374 
182 348 
183 494 
184 206 
184 324 
185 329 
186 484 
187 244 
187 311 
187 470 
188 269 
189 337 
189 498 
190 334 
190 382 
190 465 
192 358 
193 244 
193 303 
193 350 
193 369 
193 424 
193 427 
194 225 
194 300 
194 346 
195 471 
196 460 
197 244 
197 320 
198 273 
198 328 
198 381 
198 482 
199 303 
199 440 
199 489 
199 494 
201 213 
201 251 
202 305 
202 495 
203 228 
203 239 
203 272 
203 398 
206 209 
206 305 
207 216 
208 263 
208 277 
209 265 
209 304 
211 274 
211 359 
212 469 
213 270 
213 308 
215 253 
215 268 
215 328 
216 287 
216 368 
217 225 
217 327 
217 344 
217 412 
218 223 
218 396 
218 484 
219 433 
220 236 
220 245 
220 300 
220 354 
221 302 
221 446 
222 223 
222 340 
222 430 
222 457 
223 379 
223 473 
224 229 
224 430 
224 483 
225 228 
225 240 
226 237 
226 298 
226 389 
227 312 
227 321 
227 406 
228 242 
228 285 
228 402 
229 243 
229 328 
229 380 
230 246 
230 440 
231 234 
231 240 
231 253 
231 266 
231 337 
231 398 
232 289 
232 422 
232 446 
234 376 
234 437 
235 290 
236 242 
236 288 
237 295 
239 296 
239 417 
240 243 
240 258 
240 360 
241 301 
241 343 
241 415 
241 494 
244 264 
244 363 
244 451 
245 287 
246 374 
247 385 
247 410 
248 323 
250 278 
250 457 
252 282 
253 316 
253 334 
254 281 
254 384 
254 423 
255 314 
255 476 
255 477 
256 378 
257 262 
257 312 
257 364 
257 426 
257 472 
259 488 
260 279 
260 325 
260 327 
260 336 
260 385 
262 335 
262 482 
263 357 
263 464 
265 305 
265 493 
268 295 
268 310 
268 344 
268 373 
268 453 
269 367 
269 384 
269 400 
272 291 
273 471 
274 416 
275 391 
276 407 
277 322 
277 395 
277 416 
277 417 
278 293 
279 408 
279 469 
281 361 
281 376 
283 411 
283 413 
283 453 
283 493 
284 356 
286 355 
287 331 
290 295 
290 316 
291 353 
291 356 
294 371 
294 388 
295 358 
296 416 
296 437 
297 351 
300 370 
300 397 
301 365 
304 412 
304 463 
304 492 
305 390 
305 474 
306 392 
306 478 
306 487 
307 395 
310 461 
315 335 
316 335 
318 326 
323 449 
324 338 
324 346 
324 352 
324 366 
324 455 
324 483 
325 342 
326 463 
327 414 
327 487 
327 492 
327 496 
329 363 
329 382 
329 415 
333 387 
334 441 
335 444 
339 396 
339 432 
340 409 
340 499 
341 447 
342 395 
344 408 
344 456 
345 399 
348 349 
348 429 
348 444 
349 455 
352 462 
353 435 
353 438 
354 421 
354 430 
354 442 
354 456 
356 384 
357 389 
357 401 
357 415 
357 466 
357 491 
359 367 
363 425 
366 407 
366 423 
367 373 
368 439 
369 395 
371 391 
371 428 
377 469 
379 402 
383 422 
383 436 
385 397 
386 447 
387 389 
389 487 
390 468 
390 484 
394 450 
395 418 
396 452 
399 405 
399 419 
399 444 
402 479 
403 419 
404 445 
411 423 
413 470 
415 431 
415 433 
416 430 
418 470 
425 496 
427 452 
435 487 
437 491 
442 481 
447 462 
448 480 
453 488 
465 479 
474 480 
483 497 
484 485 
