false
false
500
1988
0 1 
0 3 
0 4 
0 5 
0 6 
0 8 
0 9 
0 11 
0 12 
0 13 
0 19 
0 23 
0 25 
0 30 
0 32 
0 33 
0 37 
0 43 
0 45 
0 55 
0 62 
0 68 
0 69 
0 87 
0 98 
0 121 
0 123 
0 127 
0 130 
0 143 
0 158 
0 173 
0 183 
0 185 
0 194 
0 202 
0 238 
0 261 
0 264 
0 272 
0 292 
0 296 
0 311 
0 318 
0 321 
0 322 
0 330 
0 336 
0 340 
0 344 
0 363 
0 367 
0 368 
0 370 
0 377 
0 430 
0 440 
0 457 
0 464 
0 486 
0 499 
1 2 
1 4 
1 6 
1 8 
1 9 
1 10 
1 17 
1 22 
1 24 
1 27 
1 29 
1 41 
1 43 
1 47 
1 49 
1 57 
1 58 
1 59 
1 60 
1 90 
1 101 
1 118 
1 136 
1 147 
1 149 
1 166 
1 175 
1 176 
1 177 
1 184 
1 186 
1 209 
1 214 
1 219 
1 226 
1 228 
1 236 
1 298 
1 303 
1 324 
1 341 
1 346 
1 347 
1 358 
1 361 
1 375 
1 414 
1 422 
1 424 
1 468 
1 474 
1 499 
2 3 
2 4 
2 5 
2 6 
2 7 
2 13 
2 14 
2 15 
2 33 
2 35 
2 36 
2 45 
2 52 
2 54 
2 65 
2 71 
2 73 
2 75 
2 80 
2 89 
2 101 
2 115 
2 133 
2 143 
2 144 
2 153 
2 160 
2 166 
2 179 
2 187 
2 200 
2 201 
2 265 
2 267 
2 277 
2 308 
2 313 
2 334 
2 337 
2 348 
2 355 
2 385 
2 412 
2 440 
2 444 
2 484 
2 491 
3 4 
3 5 
3 7 
3 9 
3 11 
3 16 
3 23 
3 24 
3 38 
3 39 
3 41 
3 49 
3 52 
3 56 
3 66 
3 68 
3 86 
3 91 
3 100 
3 105 
3 111 
3 112 
3 119 
3 120 
3 126 
3 135 
3 140 
3 156 
3 161 
3 166 
3 174 
3 176 
3 178 
3 196 
3 203 
3 204 
3 208 
3 230 
3 249 
3 258 
3 272 
3 275 
3 276 
3 292 
3 307 
3 310 
3 335 
3 341 
3 348 
3 356 
3 358 
3 362 
3 373 
3 379 
3 392 
3 403 
3 409 
3 410 
3 441 
3 444 
3 447 
3 455 
3 457 
3 464 
3 467 
3 493 
4 5 
4 6 
4 11 
4 12 
4 14 
4 18 
4 20 
4 22 
4 23 
4 24 
4 28 
4 29 
4 30 
4 31 
4 35 
4 37 
4 39 
4 50 
4 55 
4 64 
4 69 
4 81 
4 83 
4 84 
4 96 
4 100 
4 104 
4 124 
4 142 
4 143 
4 145 
4 146 
4 170 
4 173 
4 194 
4 196 
4 218 
4 232 
4 234 
4 243 
4 254 
4 259 
4 268 
4 271 
4 284 
4 291 
4 297 
4 348 
4 384 
4 388 
4 394 
4 395 
4 399 
4 402 
4 422 
4 448 
4 456 
4 475 
4 485 
5 7 
5 10 
5 13 
5 16 
5 20 
5 25 
5 26 
5 30 
5 37 
5 40 
5 43 
5 47 
5 48 
5 57 
5 61 
5 65 
5 67 
5 92 
5 94 
5 116 
5 148 
5 149 
5 159 
5 163 
5 167 
5 180 
5 188 
5 189 
5 233 
5 239 
5 253 
5 269 
5 324 
5 326 
5 348 
5 353 
5 354 
5 360 
5 383 
5 392 
5 405 
5 418 
5 420 
5 461 
5 482 
6 7 
6 8 
6 10 
6 18 
6 19 
6 21 
6 22 
6 25 
6 28 
6 33 
6 39 
6 44 
6 64 
6 68 
6 83 
6 86 
6 87 
6 95 
6 100 
6 101 
6 103 
6 133 
6 136 
6 147 
6 153 
6 161 
6 165 
6 191 
6 201 
6 202 
6 265 
6 285 
6 317 
6 319 
6 320 
6 324 
6 327 
6 331 
6 342 
6 373 
6 385 
6 396 
6 404 
6 412 
6 432 
6 433 
6 442 
6 446 
6 458 
6 466 
6 483 
6 486 
6 492 
7 8 
7 12 
7 20 
7 26 
7 32 
7 37 
7 47 
7 51 
7 65 
7 66 
7 73 
7 78 
7 82 
7 88 
7 137 
7 143 
7 167 
7 170 
7 200 
7 212 
7 220 
7 237 
7 260 
7 266 
7 273 
7 304 
7 320 
7 322 
7 340 
7 358 
7 367 
7 420 
7 423 
7 445 
7 452 
7 455 
7 459 
7 476 
7 495 
8 9 
8 11 
8 15 
8 16 
8 23 
8 25 
8 31 
8 32 
8 35 
8 45 
8 46 
8 53 
8 56 
8 62 
8 79 
8 83 
8 85 
8 91 
8 120 
8 127 
8 129 
8 139 
8 174 
8 194 
8 198 
8 201 
8 203 
8 206 
8 208 
8 242 
8 245 
8 264 
8 299 
8 300 
8 310 
8 329 
8 349 
8 353 
8 373 
8 374 
8 382 
8 400 
8 442 
8 447 
8 451 
8 459 
8 479 
9 10 
9 12 
9 14 
9 15 
9 17 
9 19 
9 21 
9 28 
9 34 
9 35 
9 44 
9 64 
9 67 
9 70 
9 89 
9 94 
9 96 
9 108 
9 112 
9 123 
9 133 
9 147 
9 156 
9 162 
9 176 
9 185 
9 210 
9 216 
9 250 
9 257 
9 284 
9 286 
9 287 
9 292 
9 300 
9 306 
9 338 
9 355 
9 376 
9 380 
9 411 
9 462 
9 467 
9 473 
9 476 
9 489 
9 498 
10 15 
10 17 
10 50 
10 51 
10 52 
10 93 
10 190 
10 209 
10 223 
10 261 
10 279 
10 302 
10 314 
10 341 
10 471 
11 14 
11 17 
11 27 
11 46 
11 207 
11 376 
11 387 
11 410 
11 479 
12 13 
12 21 
12 34 
12 40 
12 60 
12 69 
12 77 
12 86 
12 93 
12 94 
12 101 
12 102 
12 126 
12 129 
12 131 
12 140 
12 145 
12 169 
12 217 
12 219 
12 233 
12 234 
12 240 
12 255 
12 260 
12 280 
12 282 
12 288 
12 312 
12 350 
12 419 
12 429 
12 432 
12 437 
12 452 
13 31 
13 48 
13 58 
13 82 
13 113 
13 122 
13 145 
13 152 
13 161 
13 206 
13 213 
13 220 
13 282 
13 370 
13 377 
13 477 
14 18 
14 20 
14 27 
14 29 
14 39 
14 50 
14 71 
14 72 
14 91 
14 95 
14 98 
14 130 
14 132 
14 136 
14 156 
14 166 
14 177 
14 184 
14 202 
14 205 
14 207 
14 208 
14 219 
14 223 
14 227 
14 293 
14 302 
14 342 
14 364 
14 387 
14 390 
14 411 
14 421 
14 498 
15 16 
15 19 
15 32 
15 36 
15 38 
15 41 
15 49 
15 50 
15 65 
15 74 
15 76 
15 114 
15 153 
15 178 
15 180 
15 181 
15 185 
15 234 
15 236 
15 240 
15 252 
15 257 
15 268 
15 269 
15 347 
15 353 
15 359 
15 388 
15 449 
15 469 
15 475 
15 497 
16 18 
16 26 
16 28 
16 31 
16 56 
16 61 
16 67 
16 75 
16 77 
16 81 
16 96 
16 110 
16 111 
16 125 
16 131 
16 157 
16 184 
16 192 
16 196 
16 218 
16 242 
16 245 
16 287 
16 289 
16 351 
16 399 
16 436 
17 29 
17 60 
17 76 
17 97 
17 98 
17 109 
17 163 
17 177 
17 276 
17 285 
17 359 
17 430 
17 453 
17 481 
18 24 
18 40 
18 62 
18 88 
18 107 
18 132 
18 160 
18 169 
18 192 
18 244 
18 252 
18 270 
18 279 
18 289 
18 357 
18 498 
19 21 
19 42 
19 55 
19 124 
19 130 
19 299 
19 366 
19 384 
19 451 
19 492 
20 22 
20 26 
20 34 
20 36 
20 47 
20 48 
20 77 
20 84 
20 107 
20 118 
20 156 
20 161 
20 179 
20 213 
20 225 
20 253 
20 276 
20 283 
20 329 
20 347 
20 354 
20 478 
20 482 
20 483 
20 486 
21 67 
21 96 
21 144 
21 178 
21 248 
21 249 
21 258 
21 262 
21 315 
21 316 
21 373 
21 462 
22 36 
22 81 
22 99 
22 106 
22 125 
22 127 
22 129 
22 168 
22 227 
22 231 
22 261 
22 271 
22 319 
22 324 
22 371 
22 378 
22 438 
22 482 
23 44 
23 46 
23 52 
23 54 
23 62 
23 68 
23 72 
23 79 
23 99 
23 106 
23 125 
23 128 
23 130 
23 150 
23 180 
23 187 
23 205 
23 206 
23 211 
23 231 
23 239 
23 271 
23 278 
23 284 
23 295 
23 316 
23 329 
23 381 
23 401 
23 423 
23 427 
23 446 
23 461 
23 481 
23 487 
24 41 
24 80 
24 256 
24 395 
24 458 
24 481 
25 27 
25 40 
25 74 
25 83 
25 92 
25 151 
25 152 
25 155 
25 195 
25 235 
25 254 
25 279 
25 318 
25 349 
25 363 
25 385 
25 394 
25 449 
25 473 
26 63 
26 64 
26 121 
26 173 
26 342 
27 33 
27 53 
27 87 
27 111 
27 263 
27 349 
27 391 
27 437 
27 465 
28 34 
28 42 
28 73 
28 76 
28 90 
28 108 
28 124 
28 134 
28 138 
28 169 
28 210 
28 223 
28 252 
28 279 
28 293 
28 369 
28 428 
28 451 
28 494 
29 30 
29 38 
29 43 
29 57 
29 59 
29 66 
29 103 
29 121 
29 192 
29 211 
29 215 
29 236 
29 243 
29 263 
29 270 
29 296 
29 308 
29 314 
29 339 
29 366 
29 425 
29 460 
29 488 
29 499 
30 45 
30 53 
30 58 
30 88 
30 109 
30 146 
30 187 
30 219 
30 273 
30 290 
30 307 
30 310 
30 312 
30 325 
30 376 
30 496 
31 80 
31 105 
31 108 
31 142 
31 164 
31 175 
31 216 
31 336 
31 368 
31 384 
31 405 
31 422 
31 474 
32 42 
32 70 
32 86 
32 186 
32 197 
32 427 
33 59 
33 78 
33 79 
33 84 
33 98 
33 131 
33 163 
33 189 
33 213 
33 214 
33 222 
33 242 
33 262 
33 270 
33 285 
33 289 
33 369 
33 382 
33 417 
33 455 
33 456 
34 54 
34 79 
34 184 
34 399 
34 426 
35 46 
35 59 
35 69 
35 188 
35 302 
35 435 
35 443 
36 38 
36 44 
36 97 
36 110 
36 128 
36 135 
36 139 
36 151 
36 193 
36 196 
36 203 
36 209 
36 212 
36 232 
36 281 
36 303 
36 305 
36 318 
36 328 
36 338 
36 403 
36 407 
37 42 
37 97 
37 395 
37 426 
38 82 
38 105 
38 162 
38 192 
38 309 
38 332 
38 335 
38 366 
38 395 
38 429 
39 76 
39 95 
39 133 
39 136 
39 155 
39 181 
39 248 
39 294 
39 319 
39 353 
39 388 
40 100 
40 102 
40 104 
40 121 
40 225 
40 422 
40 441 
41 51 
41 75 
41 88 
41 181 
41 274 
41 278 
41 282 
41 405 
42 63 
42 77 
42 85 
42 109 
42 117 
42 126 
42 137 
42 182 
42 214 
42 228 
42 230 
42 256 
42 278 
42 335 
42 350 
42 362 
42 367 
42 393 
42 398 
42 448 
42 484 
43 53 
43 104 
43 150 
43 226 
43 443 
43 446 
44 54 
44 61 
44 167 
44 207 
44 278 
44 401 
44 439 
45 55 
45 56 
45 78 
45 113 
45 115 
45 117 
45 135 
45 149 
45 236 
45 282 
45 326 
45 345 
45 450 
46 48 
46 168 
46 221 
46 235 
46 294 
46 322 
46 344 
46 357 
47 51 
47 80 
47 89 
47 107 
47 116 
47 138 
47 186 
47 209 
47 216 
47 222 
47 232 
47 240 
47 253 
47 309 
47 328 
47 334 
47 371 
47 393 
47 400 
47 440 
47 495 
48 49 
48 71 
48 119 
48 148 
48 151 
48 226 
48 351 
48 468 
48 476 
49 94 
49 154 
49 351 
50 58 
50 97 
50 106 
50 119 
50 122 
50 397 
50 407 
50 454 
51 70 
51 110 
51 127 
51 138 
51 187 
51 434 
52 63 
52 66 
52 91 
52 104 
52 113 
52 128 
52 177 
52 194 
52 205 
52 221 
52 313 
52 323 
52 325 
52 362 
52 367 
52 383 
53 60 
53 72 
53 92 
53 154 
53 216 
53 264 
54 57 
54 74 
54 87 
54 89 
54 95 
54 105 
54 107 
54 117 
54 152 
54 173 
54 204 
54 246 
54 250 
54 319 
54 342 
54 352 
54 394 
54 408 
54 492 
55 75 
55 123 
55 305 
55 318 
55 394 
55 421 
55 435 
55 462 
56 120 
56 142 
56 203 
56 274 
56 427 
57 84 
57 109 
57 265 
57 287 
57 386 
57 387 
57 415 
57 432 
57 445 
57 452 
58 61 
58 112 
58 141 
58 193 
58 202 
58 211 
58 356 
59 92 
59 224 
59 225 
59 233 
60 170 
60 217 
60 463 
61 296 
61 339 
61 429 
62 63 
62 82 
62 135 
62 175 
62 228 
62 263 
62 339 
62 406 
62 450 
62 467 
62 499 
63 71 
63 159 
63 162 
63 330 
63 457 
63 471 
63 496 
64 226 
65 122 
65 134 
65 160 
65 284 
65 295 
65 343 
65 345 
65 363 
65 378 
65 464 
65 468 
65 496 
66 74 
66 103 
66 144 
66 240 
66 337 
66 346 
66 416 
66 425 
66 433 
67 182 
68 157 
68 165 
69 70 
69 115 
69 163 
69 165 
69 181 
69 234 
70 72 
70 73 
70 81 
70 85 
70 108 
70 128 
70 142 
70 164 
70 183 
70 212 
70 267 
70 313 
70 410 
70 431 
70 453 
71 85 
71 103 
71 138 
71 155 
71 172 
71 221 
71 272 
72 111 
72 134 
72 174 
72 198 
72 291 
72 365 
72 400 
73 116 
73 182 
73 298 
73 299 
73 402 
74 102 
74 114 
74 265 
74 270 
74 316 
74 398 
75 93 
75 122 
75 153 
75 168 
75 227 
75 297 
76 78 
76 158 
76 217 
76 249 
76 325 
76 331 
76 389 
77 241 
77 253 
77 320 
78 149 
78 188 
78 230 
78 337 
78 493 
79 205 
79 410 
80 273 
80 396 
80 421 
81 93 
81 106 
81 126 
81 186 
81 241 
81 268 
81 317 
81 494 
82 90 
82 114 
82 132 
82 245 
82 307 
82 308 
82 385 
82 404 
82 416 
82 444 
82 491 
83 139 
83 158 
83 160 
83 170 
83 198 
83 215 
83 237 
83 239 
83 245 
83 343 
83 445 
83 480 
83 481 
83 484 
84 117 
84 210 
84 495 
85 183 
85 370 
86 90 
86 114 
86 293 
87 137 
87 157 
87 257 
88 99 
88 188 
88 204 
88 224 
88 246 
88 321 
88 398 
88 423 
89 113 
89 139 
89 208 
89 283 
89 451 
90 148 
90 175 
90 190 
90 204 
90 211 
90 275 
90 285 
90 327 
90 485 
91 171 
91 238 
91 332 
91 365 
91 388 
91 408 
91 466 
92 118 
92 131 
92 132 
92 254 
92 259 
92 274 
92 333 
92 354 
92 413 
92 459 
93 145 
93 280 
93 306 
93 321 
94 134 
94 146 
94 148 
94 176 
94 195 
94 221 
94 224 
94 229 
94 364 
94 392 
94 441 
94 473 
95 195 
95 434 
96 112 
96 119 
96 151 
96 159 
96 218 
96 332 
96 380 
96 495 
97 99 
97 118 
97 140 
97 141 
97 183 
97 275 
97 416 
97 448 
97 460 
98 281 
99 102 
99 172 
99 200 
100 110 
100 197 
100 262 
100 283 
100 340 
100 425 
102 246 
102 251 
102 403 
103 169 
103 210 
103 301 
103 310 
103 401 
103 421 
104 115 
105 150 
105 213 
105 382 
106 372 
107 229 
107 323 
107 350 
107 435 
108 287 
108 374 
108 393 
108 431 
109 116 
109 124 
109 140 
109 141 
109 286 
109 374 
109 379 
109 477 
110 123 
110 157 
110 215 
110 328 
110 340 
110 365 
111 120 
111 266 
111 429 
112 251 
112 308 
112 315 
112 344 
112 346 
112 471 
113 152 
113 155 
113 199 
113 254 
113 407 
113 449 
113 457 
113 464 
114 147 
114 154 
114 301 
114 431 
114 452 
115 125 
115 162 
115 199 
115 231 
115 238 
115 327 
115 341 
116 259 
116 328 
117 190 
117 280 
117 281 
117 297 
117 306 
117 315 
117 364 
117 428 
117 439 
117 469 
118 311 
118 351 
118 372 
118 456 
119 182 
120 164 
120 195 
120 243 
120 356 
122 167 
122 174 
122 247 
123 185 
123 189 
123 397 
124 137 
124 389 
124 420 
124 424 
124 468 
125 244 
125 372 
125 375 
125 391 
126 146 
126 197 
126 472 
127 242 
128 129 
128 259 
128 261 
128 387 
129 193 
129 304 
129 379 
130 374 
131 144 
131 158 
131 164 
131 416 
133 165 
133 483 
134 237 
134 290 
134 412 
134 437 
135 383 
135 386 
135 431 
136 141 
136 297 
136 487 
137 191 
137 268 
137 336 
137 383 
138 292 
139 172 
139 338 
140 222 
141 189 
141 231 
141 286 
141 309 
142 368 
142 450 
142 469 
144 300 
144 329 
144 361 
144 404 
145 198 
145 247 
145 269 
145 276 
145 336 
145 406 
145 491 
146 244 
146 317 
147 168 
147 247 
147 296 
147 299 
147 438 
148 150 
148 154 
148 193 
148 418 
149 232 
149 355 
150 171 
150 217 
150 222 
150 469 
150 474 
151 224 
151 430 
154 191 
154 484 
155 159 
155 206 
155 271 
155 428 
156 274 
156 327 
156 332 
156 426 
156 489 
157 250 
157 281 
157 312 
158 172 
158 191 
158 339 
158 470 
159 171 
160 372 
160 425 
161 218 
161 438 
162 312 
162 454 
162 470 
163 283 
163 313 
163 320 
163 356 
163 485 
164 485 
165 199 
165 229 
165 475 
166 171 
166 178 
166 179 
166 248 
167 323 
167 426 
168 465 
169 199 
169 200 
169 277 
169 406 
169 415 
169 417 
170 235 
171 250 
171 267 
171 294 
171 397 
172 190 
172 269 
173 197 
173 207 
173 361 
174 201 
174 248 
174 266 
175 357 
175 369 
175 382 
176 179 
176 230 
176 298 
177 180 
177 294 
177 357 
177 376 
178 220 
178 267 
178 331 
178 349 
178 478 
179 391 
179 442 
180 256 
181 249 
182 379 
182 423 
182 497 
183 212 
183 238 
183 246 
183 363 
183 440 
184 227 
184 390 
184 413 
184 443 
184 470 
185 255 
185 275 
185 448 
187 264 
187 289 
187 419 
187 436 
187 491 
188 360 
188 479 
189 215 
189 241 
190 237 
190 316 
191 309 
191 331 
192 258 
192 295 
193 235 
193 322 
194 311 
194 415 
195 260 
195 409 
195 460 
195 488 
196 389 
196 454 
197 408 
198 443 
199 228 
199 286 
201 229 
201 241 
201 273 
201 314 
201 417 
202 277 
202 390 
202 466 
204 225 
204 251 
204 352 
205 380 
206 247 
206 266 
206 290 
206 418 
207 359 
207 417 
208 214 
208 252 
208 393 
208 445 
209 288 
210 244 
210 311 
210 420 
210 449 
210 461 
210 463 
211 466 
212 233 
212 260 
212 301 
212 307 
212 413 
213 366 
215 223 
215 255 
217 220 
217 256 
218 257 
218 434 
219 399 
220 305 
221 305 
222 391 
223 386 
224 343 
224 463 
225 377 
226 323 
226 414 
228 290 
228 442 
229 258 
229 263 
229 315 
229 478 
230 470 
230 498 
232 239 
232 262 
232 345 
232 482 
233 255 
234 243 
234 325 
234 487 
235 333 
236 413 
236 438 
237 397 
237 447 
238 306 
239 493 
240 301 
240 368 
240 487 
242 251 
242 303 
242 304 
242 409 
242 472 
245 396 
247 362 
248 298 
248 354 
248 386 
248 407 
250 280 
250 346 
250 489 
252 415 
254 400 
254 433 
257 321 
257 330 
259 326 
260 437 
261 460 
262 293 
262 412 
262 439 
264 489 
264 490 
265 375 
266 291 
266 435 
266 490 
269 272 
269 291 
270 300 
270 304 
270 333 
270 334 
270 355 
270 360 
270 377 
271 277 
271 288 
271 402 
272 359 
272 365 
272 408 
274 288 
274 476 
276 384 
276 471 
277 446 
278 330 
282 295 
282 303 
284 317 
284 333 
284 371 
285 343 
285 381 
285 403 
285 444 
285 479 
289 352 
289 371 
289 432 
290 380 
290 490 
290 494 
293 493 
294 430 
295 486 
297 302 
297 314 
297 411 
302 427 
304 396 
306 433 
307 326 
309 381 
313 352 
314 414 
314 483 
315 370 
316 475 
317 335 
317 345 
317 405 
318 381 
321 434 
321 441 
321 455 
322 401 
322 456 
324 361 
324 378 
324 398 
329 334 
329 404 
331 338 
331 344 
331 477 
333 337 
336 347 
336 390 
338 454 
339 480 
340 411 
343 369 
343 378 
343 494 
344 488 
345 458 
346 392 
347 350 
347 358 
347 409 
351 364 
353 472 
354 458 
355 453 
356 360 
356 375 
357 389 
357 490 
359 463 
360 418 
360 480 
361 436 
367 488 
370 419 
371 414 
375 419 
377 406 
377 474 
379 465 
384 453 
385 459 
393 480 
394 402 
398 473 
400 424 
400 496 
401 447 
401 477 
404 439 
407 424 
414 428 
414 472 
418 478 
425 450 
427 462 
431 436 
436 492 
440 465 
450 461 
463 467 
490 497 
493 497 
