false
false
500
1988
0 1 
0 3 
0 4 
0 5 
0 6 
0 8 
0 11 
0 17 
0 18 
0 25 
0 27 
0 30 
0 41 
0 42 
0 56 
0 75 
0 76 
0 92 
0 107 
0 120 
0 132 
0 139 
0 141 
0 171 
0 177 
0 263 
0 290 
0 300 
0 303 
0 308 
0 314 
0 321 
0 333 
0 342 
0 345 
0 387 
0 389 
0 404 
0 406 
0 437 
0 444 
0 445 
0 461 
0 487 
0 493 
0 494 
1 2 
1 4 
1 5 
1 6 
1 8 
1 9 
1 10 
1 11 
1 13 
1 14 
1 18 
1 23 
1 33 
1 41 
1 42 
1 53 
1 57 
1 61 
1 65 
1 75 
1 77 
1 87 
1 88 
1 89 
1 96 
1 135 
1 143 
1 152 
1 164 
1 168 
1 192 
1 195 
1 221 
1 255 
1 278 
1 281 
1 294 
1 348 
1 355 
1 372 
1 379 
1 388 
1 399 
1 411 
1 413 
1 436 
1 451 
1 471 
1 485 
1 496 
2 3 
2 4 
2 5 
2 7 
2 8 
2 11 
2 12 
2 21 
2 29 
2 34 
2 48 
2 51 
2 54 
2 89 
2 117 
2 131 
2 132 
2 149 
2 205 
2 212 
2 217 
2 219 
2 261 
2 262 
2 348 
2 388 
2 412 
2 458 
3 4 
3 6 
3 7 
3 12 
3 16 
3 19 
3 23 
3 28 
3 39 
3 46 
3 55 
3 64 
3 79 
3 119 
3 121 
3 125 
3 144 
3 161 
3 177 
3 178 
3 185 
3 237 
3 256 
3 313 
3 317 
3 335 
3 352 
3 366 
3 393 
3 397 
3 453 
4 5 
4 6 
4 7 
4 9 
4 10 
4 13 
4 15 
4 16 
4 17 
4 19 
4 23 
4 24 
4 25 
4 27 
4 28 
4 29 
4 31 
4 37 
4 40 
4 42 
4 49 
4 60 
4 63 
4 81 
4 83 
4 84 
4 94 
4 95 
4 97 
4 102 
4 108 
4 109 
4 111 
4 112 
4 115 
4 122 
4 125 
4 129 
4 148 
4 152 
4 167 
4 176 
4 183 
4 190 
4 196 
4 238 
4 240 
4 254 
4 271 
4 273 
4 290 
4 297 
4 308 
4 310 
4 311 
4 325 
4 338 
4 356 
4 359 
4 365 
4 388 
4 411 
4 418 
4 433 
4 437 
4 480 
5 7 
5 8 
5 9 
5 10 
5 14 
5 22 
5 26 
5 34 
5 62 
5 74 
5 78 
5 86 
5 92 
5 93 
5 105 
5 114 
5 118 
5 122 
5 134 
5 144 
5 148 
5 169 
5 170 
5 200 
5 214 
5 218 
5 221 
5 232 
5 237 
5 241 
5 249 
5 324 
5 345 
5 383 
5 394 
5 411 
5 483 
5 492 
5 499 
6 12 
6 13 
6 14 
6 21 
6 25 
6 26 
6 30 
6 40 
6 46 
6 52 
6 65 
6 68 
6 77 
6 89 
6 92 
6 101 
6 103 
6 116 
6 145 
6 154 
6 156 
6 174 
6 178 
6 182 
6 196 
6 222 
6 223 
6 250 
6 351 
6 371 
6 384 
6 466 
6 484 
6 486 
7 15 
7 47 
7 54 
7 93 
7 146 
7 150 
7 159 
7 168 
7 186 
7 188 
7 228 
7 243 
7 248 
7 307 
7 432 
7 474 
7 479 
7 490 
8 9 
8 10 
8 12 
8 14 
8 18 
8 22 
8 24 
8 28 
8 30 
8 41 
8 46 
8 47 
8 48 
8 63 
8 66 
8 69 
8 74 
8 98 
8 100 
8 106 
8 109 
8 128 
8 134 
8 141 
8 153 
8 172 
8 173 
8 192 
8 197 
8 205 
8 214 
8 217 
8 233 
8 240 
8 246 
8 268 
8 276 
8 293 
8 323 
8 326 
8 334 
8 336 
8 344 
8 443 
8 463 
8 465 
8 478 
8 488 
8 489 
9 11 
9 15 
9 18 
9 20 
9 22 
9 26 
9 31 
9 38 
9 40 
9 43 
9 45 
9 51 
9 56 
9 63 
9 71 
9 78 
9 82 
9 115 
9 138 
9 148 
9 151 
9 203 
9 206 
9 213 
9 239 
9 251 
9 255 
9 265 
9 348 
9 390 
9 424 
9 468 
10 25 
10 39 
10 46 
10 49 
10 65 
10 76 
10 83 
10 84 
10 91 
10 139 
10 145 
10 215 
10 232 
10 245 
10 248 
10 288 
10 298 
10 301 
10 312 
10 357 
10 368 
10 369 
10 370 
10 434 
10 439 
10 446 
10 460 
10 473 
10 474 
10 484 
10 499 
11 16 
11 28 
11 36 
11 47 
11 59 
11 69 
11 94 
11 118 
11 124 
11 152 
11 155 
11 156 
11 186 
11 198 
11 229 
11 233 
11 252 
11 253 
11 264 
11 316 
11 357 
11 410 
12 13 
12 16 
12 36 
12 38 
12 50 
12 57 
12 59 
12 91 
12 117 
12 170 
12 189 
12 193 
12 233 
12 289 
12 292 
12 329 
12 336 
12 355 
12 361 
12 362 
12 395 
12 408 
12 430 
13 17 
13 19 
13 20 
13 22 
13 32 
13 33 
13 37 
13 38 
13 44 
13 49 
13 51 
13 56 
13 59 
13 63 
13 70 
13 72 
13 75 
13 88 
13 116 
13 120 
13 123 
13 153 
13 157 
13 175 
13 178 
13 201 
13 216 
13 229 
13 232 
13 275 
13 353 
13 406 
13 425 
13 430 
13 471 
13 477 
14 15 
14 110 
14 213 
14 226 
14 273 
14 291 
14 316 
14 409 
14 421 
15 34 
15 45 
15 149 
15 150 
15 151 
15 162 
15 171 
15 185 
15 220 
15 234 
15 263 
15 347 
15 349 
15 403 
15 487 
16 17 
16 23 
16 24 
16 31 
16 33 
16 44 
16 62 
16 93 
16 95 
16 97 
16 103 
16 110 
16 120 
16 129 
16 134 
16 142 
16 212 
16 217 
16 226 
16 239 
16 246 
16 256 
16 270 
16 291 
16 295 
16 303 
16 342 
16 343 
16 390 
16 464 
16 480 
16 493 
17 20 
17 34 
17 35 
17 45 
17 50 
17 68 
17 73 
17 84 
17 93 
17 104 
17 125 
17 153 
17 216 
17 335 
17 362 
17 366 
17 370 
17 383 
17 418 
17 431 
17 434 
17 450 
18 19 
18 26 
18 30 
18 47 
18 53 
18 58 
18 60 
18 67 
18 72 
18 81 
18 83 
18 154 
18 207 
18 208 
18 223 
18 235 
18 281 
18 312 
18 329 
18 338 
18 410 
18 417 
18 419 
18 446 
18 448 
18 455 
18 469 
18 484 
19 20 
19 21 
19 27 
19 29 
19 43 
19 58 
19 87 
19 113 
19 130 
19 136 
19 146 
19 165 
19 170 
19 181 
19 195 
19 205 
19 207 
19 216 
19 235 
19 240 
19 257 
19 282 
19 285 
19 292 
19 298 
19 319 
19 330 
19 347 
19 351 
19 414 
19 441 
19 457 
19 476 
20 21 
20 27 
20 29 
20 31 
20 32 
20 35 
20 36 
20 48 
20 50 
20 54 
20 60 
20 61 
20 68 
20 102 
20 107 
20 123 
20 130 
20 137 
20 168 
20 169 
20 172 
20 181 
20 208 
20 216 
20 218 
20 221 
20 225 
20 238 
20 253 
20 254 
20 261 
20 297 
20 302 
20 312 
20 314 
20 321 
20 323 
20 351 
20 358 
20 367 
20 368 
20 395 
20 404 
20 415 
20 428 
20 440 
20 479 
20 489 
20 495 
21 24 
21 35 
21 37 
21 58 
21 79 
21 98 
21 130 
21 131 
21 165 
21 175 
21 211 
21 313 
22 32 
22 39 
22 42 
22 51 
22 70 
22 146 
22 158 
22 268 
22 289 
22 333 
22 353 
22 354 
22 362 
22 415 
23 44 
23 45 
23 55 
23 62 
23 72 
23 73 
23 77 
23 78 
23 85 
23 87 
23 126 
23 133 
23 147 
23 160 
23 165 
23 298 
23 344 
23 447 
24 402 
25 38 
25 58 
25 111 
25 182 
25 228 
25 286 
25 459 
26 103 
26 194 
26 260 
26 287 
26 309 
26 340 
26 371 
26 427 
27 32 
27 74 
27 90 
27 110 
27 116 
27 166 
27 180 
27 290 
27 302 
27 316 
27 332 
27 446 
27 478 
28 67 
28 143 
28 375 
29 55 
29 61 
29 68 
29 75 
29 80 
29 135 
29 202 
29 234 
29 274 
29 310 
29 370 
29 429 
29 452 
29 468 
29 498 
30 52 
30 77 
30 123 
30 175 
30 187 
30 188 
30 191 
30 215 
30 264 
30 267 
30 315 
30 339 
30 391 
31 33 
31 35 
31 236 
31 327 
31 492 
32 59 
32 342 
33 53 
33 56 
33 64 
33 78 
33 91 
33 94 
33 119 
33 142 
33 151 
33 173 
33 200 
33 248 
33 271 
33 275 
33 314 
33 318 
33 352 
33 369 
33 377 
33 396 
33 434 
33 452 
33 457 
33 459 
33 464 
33 474 
33 482 
34 36 
34 43 
34 64 
34 69 
34 84 
34 143 
34 157 
34 172 
34 182 
34 202 
34 244 
34 315 
34 355 
34 381 
34 387 
34 399 
34 404 
34 450 
35 48 
35 52 
35 67 
35 70 
35 85 
35 86 
35 97 
35 101 
35 104 
35 106 
35 134 
35 161 
35 174 
35 263 
35 269 
35 272 
35 285 
35 302 
35 319 
35 325 
35 330 
35 378 
35 414 
35 418 
35 466 
36 37 
36 40 
36 62 
36 76 
36 149 
36 184 
36 262 
36 270 
36 358 
36 375 
36 376 
36 382 
37 39 
37 70 
37 88 
37 105 
37 138 
37 160 
37 164 
37 190 
37 191 
37 393 
37 400 
37 422 
37 437 
37 456 
37 463 
37 470 
37 494 
38 49 
38 55 
38 67 
38 94 
38 96 
38 113 
38 127 
38 133 
38 160 
38 180 
38 187 
38 271 
38 283 
38 318 
38 327 
38 332 
38 417 
38 420 
38 450 
38 452 
39 65 
39 74 
39 95 
39 108 
39 156 
39 163 
39 168 
39 210 
39 222 
39 275 
39 288 
39 487 
40 41 
40 43 
40 60 
40 90 
40 127 
40 201 
40 333 
40 352 
40 367 
40 416 
40 453 
40 456 
41 71 
41 98 
41 121 
41 149 
41 158 
41 162 
41 172 
41 231 
41 244 
41 247 
41 268 
41 283 
41 363 
41 423 
42 44 
42 64 
42 71 
42 79 
42 85 
42 113 
42 154 
42 190 
42 191 
42 199 
42 229 
42 254 
42 257 
42 267 
42 294 
42 299 
42 320 
42 322 
42 359 
42 412 
42 419 
43 82 
43 112 
43 120 
43 133 
43 198 
43 242 
43 332 
43 373 
43 468 
43 489 
44 50 
44 61 
44 90 
44 114 
44 255 
44 286 
45 54 
45 118 
45 212 
45 299 
45 360 
46 66 
46 124 
46 140 
46 224 
46 308 
46 346 
46 371 
46 373 
46 485 
46 491 
47 57 
47 99 
47 104 
47 106 
47 138 
47 148 
47 183 
47 195 
47 198 
47 230 
47 278 
47 289 
47 343 
47 392 
47 413 
48 66 
48 87 
48 96 
48 139 
48 189 
48 207 
48 261 
48 288 
48 318 
48 350 
48 361 
48 369 
48 385 
48 430 
49 80 
49 122 
49 424 
49 441 
50 52 
50 66 
50 80 
50 102 
50 104 
50 129 
50 159 
50 177 
50 182 
50 189 
50 195 
50 236 
50 262 
50 264 
50 284 
50 313 
50 336 
50 339 
50 374 
50 376 
50 377 
50 395 
50 422 
50 437 
50 488 
51 119 
51 146 
51 203 
51 249 
51 260 
51 335 
51 373 
51 376 
52 53 
52 124 
52 169 
52 179 
52 368 
52 381 
52 440 
53 99 
53 137 
53 185 
53 209 
53 382 
54 57 
54 83 
54 354 
54 398 
55 113 
55 137 
55 231 
55 322 
55 349 
55 386 
55 430 
55 444 
55 472 
56 81 
56 249 
56 250 
56 331 
56 364 
57 72 
57 115 
57 171 
57 194 
57 276 
57 283 
57 291 
57 301 
57 302 
57 363 
57 384 
57 392 
57 394 
57 421 
57 429 
57 435 
57 453 
58 81 
58 88 
58 89 
58 121 
58 126 
58 144 
58 157 
58 163 
58 169 
58 204 
58 221 
58 223 
58 224 
58 232 
58 242 
58 282 
58 287 
58 346 
58 421 
58 433 
58 444 
58 458 
58 492 
58 495 
59 112 
59 161 
59 209 
59 214 
59 224 
59 320 
59 340 
59 390 
59 420 
59 435 
60 98 
60 244 
60 289 
61 90 
61 121 
61 132 
61 150 
61 171 
61 174 
61 179 
61 189 
61 199 
61 247 
61 256 
61 280 
61 317 
61 349 
61 408 
61 424 
61 494 
62 73 
62 100 
62 136 
62 167 
62 261 
62 263 
62 408 
62 436 
62 467 
63 95 
63 114 
63 188 
63 191 
63 226 
63 321 
63 335 
63 360 
63 361 
63 491 
64 69 
64 92 
64 107 
64 194 
64 265 
64 269 
64 279 
64 421 
65 248 
65 285 
65 306 
65 353 
66 270 
66 281 
67 117 
67 143 
67 144 
67 269 
67 278 
67 366 
67 401 
67 426 
68 73 
68 85 
68 86 
68 91 
68 116 
68 125 
68 131 
68 183 
68 210 
68 340 
69 86 
69 309 
70 71 
70 197 
70 243 
71 224 
71 354 
71 363 
71 371 
71 440 
71 498 
72 82 
72 180 
72 204 
72 206 
72 397 
72 438 
72 482 
73 80 
73 212 
73 274 
73 282 
73 299 
73 414 
74 76 
74 82 
74 110 
74 126 
74 231 
74 252 
74 404 
75 99 
75 105 
75 107 
75 124 
75 127 
75 192 
75 222 
75 234 
75 253 
75 259 
75 294 
75 337 
75 375 
76 241 
76 342 
76 407 
76 474 
77 270 
78 79 
78 102 
78 164 
78 328 
78 387 
78 483 
79 119 
79 128 
79 156 
79 488 
80 108 
80 151 
80 293 
80 311 
80 431 
81 196 
82 127 
82 140 
82 217 
82 247 
82 259 
82 267 
82 316 
82 486 
83 100 
83 111 
83 159 
83 204 
83 206 
83 222 
83 341 
83 491 
84 238 
85 99 
85 100 
85 114 
85 115 
85 137 
85 140 
85 142 
85 163 
85 180 
85 218 
85 300 
85 422 
85 423 
85 469 
86 185 
86 186 
86 445 
87 133 
87 147 
87 301 
87 339 
88 147 
88 170 
88 199 
88 220 
88 246 
88 336 
88 377 
88 379 
88 453 
90 129 
90 145 
90 154 
90 187 
90 398 
90 443 
91 218 
91 412 
92 97 
92 132 
92 165 
92 241 
92 267 
92 276 
92 306 
92 480 
93 96 
93 385 
94 106 
94 239 
94 337 
95 101 
95 111 
95 112 
95 193 
95 235 
95 272 
95 350 
96 108 
96 153 
96 304 
96 337 
96 426 
97 118 
97 122 
97 209 
97 277 
97 280 
97 317 
97 323 
97 354 
97 395 
97 447 
97 458 
97 467 
98 101 
98 155 
98 250 
98 266 
98 379 
98 497 
99 295 
100 103 
100 105 
100 141 
100 237 
100 432 
100 434 
101 109 
101 243 
101 378 
101 409 
102 193 
103 117 
103 166 
103 207 
103 305 
103 331 
103 413 
103 478 
104 198 
104 219 
104 449 
105 128 
105 138 
105 140 
105 161 
105 176 
105 203 
105 211 
105 255 
105 296 
105 297 
105 344 
105 357 
105 415 
105 422 
105 427 
105 438 
106 174 
106 272 
106 442 
107 344 
108 109 
108 135 
108 211 
108 268 
108 321 
108 325 
108 338 
109 307 
109 473 
110 179 
110 184 
110 245 
110 257 
110 323 
110 441 
110 462 
110 468 
110 481 
110 498 
111 136 
111 175 
111 262 
112 123 
112 135 
112 210 
112 287 
112 315 
112 333 
112 451 
112 454 
113 227 
113 252 
113 260 
114 150 
114 197 
114 258 
114 305 
114 328 
114 469 
115 155 
115 343 
115 346 
115 391 
117 254 
117 276 
117 279 
117 386 
117 470 
118 158 
118 464 
119 130 
119 391 
120 176 
120 328 
120 366 
120 414 
121 274 
121 297 
121 400 
121 449 
122 324 
124 183 
124 209 
125 126 
125 128 
125 166 
125 192 
125 199 
125 206 
125 245 
125 405 
125 490 
126 219 
126 386 
127 205 
127 220 
128 196 
128 220 
128 260 
128 327 
128 341 
128 466 
128 477 
129 131 
129 173 
129 213 
129 496 
130 147 
130 158 
130 245 
130 281 
130 477 
131 179 
131 274 
131 304 
132 142 
132 187 
132 378 
133 167 
133 176 
133 186 
134 136 
134 204 
134 259 
134 379 
134 398 
134 423 
134 460 
135 139 
135 141 
135 157 
135 461 
135 478 
136 271 
136 280 
137 166 
137 188 
137 317 
137 324 
137 341 
137 383 
137 490 
138 193 
138 213 
138 389 
138 424 
138 476 
139 208 
139 233 
140 184 
140 266 
140 278 
140 473 
140 489 
141 184 
141 190 
141 258 
141 264 
141 266 
141 357 
141 481 
142 145 
142 160 
142 202 
143 234 
143 298 
143 358 
143 372 
143 448 
144 250 
144 456 
144 465 
145 178 
145 230 
145 256 
145 383 
145 428 
145 459 
145 466 
146 167 
146 181 
146 272 
146 334 
146 406 
146 431 
146 457 
148 450 
148 485 
149 284 
149 331 
149 360 
149 416 
150 152 
150 155 
150 173 
150 227 
150 258 
150 329 
151 163 
151 327 
152 162 
152 408 
152 496 
153 164 
153 265 
153 346 
153 377 
153 461 
154 365 
154 372 
155 359 
156 319 
157 159 
157 162 
158 181 
158 420 
159 277 
159 389 
159 405 
159 410 
159 499 
160 200 
160 251 
161 287 
161 397 
162 225 
162 348 
162 496 
164 202 
164 293 
164 296 
164 307 
164 312 
164 322 
164 386 
164 401 
164 427 
165 211 
165 214 
165 380 
165 442 
165 470 
166 249 
166 314 
167 227 
167 391 
169 177 
169 203 
169 219 
169 300 
169 382 
169 432 
169 482 
170 419 
171 244 
171 322 
171 400 
172 200 
172 290 
172 347 
172 356 
173 253 
173 364 
175 363 
175 364 
175 499 
176 194 
177 225 
177 235 
177 251 
177 405 
177 448 
178 201 
178 407 
179 375 
179 454 
179 465 
179 487 
180 340 
180 356 
181 467 
182 338 
183 373 
184 229 
184 231 
184 328 
185 242 
185 283 
185 326 
186 279 
186 318 
186 347 
186 381 
186 418 
186 431 
187 382 
187 425 
188 225 
188 309 
189 266 
189 495 
190 241 
190 475 
191 238 
191 285 
192 197 
192 361 
192 402 
193 286 
193 296 
193 309 
193 358 
194 240 
194 320 
194 425 
196 495 
197 310 
198 201 
198 257 
198 301 
198 326 
198 367 
199 242 
199 243 
199 284 
199 349 
199 396 
200 228 
201 452 
202 208 
202 247 
202 277 
202 353 
203 246 
203 372 
203 374 
205 412 
206 210 
206 239 
206 477 
206 481 
207 273 
208 227 
208 279 
208 286 
208 295 
208 304 
208 343 
208 360 
208 399 
208 438 
208 455 
208 470 
208 482 
209 223 
209 236 
211 215 
211 449 
213 419 
214 215 
214 280 
214 392 
215 427 
216 305 
216 394 
216 447 
217 230 
217 292 
217 429 
219 230 
219 444 
220 236 
220 319 
220 350 
221 282 
221 292 
221 329 
221 332 
221 439 
221 454 
222 330 
223 228 
223 355 
223 365 
224 226 
224 291 
226 417 
228 251 
228 252 
228 398 
229 258 
229 273 
230 265 
230 300 
232 306 
234 294 
235 237 
235 339 
235 385 
235 396 
236 307 
237 288 
238 269 
238 428 
239 426 
240 305 
243 320 
243 376 
246 324 
248 462 
249 345 
249 401 
250 435 
252 259 
252 311 
252 380 
253 334 
253 350 
253 352 
255 403 
257 381 
257 413 
260 362 
260 439 
260 464 
260 480 
260 488 
262 334 
263 410 
264 337 
265 341 
266 275 
266 284 
266 331 
266 385 
267 490 
268 402 
268 403 
269 277 
270 365 
270 475 
271 296 
271 423 
274 299 
274 428 
275 306 
275 471 
276 471 
276 486 
277 345 
277 463 
279 407 
280 311 
280 364 
280 407 
280 436 
280 446 
280 457 
280 472 
283 326 
283 420 
284 393 
284 479 
285 295 
285 443 
285 455 
285 467 
287 402 
288 380 
288 393 
289 390 
290 325 
291 356 
292 293 
293 438 
293 472 
296 303 
296 330 
296 397 
296 429 
299 308 
299 315 
300 310 
300 417 
301 303 
301 448 
302 304 
302 313 
304 476 
305 481 
306 351 
306 443 
306 465 
307 392 
309 359 
309 394 
309 455 
309 460 
311 476 
312 426 
312 433 
313 378 
316 405 
317 396 
318 460 
324 374 
324 440 
325 472 
326 409 
327 433 
328 374 
330 409 
331 368 
332 473 
333 403 
333 441 
334 494 
335 497 
336 447 
338 415 
338 435 
339 439 
340 406 
340 479 
349 389 
349 399 
351 401 
351 442 
354 370 
354 384 
355 388 
355 416 
360 491 
361 484 
364 445 
365 369 
366 367 
368 380 
368 432 
368 462 
371 498 
374 384 
374 445 
377 492 
380 483 
381 462 
382 416 
385 387 
385 442 
389 458 
392 451 
392 475 
397 400 
397 461 
398 425 
399 411 
399 456 
400 454 
411 486 
412 451 
412 469 
413 475 
422 493 
427 436 
427 485 
427 497 
430 449 
431 463 
441 483 
452 459 
478 493 
495 497 
