false
false
500
1988
0 1 
0 3 
0 4 
0 5 
0 6 
0 9 
0 11 
0 13 
0 18 
0 25 
0 31 
0 32 
0 33 
0 34 
0 35 
0 45 
0 46 
0 63 
0 67 
0 68 
0 73 
0 74 
0 76 
0 85 
0 88 
0 93 
0 103 
0 104 
0 108 
0 128 
0 147 
0 148 
0 164 
0 180 
0 181 
0 188 
0 206 
0 261 
0 263 
0 271 
0 272 
0 340 
0 352 
0 355 
0 361 
0 376 
0 381 
0 399 
0 414 
0 438 
0 440 
0 449 
1 2 
1 4 
1 5 
1 6 
1 7 
1 8 
1 10 
1 12 
1 14 
1 19 
1 23 
1 26 
1 32 
1 36 
1 48 
1 52 
1 54 
1 64 
1 72 
1 76 
1 79 
1 90 
1 97 
1 133 
1 152 
1 157 
1 160 
1 163 
1 190 
1 204 
1 205 
1 208 
1 217 
1 227 
1 232 
1 234 
1 238 
1 239 
1 243 
1 267 
1 281 
1 299 
1 313 
1 318 
1 327 
1 335 
1 357 
1 361 
1 371 
1 386 
1 406 
1 418 
1 431 
1 432 
1 448 
1 459 
1 460 
1 469 
2 3 
2 4 
2 7 
2 8 
2 9 
2 10 
2 13 
2 15 
2 22 
2 27 
2 30 
2 34 
2 37 
2 39 
2 41 
2 46 
2 47 
2 51 
2 63 
2 70 
2 79 
2 86 
2 94 
2 121 
2 124 
2 132 
2 135 
2 165 
2 167 
2 168 
2 179 
2 185 
2 192 
2 201 
2 210 
2 250 
2 251 
2 264 
2 273 
2 290 
2 294 
2 356 
2 358 
2 363 
2 370 
2 378 
2 412 
2 456 
2 478 
2 485 
3 4 
3 5 
3 6 
3 8 
3 17 
3 20 
3 28 
3 39 
3 48 
3 56 
3 77 
3 81 
3 95 
3 98 
3 114 
3 130 
3 143 
3 146 
3 162 
3 163 
3 170 
3 173 
3 202 
3 214 
3 226 
3 229 
3 245 
3 250 
3 252 
3 274 
3 286 
3 287 
3 317 
3 337 
3 365 
3 380 
3 393 
3 398 
3 402 
3 447 
3 483 
3 492 
4 5 
4 6 
4 7 
4 10 
4 11 
4 12 
4 19 
4 21 
4 29 
4 30 
4 37 
4 38 
4 44 
4 50 
4 58 
4 60 
4 61 
4 68 
4 74 
4 76 
4 82 
4 86 
4 102 
4 105 
4 113 
4 120 
4 123 
4 134 
4 139 
4 144 
4 146 
4 150 
4 151 
4 159 
4 170 
4 178 
4 192 
4 205 
4 206 
4 222 
4 230 
4 257 
4 274 
4 275 
4 280 
4 284 
4 300 
4 307 
4 322 
4 328 
4 334 
4 343 
4 351 
4 354 
4 360 
4 370 
4 389 
4 393 
4 435 
4 444 
4 449 
4 475 
4 481 
4 484 
5 9 
5 11 
5 17 
5 21 
5 33 
5 35 
5 54 
5 62 
5 70 
5 73 
5 100 
5 102 
5 116 
5 119 
5 129 
5 130 
5 131 
5 143 
5 144 
5 153 
5 180 
5 184 
5 204 
5 233 
5 262 
5 284 
5 326 
5 351 
5 358 
5 368 
5 429 
5 434 
5 450 
5 474 
5 475 
5 486 
5 493 
6 7 
6 9 
6 10 
6 15 
6 16 
6 20 
6 26 
6 27 
6 31 
6 40 
6 42 
6 50 
6 67 
6 69 
6 74 
6 78 
6 101 
6 117 
6 128 
6 150 
6 154 
6 199 
6 204 
6 207 
6 214 
6 248 
6 265 
6 271 
6 282 
6 287 
6 297 
6 319 
6 326 
6 347 
6 361 
6 365 
6 393 
6 400 
6 424 
6 426 
6 427 
6 429 
6 431 
6 474 
6 489 
7 8 
7 12 
7 15 
7 16 
7 22 
7 23 
7 25 
7 28 
7 29 
7 37 
7 43 
7 47 
7 48 
7 49 
7 51 
7 53 
7 60 
7 65 
7 66 
7 68 
7 69 
7 79 
7 83 
7 86 
7 92 
7 98 
7 99 
7 103 
7 116 
7 118 
7 123 
7 131 
7 138 
7 139 
7 142 
7 143 
7 155 
7 165 
7 167 
7 186 
7 194 
7 200 
7 214 
7 227 
7 230 
7 234 
7 238 
7 255 
7 258 
7 275 
7 292 
7 293 
7 316 
7 337 
7 373 
7 389 
7 397 
7 411 
7 416 
7 452 
7 453 
7 462 
7 479 
7 483 
7 484 
7 490 
7 496 
7 499 
8 15 
8 20 
8 24 
8 25 
8 30 
8 40 
8 42 
8 44 
8 49 
8 61 
8 66 
8 70 
8 73 
8 92 
8 96 
8 105 
8 114 
8 125 
8 133 
8 138 
8 142 
8 147 
8 154 
8 156 
8 172 
8 194 
8 222 
8 240 
8 242 
8 246 
8 305 
8 308 
8 337 
8 346 
8 369 
8 372 
8 381 
8 391 
8 402 
8 405 
8 420 
8 421 
8 425 
9 13 
9 24 
9 46 
9 51 
9 57 
9 112 
9 113 
9 125 
9 158 
9 216 
9 228 
9 282 
9 320 
9 330 
9 334 
9 348 
9 403 
9 405 
9 443 
9 490 
9 497 
10 11 
10 12 
10 13 
10 16 
10 18 
10 19 
10 34 
10 46 
10 57 
10 72 
10 83 
10 87 
10 90 
10 93 
10 106 
10 117 
10 157 
10 169 
10 170 
10 181 
10 196 
10 200 
10 215 
10 233 
10 254 
10 256 
10 291 
10 298 
10 323 
10 332 
10 333 
10 378 
10 441 
10 481 
11 14 
11 17 
11 19 
11 21 
11 22 
11 23 
11 24 
11 25 
11 26 
11 32 
11 33 
11 40 
11 42 
11 45 
11 47 
11 48 
11 56 
11 59 
11 77 
11 80 
11 81 
11 85 
11 86 
11 88 
11 91 
11 93 
11 95 
11 97 
11 98 
11 103 
11 112 
11 115 
11 121 
11 131 
11 134 
11 137 
11 153 
11 156 
11 165 
11 179 
11 180 
11 182 
11 188 
11 191 
11 198 
11 205 
11 206 
11 210 
11 211 
11 214 
11 225 
11 230 
11 232 
11 239 
11 242 
11 255 
11 259 
11 263 
11 280 
11 292 
11 300 
11 308 
11 309 
11 314 
11 318 
11 333 
11 334 
11 338 
11 360 
11 364 
11 384 
11 390 
11 418 
11 423 
11 426 
11 428 
11 430 
11 435 
11 441 
11 446 
11 447 
11 461 
11 476 
12 14 
12 35 
12 65 
12 94 
12 111 
12 112 
12 117 
12 122 
12 132 
12 135 
12 136 
12 141 
12 171 
12 181 
12 186 
12 213 
12 264 
12 278 
12 283 
12 287 
12 293 
12 339 
12 385 
12 387 
12 409 
12 446 
12 488 
13 14 
13 17 
13 27 
13 55 
13 89 
13 104 
13 109 
13 161 
13 185 
13 196 
13 259 
13 260 
13 299 
13 329 
13 342 
13 346 
13 360 
13 366 
13 371 
13 395 
13 410 
13 424 
13 425 
13 467 
13 487 
14 28 
14 29 
14 32 
14 50 
14 106 
14 111 
14 138 
14 189 
14 317 
15 16 
15 18 
15 35 
15 75 
15 84 
15 119 
15 138 
15 145 
15 163 
15 169 
15 183 
15 256 
15 269 
15 271 
15 298 
15 324 
15 384 
15 436 
15 447 
16 21 
16 28 
16 31 
16 34 
16 47 
16 60 
16 87 
16 89 
16 97 
16 103 
16 115 
16 119 
16 154 
16 169 
16 172 
16 178 
16 183 
16 242 
16 249 
16 301 
16 341 
16 345 
16 429 
16 433 
17 18 
17 20 
17 22 
17 24 
17 91 
17 92 
17 106 
17 126 
17 127 
17 163 
17 175 
17 190 
17 298 
17 313 
17 322 
17 329 
17 353 
17 394 
17 424 
17 430 
17 444 
17 460 
18 36 
18 43 
18 82 
18 85 
18 92 
18 109 
18 123 
18 133 
18 189 
18 247 
18 288 
18 320 
18 352 
18 356 
18 368 
18 416 
18 460 
19 36 
19 78 
19 108 
19 148 
19 229 
19 406 
19 413 
20 43 
20 59 
20 79 
20 152 
20 166 
20 239 
20 253 
20 301 
20 454 
21 23 
21 30 
21 36 
21 45 
21 52 
21 65 
21 66 
21 94 
21 96 
21 111 
21 136 
21 137 
21 164 
21 192 
21 220 
21 269 
21 382 
21 385 
21 416 
21 423 
21 434 
21 444 
21 450 
21 452 
21 485 
21 498 
22 26 
22 27 
22 38 
22 44 
22 63 
22 67 
22 71 
22 74 
22 75 
22 109 
22 118 
22 129 
22 155 
22 162 
22 224 
22 246 
22 295 
22 323 
22 350 
22 389 
22 396 
22 486 
23 38 
23 101 
23 108 
23 114 
23 135 
23 149 
23 175 
23 209 
23 216 
23 278 
23 296 
23 306 
23 438 
23 488 
24 31 
24 56 
24 102 
24 140 
24 282 
24 304 
25 39 
25 49 
25 53 
25 87 
25 118 
25 153 
25 167 
25 188 
25 235 
25 238 
25 268 
25 275 
25 302 
25 335 
25 395 
25 441 
25 477 
26 42 
26 173 
26 244 
26 265 
26 469 
26 470 
26 472 
26 481 
27 29 
27 44 
27 54 
27 62 
27 100 
27 137 
27 187 
27 193 
27 224 
27 263 
27 272 
27 296 
27 332 
27 336 
27 343 
27 374 
27 488 
28 160 
28 173 
28 174 
28 208 
28 215 
28 218 
28 223 
28 253 
28 307 
28 315 
28 342 
28 345 
28 411 
28 422 
28 439 
28 464 
29 33 
29 41 
29 62 
29 129 
29 139 
29 296 
29 443 
29 471 
30 39 
30 54 
30 64 
30 69 
30 81 
30 82 
30 121 
30 166 
30 203 
30 308 
30 315 
30 344 
30 351 
30 354 
30 412 
30 437 
30 463 
30 469 
30 472 
30 475 
30 493 
31 49 
31 59 
31 61 
31 67 
31 83 
31 108 
31 126 
31 140 
31 153 
31 174 
31 199 
31 225 
31 236 
31 273 
31 279 
31 312 
31 318 
31 347 
31 353 
31 414 
31 421 
31 436 
32 43 
32 56 
32 58 
32 85 
32 116 
32 152 
32 182 
32 191 
32 201 
32 202 
32 240 
32 300 
32 326 
32 357 
32 419 
32 433 
32 434 
32 437 
33 37 
33 57 
33 61 
33 73 
33 105 
33 131 
33 150 
33 156 
33 196 
33 251 
33 281 
33 391 
33 394 
33 412 
33 427 
34 38 
34 41 
34 58 
34 62 
34 63 
34 64 
34 81 
34 99 
34 104 
34 132 
34 149 
34 161 
34 241 
34 257 
34 288 
34 293 
34 340 
34 362 
34 409 
34 414 
34 454 
34 470 
35 403 
35 470 
36 41 
36 71 
36 376 
36 390 
36 472 
37 90 
37 184 
37 205 
37 210 
37 277 
37 417 
38 40 
38 45 
38 52 
38 90 
38 116 
38 190 
38 275 
38 297 
38 379 
38 483 
39 52 
39 55 
39 162 
39 177 
39 200 
39 202 
39 238 
39 277 
39 332 
39 337 
39 400 
40 55 
40 75 
40 76 
40 96 
40 178 
40 201 
40 218 
40 219 
40 231 
40 346 
40 363 
40 384 
40 399 
40 401 
40 432 
40 474 
40 488 
40 499 
41 51 
41 89 
41 118 
41 215 
41 266 
41 339 
42 50 
42 68 
42 80 
42 110 
42 195 
42 218 
42 248 
42 257 
42 287 
42 294 
42 308 
42 347 
42 349 
42 365 
42 408 
42 493 
43 96 
43 186 
43 187 
43 320 
43 375 
44 59 
44 60 
44 69 
44 84 
44 117 
44 122 
44 126 
44 151 
44 169 
44 179 
44 221 
44 267 
44 282 
44 304 
44 306 
44 311 
44 438 
44 454 
45 233 
45 303 
45 362 
45 369 
46 64 
46 97 
46 182 
46 221 
46 296 
46 439 
47 53 
47 122 
47 226 
47 270 
47 321 
47 420 
47 486 
48 177 
48 291 
48 430 
49 55 
49 82 
49 84 
49 120 
49 171 
49 176 
49 271 
49 289 
49 310 
49 370 
49 452 
50 53 
50 65 
50 83 
50 89 
50 161 
50 177 
50 245 
50 277 
50 305 
50 345 
50 366 
50 404 
50 425 
50 453 
51 72 
51 80 
51 140 
51 204 
51 220 
51 256 
51 498 
52 58 
52 98 
52 100 
52 200 
52 222 
52 407 
53 57 
53 95 
53 111 
53 141 
53 145 
53 158 
53 185 
53 294 
53 375 
55 72 
55 107 
55 128 
55 140 
55 258 
55 450 
55 489 
56 70 
56 99 
56 154 
56 159 
56 319 
56 322 
56 350 
56 359 
56 407 
57 75 
57 84 
57 159 
57 168 
57 194 
57 224 
57 230 
58 157 
58 187 
58 195 
58 209 
58 219 
58 327 
58 367 
58 392 
58 432 
58 455 
58 485 
58 496 
59 113 
59 191 
59 338 
59 396 
59 437 
60 77 
60 101 
60 207 
60 228 
60 250 
60 255 
60 263 
60 264 
60 304 
60 381 
60 401 
60 422 
60 477 
61 71 
61 130 
61 212 
61 312 
61 324 
61 439 
62 71 
62 107 
62 110 
62 119 
62 122 
62 134 
62 136 
62 173 
62 196 
62 237 
62 240 
62 246 
62 254 
62 260 
62 279 
62 288 
62 331 
62 413 
62 443 
62 476 
63 66 
63 151 
63 183 
63 220 
63 258 
63 313 
63 404 
64 88 
64 95 
64 156 
65 148 
65 151 
65 177 
65 184 
65 243 
65 267 
65 377 
65 397 
65 407 
65 431 
66 77 
66 91 
66 191 
66 295 
67 88 
67 102 
67 137 
67 161 
67 171 
67 172 
67 215 
67 346 
67 370 
67 434 
67 468 
68 101 
68 251 
68 327 
68 348 
69 104 
69 206 
69 286 
69 302 
69 315 
69 442 
70 134 
70 158 
70 159 
70 209 
70 268 
70 318 
72 109 
72 124 
72 178 
72 262 
72 276 
72 281 
72 316 
73 78 
73 87 
73 266 
73 368 
73 457 
74 78 
74 211 
74 341 
75 171 
75 228 
76 80 
76 124 
76 125 
76 162 
76 176 
76 179 
76 181 
76 201 
76 213 
76 348 
76 364 
76 455 
76 497 
77 120 
77 212 
77 325 
77 326 
77 362 
77 420 
78 100 
78 112 
78 115 
78 130 
78 139 
78 150 
78 224 
78 306 
78 323 
78 347 
78 408 
78 416 
78 494 
79 176 
79 227 
79 237 
79 303 
79 386 
79 394 
80 142 
80 174 
80 233 
80 274 
80 408 
80 422 
80 462 
81 145 
81 213 
81 223 
81 236 
81 369 
81 397 
82 94 
82 192 
82 197 
82 199 
82 225 
82 265 
82 317 
82 417 
83 91 
83 110 
83 127 
83 133 
83 141 
83 165 
83 172 
84 164 
84 170 
84 405 
84 469 
85 107 
85 129 
85 198 
85 354 
85 356 
86 110 
86 194 
87 93 
87 152 
87 198 
87 258 
87 349 
87 458 
87 492 
88 195 
88 242 
88 344 
89 231 
89 270 
90 288 
90 358 
91 120 
91 174 
91 176 
91 208 
91 234 
92 125 
92 167 
92 207 
92 217 
92 279 
92 433 
93 203 
94 136 
94 223 
94 342 
94 457 
95 99 
95 107 
95 115 
95 121 
95 148 
95 164 
95 175 
95 482 
96 114 
96 218 
96 403 
96 445 
97 254 
97 257 
97 345 
97 392 
98 106 
98 146 
98 168 
98 328 
99 127 
99 135 
99 208 
99 210 
99 247 
99 359 
99 379 
100 329 
100 371 
100 466 
100 479 
100 483 
102 123 
102 182 
102 217 
102 286 
102 386 
102 388 
103 105 
103 127 
103 456 
104 195 
104 328 
104 389 
104 450 
105 132 
105 193 
105 212 
105 221 
105 248 
105 251 
105 252 
105 373 
105 468 
106 203 
106 260 
107 143 
107 144 
107 366 
108 183 
108 311 
109 113 
109 197 
109 456 
109 496 
110 301 
110 391 
111 126 
111 236 
111 458 
112 232 
112 325 
113 404 
114 128 
114 145 
114 247 
114 415 
115 254 
115 490 
116 264 
117 367 
118 495 
119 448 
120 147 
120 222 
120 375 
120 386 
120 392 
121 250 
121 270 
121 294 
121 304 
121 333 
121 375 
122 142 
122 168 
122 367 
122 392 
123 124 
123 144 
123 284 
123 356 
123 456 
123 478 
124 166 
124 480 
125 160 
125 289 
126 141 
126 309 
126 312 
126 390 
126 403 
127 339 
128 155 
128 189 
128 243 
128 280 
128 300 
128 487 
130 160 
130 241 
130 279 
130 321 
131 158 
131 188 
131 234 
132 149 
132 269 
132 424 
133 266 
133 372 
134 197 
135 155 
135 225 
135 290 
135 368 
136 228 
136 276 
136 281 
137 291 
137 321 
137 355 
137 384 
138 146 
138 223 
138 364 
138 371 
138 426 
138 474 
139 235 
140 147 
140 186 
140 273 
140 289 
140 317 
140 427 
140 484 
141 187 
141 387 
142 353 
142 364 
143 310 
144 149 
144 229 
144 261 
144 307 
144 482 
144 491 
145 226 
146 185 
146 259 
146 329 
147 157 
147 175 
147 315 
147 486 
148 314 
148 369 
148 440 
148 468 
148 489 
149 216 
149 244 
149 270 
149 325 
149 378 
149 383 
149 464 
151 219 
151 236 
151 249 
151 290 
151 482 
153 262 
153 388 
153 461 
154 220 
154 283 
154 309 
155 166 
155 199 
155 277 
155 359 
155 439 
155 455 
156 285 
156 378 
157 248 
157 292 
157 443 
157 465 
157 489 
158 349 
158 382 
159 268 
159 399 
159 417 
160 180 
160 193 
160 291 
160 292 
160 295 
160 297 
160 305 
160 376 
161 286 
161 473 
161 494 
162 211 
162 415 
162 435 
163 461 
164 249 
164 272 
164 460 
165 190 
165 198 
165 221 
165 235 
165 341 
165 391 
165 397 
167 184 
167 261 
167 419 
167 429 
167 442 
167 445 
167 463 
168 211 
169 411 
169 428 
170 306 
171 213 
171 231 
171 314 
172 478 
173 303 
174 278 
175 328 
175 379 
176 193 
176 203 
176 314 
176 440 
176 466 
178 239 
178 274 
179 396 
180 249 
180 267 
180 334 
180 342 
180 499 
182 207 
182 216 
182 244 
182 390 
183 232 
183 285 
184 237 
184 457 
185 219 
186 285 
186 385 
186 425 
186 471 
187 189 
187 202 
187 265 
187 327 
187 466 
187 473 
188 217 
188 463 
189 380 
190 197 
190 322 
190 423 
191 247 
191 283 
192 241 
192 273 
192 310 
193 379 
194 212 
194 313 
194 331 
195 245 
195 428 
197 331 
197 374 
197 406 
198 298 
198 357 
200 372 
201 256 
201 302 
202 284 
202 479 
203 209 
203 229 
204 227 
204 231 
204 244 
204 276 
204 312 
204 459 
205 410 
206 253 
207 240 
207 437 
208 316 
208 338 
208 420 
209 451 
209 464 
210 261 
212 285 
212 411 
213 335 
214 235 
214 243 
214 361 
215 465 
216 253 
216 293 
216 377 
216 404 
216 467 
217 422 
218 269 
219 478 
222 226 
222 449 
223 259 
223 309 
223 440 
223 482 
225 476 
226 237 
227 299 
227 340 
227 362 
228 260 
228 299 
228 330 
228 471 
229 341 
229 355 
229 413 
231 415 
231 447 
232 363 
233 262 
233 373 
234 276 
234 367 
234 374 
234 380 
238 241 
238 245 
238 252 
238 324 
239 246 
239 252 
239 373 
239 398 
239 479 
239 494 
240 272 
240 297 
241 365 
241 427 
242 311 
242 377 
243 343 
243 387 
243 409 
243 438 
244 311 
245 323 
247 266 
247 444 
248 394 
248 442 
249 330 
250 305 
250 336 
250 383 
252 280 
252 336 
252 350 
252 430 
252 431 
253 255 
253 330 
254 336 
254 418 
254 495 
255 454 
256 319 
256 359 
256 445 
257 387 
258 290 
258 325 
258 357 
258 417 
260 283 
260 319 
260 382 
260 400 
260 419 
261 383 
262 393 
263 321 
263 377 
263 428 
264 307 
267 268 
268 344 
268 381 
272 316 
272 340 
272 344 
272 350 
272 388 
273 449 
275 289 
276 278 
276 405 
276 463 
276 493 
277 436 
278 331 
278 363 
278 382 
278 401 
278 466 
281 295 
281 302 
282 301 
282 339 
282 353 
282 398 
282 475 
284 383 
284 491 
285 310 
285 332 
285 459 
286 320 
286 495 
287 303 
289 355 
289 360 
289 494 
293 432 
293 485 
296 496 
297 421 
297 462 
298 413 
299 358 
300 492 
301 333 
302 324 
302 351 
304 451 
305 348 
305 412 
307 343 
308 385 
310 410 
313 472 
316 487 
317 409 
319 399 
323 445 
324 335 
325 436 
325 480 
326 455 
327 407 
327 477 
329 349 
329 366 
329 406 
330 352 
331 448 
333 352 
333 374 
333 491 
334 452 
334 465 
335 354 
336 477 
337 338 
337 480 
338 459 
339 376 
339 480 
346 423 
348 388 
350 414 
351 415 
357 380 
359 372 
359 395 
359 401 
359 446 
361 433 
368 458 
370 395 
373 400 
374 398 
374 418 
375 458 
376 435 
376 467 
377 396 
380 470 
381 481 
382 402 
384 468 
385 453 
387 495 
388 441 
392 402 
394 408 
396 473 
396 487 
402 473 
404 419 
404 451 
404 453 
405 410 
409 497 
410 451 
410 499 
411 465 
411 492 
412 426 
413 464 
416 457 
418 421 
419 442 
419 497 
420 476 
423 498 
429 446 
434 461 
441 448 
445 462 
445 471 
453 491 
463 467 
470 484 
472 498 
481 490 
