false
false
500
1988
0 1 
0 3 
0 4 
0 5 
0 6 
0 7 
0 10 
0 18 
0 29 
0 33 
0 40 
0 41 
0 47 
0 51 
0 60 
0 61 
0 68 
0 74 
0 77 
0 79 
0 88 
0 89 
0 91 
0 93 
0 95 
0 123 
0 128 
0 132 
0 148 
0 165 
0 167 
0 185 
0 201 
0 220 
0 240 
0 241 
0 250 
0 255 
0 284 
0 340 
0 367 
0 387 
0 396 
0 439 
0 487 
0 489 
1 2 
1 4 
1 5 
1 7 
1 13 
1 26 
1 36 
1 38 
1 45 
1 48 
1 52 
1 55 
1 63 
1 66 
1 70 
1 71 
1 75 
1 82 
1 91 
1 106 
1 114 
1 141 
1 150 
1 172 
1 247 
1 255 
1 264 
1 292 
1 309 
1 327 
1 341 
1 345 
1 367 
1 388 
1 479 
1 497 
2 3 
2 4 
2 5 
2 6 
2 8 
2 9 
2 10 
2 11 
2 12 
2 13 
2 14 
2 15 
2 16 
2 19 
2 22 
2 23 
2 24 
2 25 
2 32 
2 50 
2 57 
2 65 
2 67 
2 69 
2 77 
2 80 
2 85 
2 93 
2 94 
2 98 
2 105 
2 108 
2 114 
2 119 
2 124 
2 125 
2 126 
2 143 
2 145 
2 148 
2 149 
2 150 
2 154 
2 169 
2 173 
2 175 
2 179 
2 181 
2 184 
2 187 
2 188 
2 196 
2 199 
2 205 
2 214 
2 232 
2 235 
2 244 
2 259 
2 263 
2 268 
2 270 
2 276 
2 278 
2 297 
2 303 
2 304 
2 306 
2 317 
2 318 
2 331 
2 334 
2 344 
2 353 
2 359 
2 362 
2 365 
2 370 
2 389 
2 394 
2 401 
2 407 
2 409 
2 419 
2 424 
2 429 
2 441 
2 463 
2 465 
2 466 
2 473 
2 476 
2 480 
2 490 
2 491 
2 494 
3 4 
3 6 
3 24 
3 94 
3 153 
3 166 
3 170 
3 182 
3 241 
3 246 
3 263 
3 322 
4 5 
4 6 
4 7 
4 8 
4 9 
4 11 
4 16 
4 18 
4 23 
4 30 
4 31 
4 33 
4 39 
4 43 
4 51 
4 74 
4 91 
4 99 
4 105 
4 115 
4 117 
4 133 
4 140 
4 155 
4 160 
4 178 
4 180 
4 181 
4 189 
4 198 
4 200 
4 213 
4 266 
4 273 
4 291 
4 298 
4 305 
4 315 
4 361 
4 369 
4 380 
4 381 
4 404 
4 410 
4 441 
4 458 
4 462 
4 485 
5 8 
5 9 
5 14 
5 17 
5 18 
5 19 
5 21 
5 22 
5 27 
5 35 
5 38 
5 40 
5 41 
5 44 
5 51 
5 52 
5 54 
5 56 
5 61 
5 73 
5 86 
5 102 
5 103 
5 108 
5 111 
5 124 
5 130 
5 132 
5 144 
5 152 
5 156 
5 162 
5 183 
5 190 
5 195 
5 204 
5 208 
5 217 
5 222 
5 228 
5 238 
5 239 
5 260 
5 271 
5 290 
5 291 
5 300 
5 301 
5 306 
5 314 
5 332 
5 339 
5 368 
5 376 
5 395 
5 400 
5 417 
5 422 
5 433 
5 436 
5 446 
5 452 
5 464 
5 470 
5 481 
5 489 
5 495 
6 7 
6 8 
6 11 
6 12 
6 13 
6 17 
6 20 
6 23 
6 24 
6 28 
6 31 
6 33 
6 39 
6 42 
6 45 
6 47 
6 48 
6 49 
6 62 
6 64 
6 72 
6 76 
6 81 
6 84 
6 101 
6 128 
6 129 
6 134 
6 147 
6 150 
6 151 
6 152 
6 154 
6 174 
6 184 
6 186 
6 187 
6 196 
6 204 
6 210 
6 223 
6 233 
6 239 
6 249 
6 256 
6 260 
6 266 
6 272 
6 280 
6 286 
6 295 
6 297 
6 301 
6 305 
6 308 
6 311 
6 320 
6 321 
6 323 
6 336 
6 338 
6 347 
6 358 
6 396 
6 397 
6 403 
6 407 
6 408 
6 410 
6 415 
6 425 
6 427 
6 444 
6 456 
6 488 
7 9 
7 12 
7 14 
7 15 
7 20 
7 24 
7 25 
7 29 
7 31 
7 32 
7 34 
7 43 
7 59 
7 62 
7 90 
7 92 
7 101 
7 118 
7 119 
7 129 
7 135 
7 159 
7 162 
7 170 
7 171 
7 179 
7 240 
7 261 
7 265 
7 277 
7 283 
7 289 
7 291 
7 329 
7 333 
7 371 
7 411 
7 435 
7 455 
7 457 
7 493 
8 10 
8 11 
8 12 
8 14 
8 15 
8 16 
8 17 
8 21 
8 25 
8 26 
8 27 
8 30 
8 34 
8 36 
8 37 
8 40 
8 47 
8 49 
8 50 
8 54 
8 62 
8 69 
8 72 
8 84 
8 96 
8 108 
8 118 
8 120 
8 125 
8 130 
8 135 
8 177 
8 197 
8 200 
8 228 
8 244 
8 247 
8 262 
8 286 
8 287 
8 314 
8 333 
8 351 
8 352 
8 393 
8 423 
8 430 
8 431 
8 497 
9 10 
9 28 
9 35 
9 44 
9 53 
9 66 
9 67 
9 69 
9 109 
9 131 
9 175 
9 177 
9 197 
9 247 
9 253 
9 271 
9 308 
9 350 
9 353 
9 359 
9 387 
9 401 
9 436 
9 437 
9 476 
9 480 
10 13 
10 15 
10 16 
10 18 
10 19 
10 35 
10 39 
10 42 
10 77 
10 79 
10 85 
10 89 
10 135 
10 149 
10 177 
10 191 
10 195 
10 233 
10 266 
10 331 
10 337 
10 350 
10 357 
10 406 
10 432 
10 439 
10 443 
10 444 
10 459 
10 495 
11 21 
11 22 
11 23 
11 34 
11 54 
11 58 
11 71 
11 75 
11 82 
11 110 
11 130 
11 131 
11 136 
11 138 
11 207 
11 245 
11 252 
11 268 
11 277 
11 294 
11 326 
11 342 
11 351 
11 362 
11 383 
11 477 
11 480 
12 20 
12 27 
12 28 
12 42 
12 50 
12 58 
12 67 
12 73 
12 85 
12 90 
12 107 
12 112 
12 121 
12 137 
12 143 
12 154 
12 179 
12 202 
12 204 
12 213 
12 219 
12 227 
12 283 
12 298 
12 322 
12 330 
12 367 
12 444 
12 451 
13 34 
13 113 
13 114 
13 122 
13 126 
13 180 
13 209 
13 211 
13 223 
13 232 
13 234 
13 276 
13 289 
13 297 
13 307 
13 356 
13 416 
13 418 
13 466 
14 17 
14 22 
14 30 
14 78 
14 83 
14 95 
14 118 
14 127 
14 130 
14 146 
14 166 
14 171 
14 183 
14 203 
14 369 
14 421 
14 436 
14 443 
15 27 
15 29 
15 32 
15 47 
15 53 
15 60 
15 66 
15 74 
15 99 
15 101 
15 109 
15 127 
15 129 
15 132 
15 146 
15 153 
15 206 
15 221 
15 255 
15 275 
15 305 
15 306 
15 310 
15 416 
15 446 
15 455 
15 491 
16 21 
16 37 
16 38 
16 56 
16 65 
16 75 
16 98 
16 102 
16 173 
16 186 
16 472 
17 19 
17 20 
17 26 
17 29 
17 32 
17 33 
17 36 
17 37 
17 48 
17 52 
17 57 
17 64 
17 76 
17 78 
17 90 
17 101 
17 116 
17 122 
17 127 
17 129 
17 144 
17 149 
17 150 
17 152 
17 163 
17 169 
17 172 
17 184 
17 186 
17 196 
17 219 
17 225 
17 240 
17 247 
17 264 
17 271 
17 272 
17 291 
17 315 
17 321 
17 329 
17 384 
17 406 
17 430 
17 432 
17 434 
17 449 
17 452 
17 467 
17 471 
18 57 
18 87 
18 103 
18 111 
18 114 
18 122 
18 141 
18 153 
18 160 
18 179 
18 209 
18 229 
18 323 
18 340 
18 360 
18 373 
18 377 
18 403 
18 433 
18 489 
19 26 
19 28 
19 31 
19 37 
19 46 
19 62 
19 69 
19 80 
19 83 
19 96 
19 123 
19 133 
19 134 
19 141 
19 192 
19 202 
19 227 
19 256 
19 272 
19 273 
19 327 
19 411 
19 451 
20 35 
20 55 
20 250 
20 269 
20 328 
20 340 
20 449 
20 481 
21 42 
21 43 
21 45 
21 63 
21 123 
21 139 
21 142 
21 145 
21 212 
21 225 
21 233 
21 254 
21 265 
21 267 
21 328 
21 383 
21 390 
21 424 
22 25 
22 44 
22 53 
22 70 
22 76 
22 103 
22 166 
22 268 
22 385 
22 386 
22 437 
23 65 
23 106 
23 109 
23 110 
23 142 
23 176 
23 193 
23 217 
23 232 
23 324 
23 328 
23 337 
23 340 
23 393 
23 448 
24 143 
24 220 
24 333 
24 349 
24 416 
24 451 
24 457 
25 53 
25 54 
25 73 
25 92 
25 117 
25 120 
25 142 
25 161 
25 234 
25 248 
25 271 
25 310 
25 320 
25 363 
25 375 
26 112 
26 172 
26 208 
26 264 
26 314 
26 369 
26 391 
26 410 
26 412 
26 477 
26 485 
27 30 
27 44 
27 52 
27 55 
27 64 
27 82 
27 125 
27 137 
27 180 
27 368 
28 303 
28 318 
28 411 
29 71 
29 133 
29 139 
30 49 
30 55 
30 102 
30 104 
30 110 
30 115 
30 140 
30 201 
30 274 
30 386 
31 71 
31 86 
31 111 
31 329 
31 404 
32 36 
32 60 
32 194 
32 275 
32 324 
32 341 
32 376 
33 46 
33 49 
33 162 
33 221 
33 234 
33 258 
33 482 
34 39 
34 40 
34 45 
34 104 
34 116 
34 119 
34 140 
34 304 
34 370 
34 419 
34 442 
34 456 
35 38 
35 41 
35 65 
35 67 
35 230 
35 338 
35 343 
35 356 
35 383 
35 465 
36 43 
36 58 
36 68 
36 75 
36 85 
36 92 
36 134 
36 157 
36 168 
36 171 
36 175 
36 193 
36 253 
36 279 
36 280 
36 283 
36 346 
36 413 
37 59 
37 159 
37 209 
37 281 
37 289 
37 307 
37 343 
37 393 
38 57 
38 198 
38 258 
38 265 
38 289 
39 41 
39 56 
39 70 
39 106 
39 115 
39 216 
39 226 
39 316 
39 321 
39 368 
39 377 
39 477 
40 79 
40 126 
40 218 
40 226 
40 265 
40 285 
40 424 
40 473 
41 81 
41 92 
41 96 
41 122 
41 156 
41 190 
41 202 
41 326 
41 432 
41 461 
41 481 
42 46 
42 121 
42 133 
42 151 
42 157 
42 161 
42 182 
42 194 
42 216 
42 276 
42 292 
42 298 
42 326 
42 421 
42 434 
42 449 
43 48 
43 70 
43 100 
43 102 
43 156 
43 167 
43 311 
44 61 
44 87 
44 157 
44 253 
44 270 
44 414 
44 445 
44 488 
45 46 
45 58 
45 59 
45 63 
45 98 
45 113 
45 155 
45 178 
45 269 
45 295 
45 318 
45 336 
45 372 
45 431 
46 50 
46 63 
46 146 
46 165 
46 168 
46 201 
46 225 
46 279 
46 310 
46 440 
46 445 
46 480 
47 78 
47 83 
47 93 
47 99 
47 100 
47 110 
47 115 
47 147 
47 156 
47 172 
47 220 
47 231 
47 246 
47 344 
47 348 
47 363 
47 483 
47 486 
48 51 
48 64 
48 68 
48 72 
48 95 
48 223 
48 244 
48 249 
48 284 
48 287 
48 374 
48 375 
48 442 
49 60 
49 88 
49 98 
49 120 
49 183 
49 193 
49 229 
49 231 
49 364 
49 499 
50 56 
50 59 
50 72 
50 77 
50 112 
50 181 
50 182 
50 187 
50 188 
50 200 
50 220 
50 248 
50 313 
50 339 
50 357 
50 387 
50 458 
51 105 
51 141 
51 145 
51 153 
51 158 
51 206 
51 230 
51 245 
51 253 
51 267 
51 342 
51 388 
51 466 
52 81 
52 205 
52 388 
52 442 
53 94 
53 167 
53 227 
53 475 
54 107 
54 119 
54 120 
54 154 
54 249 
54 250 
54 457 
55 66 
55 68 
55 78 
55 80 
55 82 
55 87 
55 95 
55 104 
55 113 
55 148 
55 183 
55 194 
55 205 
55 224 
55 258 
55 312 
55 360 
55 414 
55 447 
55 483 
56 61 
56 113 
56 125 
57 87 
57 207 
57 269 
57 292 
57 337 
57 408 
57 494 
58 94 
58 177 
58 317 
58 461 
59 84 
59 146 
59 257 
59 259 
59 356 
59 395 
60 161 
60 198 
60 232 
60 242 
60 404 
61 275 
61 402 
61 406 
61 414 
61 484 
62 138 
62 164 
62 248 
62 348 
62 349 
62 384 
62 427 
62 484 
63 89 
63 97 
63 106 
63 136 
63 191 
63 212 
63 294 
63 300 
63 333 
63 338 
63 378 
63 393 
63 479 
63 495 
64 100 
64 147 
64 192 
64 290 
64 319 
64 389 
65 79 
65 80 
65 128 
65 160 
65 215 
65 261 
66 74 
66 166 
66 195 
66 274 
67 73 
67 81 
67 97 
67 203 
67 288 
68 109 
68 116 
68 144 
68 165 
68 182 
68 224 
68 279 
68 292 
68 397 
68 412 
68 419 
69 124 
69 145 
69 224 
69 281 
69 392 
69 447 
70 83 
70 84 
70 105 
70 117 
70 164 
70 173 
70 282 
70 302 
70 386 
70 390 
70 391 
70 417 
70 441 
70 494 
71 103 
71 117 
71 167 
71 199 
71 213 
71 258 
71 315 
71 329 
71 376 
71 413 
72 76 
72 107 
72 211 
72 237 
72 380 
73 158 
73 187 
73 189 
73 235 
73 372 
73 438 
74 322 
74 394 
74 438 
75 86 
75 163 
75 208 
75 317 
75 488 
76 171 
76 181 
76 207 
76 330 
76 380 
76 382 
76 385 
76 422 
76 448 
76 474 
76 491 
77 86 
77 126 
77 215 
77 244 
77 330 
77 423 
77 428 
77 449 
78 96 
78 257 
78 381 
79 88 
79 89 
79 91 
79 97 
79 148 
79 174 
79 266 
79 282 
79 409 
79 460 
81 93 
81 99 
81 128 
81 226 
82 243 
83 118 
83 158 
83 200 
83 212 
83 218 
83 281 
83 299 
83 397 
83 402 
84 100 
84 176 
84 246 
84 315 
84 389 
84 414 
84 429 
85 90 
85 143 
85 149 
85 168 
85 270 
85 308 
85 311 
85 433 
86 132 
86 168 
86 217 
86 260 
86 374 
87 88 
87 135 
87 174 
87 229 
87 331 
87 335 
87 368 
87 415 
87 424 
87 447 
88 136 
88 163 
88 206 
88 260 
88 274 
88 365 
89 121 
89 131 
89 197 
89 236 
89 287 
89 323 
89 332 
89 355 
89 473 
89 497 
90 112 
90 139 
90 142 
90 300 
90 302 
90 437 
91 460 
92 97 
92 202 
92 211 
92 222 
92 361 
92 472 
92 485 
92 486 
93 121 
93 138 
93 193 
93 332 
93 365 
93 377 
93 439 
93 463 
94 116 
94 287 
95 108 
95 293 
96 169 
96 277 
96 330 
97 111 
97 261 
97 314 
97 360 
98 107 
98 158 
98 400 
99 173 
99 190 
99 357 
100 104 
100 123 
101 296 
101 362 
102 124 
103 446 
104 163 
104 376 
104 405 
104 448 
105 137 
105 189 
105 210 
105 307 
105 498 
106 215 
106 225 
106 235 
106 237 
106 278 
106 312 
106 317 
106 323 
106 351 
106 370 
106 435 
106 450 
106 455 
106 465 
107 420 
108 131 
108 162 
108 239 
108 293 
108 301 
108 455 
108 492 
109 229 
109 237 
109 254 
109 294 
109 389 
110 138 
110 139 
110 352 
110 498 
111 206 
112 147 
112 218 
112 299 
112 355 
112 375 
113 152 
113 184 
113 236 
113 245 
113 251 
113 312 
113 415 
114 174 
114 180 
114 238 
114 273 
114 295 
114 364 
114 408 
114 459 
114 474 
114 492 
115 155 
115 189 
115 213 
115 221 
115 484 
116 137 
117 476 
118 221 
118 222 
118 231 
118 241 
118 309 
118 345 
118 353 
118 413 
118 453 
118 493 
119 242 
119 355 
119 379 
119 445 
119 492 
119 496 
120 306 
120 339 
120 412 
122 396 
122 436 
123 136 
123 144 
123 151 
123 159 
123 192 
123 199 
123 269 
123 328 
123 463 
123 486 
124 186 
124 300 
124 492 
125 127 
125 159 
125 188 
125 218 
125 288 
125 493 
126 176 
126 191 
126 194 
126 235 
126 261 
126 285 
126 358 
126 420 
126 493 
127 151 
127 199 
127 212 
127 366 
128 251 
128 453 
129 164 
129 203 
129 215 
129 262 
130 134 
130 227 
130 233 
130 324 
130 485 
131 228 
132 140 
132 499 
133 176 
133 209 
133 267 
133 387 
133 420 
134 178 
134 348 
134 352 
134 381 
134 391 
135 185 
135 252 
135 263 
135 277 
136 254 
137 354 
138 157 
138 283 
138 440 
139 231 
139 241 
139 245 
139 284 
139 374 
140 354 
140 395 
140 398 
141 195 
141 282 
141 313 
141 341 
141 372 
142 469 
143 264 
143 359 
144 230 
145 155 
145 170 
145 175 
148 217 
149 238 
150 161 
150 164 
150 188 
150 267 
150 299 
150 430 
151 303 
152 170 
152 309 
152 365 
153 169 
153 205 
153 250 
153 364 
154 216 
154 286 
154 407 
154 450 
154 489 
155 479 
156 160 
156 222 
157 285 
157 385 
158 190 
158 207 
158 305 
158 316 
158 483 
159 197 
159 228 
159 390 
159 399 
160 196 
160 236 
160 252 
160 324 
160 379 
160 392 
160 401 
160 481 
161 242 
161 256 
161 259 
161 278 
161 282 
161 425 
161 438 
161 475 
162 356 
162 399 
163 165 
163 185 
163 251 
163 379 
163 398 
164 192 
164 210 
164 460 
164 470 
165 316 
165 366 
165 400 
165 448 
166 214 
166 272 
167 394 
169 310 
169 388 
169 469 
170 417 
171 325 
172 178 
172 191 
172 463 
172 495 
173 239 
173 254 
173 270 
173 280 
173 336 
173 421 
174 346 
174 418 
175 262 
176 214 
176 234 
176 263 
176 312 
176 334 
176 360 
176 417 
176 443 
178 243 
178 428 
179 208 
179 210 
179 216 
179 236 
179 279 
180 198 
181 185 
181 359 
181 450 
182 211 
182 262 
182 399 
182 418 
183 288 
183 354 
184 223 
184 397 
184 457 
186 255 
188 201 
188 243 
188 280 
188 298 
188 343 
188 429 
189 248 
189 257 
189 426 
189 453 
189 454 
190 346 
192 301 
192 385 
193 295 
193 408 
194 230 
194 285 
194 313 
194 319 
194 325 
194 337 
194 402 
194 405 
194 406 
194 432 
194 446 
194 456 
195 219 
195 275 
195 293 
195 422 
195 438 
196 290 
196 320 
196 347 
196 426 
197 203 
197 256 
197 290 
197 391 
198 257 
198 281 
198 343 
199 204 
199 242 
199 278 
199 358 
199 361 
200 226 
200 382 
200 435 
201 219 
201 246 
201 318 
201 345 
201 476 
203 367 
204 297 
204 302 
204 345 
204 440 
205 288 
206 214 
206 240 
206 251 
206 273 
206 296 
206 490 
207 313 
207 378 
207 411 
209 252 
209 373 
210 243 
210 325 
210 334 
210 349 
210 378 
210 451 
210 483 
211 410 
212 454 
213 431 
214 319 
214 373 
214 409 
214 467 
214 468 
217 237 
217 238 
217 284 
217 386 
217 444 
217 454 
218 224 
218 304 
218 490 
221 378 
223 296 
223 307 
223 363 
223 380 
223 404 
224 336 
226 353 
226 482 
227 326 
227 335 
227 366 
227 425 
227 426 
227 461 
229 249 
229 395 
230 309 
230 412 
230 496 
231 355 
232 308 
232 349 
232 468 
235 338 
235 471 
235 496 
236 335 
236 462 
237 259 
237 392 
239 344 
240 358 
243 303 
243 332 
243 466 
243 468 
245 383 
248 286 
248 327 
249 268 
249 399 
249 441 
250 409 
250 429 
251 396 
251 473 
253 428 
254 335 
254 372 
255 276 
255 362 
255 366 
255 382 
258 433 
259 321 
259 420 
259 478 
261 374 
261 390 
261 418 
261 487 
262 440 
263 293 
263 428 
263 468 
264 454 
264 498 
265 320 
267 458 
268 403 
269 371 
269 422 
269 423 
269 434 
269 475 
271 304 
272 274 
272 342 
272 453 
275 499 
276 437 
277 342 
277 384 
278 482 
280 375 
280 482 
281 352 
281 423 
282 299 
282 331 
283 467 
283 478 
284 296 
285 462 
290 294 
290 319 
290 407 
293 398 
294 347 
294 472 
295 341 
295 458 
298 302 
298 351 
298 413 
298 459 
299 311 
299 322 
299 327 
299 348 
300 325 
302 370 
302 405 
305 401 
306 403 
306 427 
307 464 
310 434 
310 494 
312 316 
312 363 
313 415 
315 354 
315 373 
315 452 
318 361 
319 334 
320 427 
322 379 
323 364 
325 339 
325 346 
325 350 
327 496 
330 350 
331 344 
331 347 
331 462 
331 487 
332 490 
334 464 
334 465 
335 394 
337 357 
340 405 
340 426 
341 392 
344 472 
345 450 
346 369 
346 475 
348 377 
348 400 
351 382 
352 402 
356 384 
356 459 
356 497 
362 371 
363 464 
366 439 
370 371 
370 425 
371 398 
371 491 
374 469 
379 381 
379 416 
379 460 
379 467 
382 447 
386 479 
388 470 
391 484 
391 499 
392 430 
397 469 
398 419 
399 487 
405 471 
405 474 
413 470 
416 443 
416 488 
420 421 
421 474 
422 486 
425 498 
427 431 
430 452 
431 442 
433 445 
433 461 
434 435 
448 478 
449 478 
453 456 
458 471 
464 477 
