false
false
500
1988
0 1 
0 3 
0 4 
0 5 
0 7 
0 11 
0 14 
0 16 
0 19 
0 27 
0 34 
0 35 
0 53 
0 57 
0 60 
0 67 
0 72 
0 74 
0 79 
0 81 
0 137 
0 143 
0 147 
0 165 
0 170 
0 172 
0 190 
0 198 
0 201 
0 210 
0 219 
0 230 
0 250 
0 290 
0 298 
0 306 
0 314 
0 332 
0 353 
0 358 
0 431 
0 437 
0 448 
0 461 
0 465 
1 2 
1 4 
1 5 
1 12 
1 17 
1 22 
1 31 
1 34 
1 45 
1 46 
1 47 
1 51 
1 52 
1 58 
1 71 
1 103 
1 105 
1 121 
1 126 
1 150 
1 181 
1 193 
1 242 
1 268 
1 278 
1 279 
1 281 
1 315 
1 322 
1 327 
1 339 
1 345 
1 362 
1 378 
1 427 
1 478 
2 3 
2 4 
2 5 
2 6 
2 8 
2 9 
2 10 
2 13 
2 14 
2 16 
2 23 
2 29 
2 33 
2 41 
2 44 
2 60 
2 72 
2 75 
2 79 
2 85 
2 87 
2 90 
2 105 
2 139 
2 158 
2 173 
2 197 
2 215 
2 247 
2 284 
2 297 
2 301 
2 305 
2 328 
2 364 
2 377 
2 385 
2 408 
2 423 
2 444 
2 447 
2 454 
2 479 
3 4 
3 5 
3 6 
3 7 
3 8 
3 13 
3 15 
3 17 
3 19 
3 23 
3 24 
3 25 
3 27 
3 32 
3 35 
3 44 
3 57 
3 64 
3 65 
3 76 
3 89 
3 123 
3 124 
3 127 
3 158 
3 180 
3 184 
3 195 
3 200 
3 252 
3 259 
3 285 
3 324 
3 329 
3 336 
3 337 
3 412 
3 436 
3 497 
4 6 
4 7 
4 8 
4 9 
4 10 
4 11 
4 12 
4 15 
4 16 
4 18 
4 21 
4 26 
4 27 
4 28 
4 31 
4 34 
4 39 
4 44 
4 45 
4 46 
4 48 
4 49 
4 50 
4 51 
4 52 
4 55 
4 57 
4 59 
4 61 
4 64 
4 68 
4 73 
4 81 
4 83 
4 87 
4 92 
4 98 
4 100 
4 102 
4 112 
4 120 
4 122 
4 123 
4 126 
4 127 
4 128 
4 130 
4 134 
4 148 
4 152 
4 154 
4 162 
4 163 
4 167 
4 181 
4 182 
4 188 
4 219 
4 227 
4 235 
4 238 
4 246 
4 249 
4 258 
4 259 
4 268 
4 283 
4 284 
4 287 
4 300 
4 303 
4 307 
4 309 
4 312 
4 315 
4 346 
4 350 
4 367 
4 375 
4 381 
4 397 
4 400 
4 401 
4 411 
4 423 
4 429 
4 448 
4 449 
4 450 
4 457 
4 460 
4 474 
4 490 
5 6 
5 7 
5 9 
5 10 
5 11 
5 12 
5 15 
5 18 
5 19 
5 20 
5 26 
5 28 
5 30 
5 32 
5 39 
5 41 
5 51 
5 61 
5 63 
5 84 
5 85 
5 90 
5 97 
5 99 
5 102 
5 103 
5 106 
5 119 
5 121 
5 122 
5 126 
5 133 
5 136 
5 152 
5 160 
5 161 
5 173 
5 175 
5 183 
5 186 
5 193 
5 198 
5 207 
5 221 
5 223 
5 225 
5 235 
5 237 
5 241 
5 244 
5 246 
5 257 
5 262 
5 274 
5 292 
5 304 
5 310 
5 334 
5 339 
5 340 
5 343 
5 372 
5 373 
5 381 
5 393 
5 394 
5 413 
5 415 
5 425 
5 442 
5 449 
5 464 
5 466 
5 471 
6 11 
6 12 
6 15 
6 17 
6 20 
6 21 
6 24 
6 33 
6 36 
6 42 
6 45 
6 53 
6 55 
6 56 
6 69 
6 79 
6 91 
6 104 
6 107 
6 111 
6 118 
6 122 
6 129 
6 130 
6 135 
6 154 
6 158 
6 194 
6 220 
6 234 
6 236 
6 247 
6 264 
6 265 
6 309 
6 336 
6 348 
6 356 
6 366 
6 368 
6 387 
6 447 
6 457 
6 458 
6 485 
7 8 
7 9 
7 10 
7 18 
7 26 
7 27 
7 28 
7 54 
7 55 
7 59 
7 60 
7 66 
7 71 
7 80 
7 91 
7 100 
7 108 
7 121 
7 125 
7 133 
7 139 
7 168 
7 184 
7 196 
7 199 
7 208 
7 230 
7 270 
7 272 
7 334 
7 335 
7 342 
7 363 
7 366 
7 403 
7 461 
7 469 
7 486 
8 13 
8 20 
8 23 
8 67 
8 84 
8 86 
8 88 
8 96 
8 124 
8 130 
8 141 
8 143 
8 144 
8 164 
8 188 
8 214 
8 228 
8 243 
8 252 
8 283 
8 293 
8 304 
8 331 
8 429 
8 443 
8 457 
8 484 
9 23 
9 37 
9 56 
9 62 
9 102 
9 116 
9 178 
9 184 
9 218 
9 219 
9 236 
9 253 
9 256 
9 367 
9 421 
9 483 
10 14 
10 24 
10 52 
10 54 
10 62 
10 74 
10 97 
10 129 
10 146 
10 148 
10 149 
10 152 
10 159 
10 164 
10 166 
10 174 
10 176 
10 194 
10 222 
10 224 
10 234 
10 251 
10 262 
10 270 
10 271 
10 295 
10 351 
10 392 
10 395 
10 396 
10 413 
10 451 
10 453 
10 464 
10 490 
11 13 
11 16 
11 20 
11 25 
11 29 
11 38 
11 43 
11 48 
11 49 
11 55 
11 62 
11 63 
11 95 
11 101 
11 108 
11 110 
11 113 
11 134 
11 138 
11 148 
11 198 
11 210 
11 220 
11 232 
11 245 
11 253 
11 271 
11 273 
11 293 
11 338 
11 418 
11 421 
11 465 
11 470 
11 475 
12 14 
12 17 
12 21 
12 25 
12 29 
12 30 
12 35 
12 36 
12 41 
12 135 
12 172 
12 178 
12 233 
12 250 
12 268 
12 308 
12 312 
12 316 
12 327 
12 347 
12 375 
13 19 
13 31 
13 32 
13 47 
13 54 
13 73 
13 80 
13 100 
13 128 
13 177 
13 179 
13 197 
13 238 
13 246 
13 314 
13 320 
13 328 
13 390 
13 432 
13 477 
14 22 
14 25 
14 33 
14 38 
14 46 
14 66 
14 69 
14 101 
14 115 
14 116 
14 166 
14 191 
14 213 
14 322 
14 355 
14 372 
14 401 
15 18 
15 22 
15 36 
15 37 
15 109 
15 111 
15 160 
15 190 
15 191 
15 199 
15 229 
15 240 
15 289 
15 318 
15 393 
15 404 
15 417 
15 438 
16 21 
16 24 
16 36 
16 43 
16 61 
16 68 
16 96 
16 125 
16 133 
16 139 
16 153 
16 225 
16 256 
16 266 
16 331 
16 335 
16 447 
16 452 
16 471 
16 496 
17 58 
17 90 
17 95 
17 117 
17 153 
17 160 
17 239 
17 328 
17 359 
17 482 
18 34 
18 44 
18 71 
18 78 
18 80 
18 83 
18 97 
18 114 
18 142 
18 146 
18 149 
18 151 
18 176 
18 177 
18 202 
18 211 
18 218 
18 242 
18 254 
18 264 
18 271 
18 283 
18 311 
18 320 
18 338 
18 386 
18 387 
18 399 
18 420 
18 450 
19 22 
19 26 
19 54 
19 88 
19 110 
19 138 
19 159 
19 177 
19 202 
19 217 
19 224 
19 248 
19 257 
19 270 
19 354 
19 358 
19 363 
19 376 
19 391 
19 394 
19 400 
19 431 
19 459 
19 476 
20 153 
20 378 
20 392 
20 498 
21 29 
21 30 
21 51 
21 73 
21 86 
21 111 
21 187 
21 220 
21 249 
21 305 
21 321 
21 370 
21 379 
21 415 
21 424 
21 434 
21 456 
21 458 
21 467 
21 487 
22 28 
22 64 
22 87 
22 92 
22 124 
22 186 
22 346 
22 474 
23 49 
23 50 
23 157 
23 200 
23 258 
23 287 
23 289 
23 352 
23 398 
23 451 
23 495 
24 33 
24 37 
24 70 
24 83 
24 92 
24 128 
24 145 
24 146 
24 150 
24 185 
24 214 
24 328 
24 384 
24 455 
25 30 
25 48 
25 94 
25 112 
25 140 
25 206 
25 217 
25 228 
25 291 
25 295 
25 316 
25 385 
25 393 
25 443 
25 458 
26 39 
26 40 
26 75 
26 80 
26 82 
26 95 
26 109 
26 110 
26 112 
26 166 
26 192 
26 277 
26 287 
26 373 
26 390 
26 396 
26 480 
26 492 
27 31 
27 39 
27 60 
27 71 
27 72 
27 94 
27 117 
27 120 
27 130 
27 140 
27 190 
27 201 
27 214 
27 222 
27 284 
27 311 
27 344 
27 382 
27 412 
27 414 
27 419 
27 425 
27 438 
27 455 
27 468 
28 32 
28 38 
28 43 
28 47 
28 75 
28 94 
28 96 
28 131 
28 133 
28 145 
28 157 
28 163 
28 206 
28 230 
28 250 
28 380 
28 448 
29 40 
29 41 
29 43 
29 93 
29 138 
29 163 
29 194 
29 221 
29 361 
29 465 
30 37 
30 45 
30 46 
30 47 
30 57 
30 70 
30 88 
30 106 
30 168 
30 187 
30 197 
30 202 
30 357 
30 360 
30 404 
30 493 
30 494 
31 42 
31 70 
31 85 
31 96 
31 105 
31 114 
31 127 
31 180 
31 196 
31 228 
31 288 
31 322 
31 332 
31 333 
31 340 
31 359 
31 382 
31 403 
31 408 
31 418 
31 419 
31 437 
31 440 
31 449 
31 469 
31 472 
31 497 
32 53 
32 69 
32 113 
32 115 
32 140 
32 143 
32 203 
32 212 
32 232 
32 294 
32 313 
32 314 
32 374 
32 410 
32 437 
32 464 
33 35 
33 38 
33 53 
33 61 
33 63 
33 81 
33 87 
33 120 
33 157 
33 164 
33 180 
33 183 
33 186 
33 208 
33 221 
33 261 
33 303 
33 386 
33 421 
33 440 
33 473 
34 40 
34 137 
34 185 
34 245 
34 335 
34 436 
35 48 
35 50 
35 78 
35 86 
35 99 
35 159 
35 231 
35 233 
35 318 
35 343 
35 427 
36 40 
36 65 
36 76 
36 116 
36 129 
36 155 
36 222 
36 241 
36 274 
36 356 
36 359 
36 396 
36 433 
36 482 
37 64 
37 70 
37 82 
37 102 
37 109 
37 152 
37 165 
37 296 
37 345 
37 372 
37 403 
38 62 
38 98 
38 110 
38 144 
38 365 
38 396 
38 411 
38 422 
38 429 
39 42 
39 77 
39 104 
39 108 
39 119 
39 183 
39 198 
39 303 
39 482 
39 483 
40 58 
40 92 
40 114 
40 145 
40 196 
40 391 
40 424 
41 42 
41 58 
41 76 
41 118 
41 131 
41 132 
41 163 
41 171 
41 175 
41 197 
41 215 
41 241 
41 262 
41 312 
42 56 
42 85 
42 275 
42 316 
42 377 
43 104 
44 77 
44 104 
44 118 
44 211 
44 426 
44 456 
45 66 
45 68 
45 103 
45 105 
45 174 
45 285 
45 334 
45 406 
45 463 
46 52 
46 65 
46 89 
46 148 
46 263 
46 305 
46 317 
46 329 
46 410 
46 422 
46 463 
46 493 
47 165 
47 291 
47 383 
48 49 
48 67 
48 84 
48 114 
48 189 
48 252 
48 351 
48 428 
48 485 
48 489 
49 50 
49 59 
49 74 
49 77 
49 171 
49 226 
49 395 
49 439 
49 468 
50 63 
50 100 
50 189 
50 193 
50 203 
50 219 
50 242 
50 273 
50 404 
50 496 
51 212 
51 227 
51 371 
51 438 
52 94 
52 179 
52 240 
52 257 
52 281 
52 349 
52 373 
52 435 
52 468 
52 484 
53 199 
53 214 
53 279 
53 288 
54 74 
54 78 
54 126 
55 56 
55 59 
55 112 
55 237 
55 292 
55 405 
56 65 
56 75 
56 88 
56 90 
56 231 
56 477 
56 481 
56 499 
57 66 
57 107 
57 123 
57 212 
57 218 
57 244 
57 310 
57 326 
57 404 
57 436 
58 67 
58 68 
58 84 
58 93 
58 115 
58 142 
58 146 
58 191 
58 261 
58 264 
58 304 
58 320 
58 342 
58 364 
58 387 
58 406 
58 414 
59 78 
59 82 
59 134 
59 172 
59 278 
59 289 
60 119 
60 143 
60 161 
60 193 
60 260 
60 401 
60 485 
61 72 
61 77 
61 86 
61 120 
61 135 
61 206 
61 249 
61 277 
61 315 
61 347 
61 349 
61 407 
62 132 
62 162 
62 210 
62 298 
62 491 
63 69 
63 82 
63 118 
63 273 
63 330 
63 432 
63 459 
64 89 
64 98 
64 136 
64 174 
64 231 
64 258 
64 274 
64 310 
64 334 
64 416 
64 489 
65 107 
65 115 
65 147 
65 194 
65 476 
66 460 
67 76 
67 267 
67 276 
67 368 
67 383 
68 99 
68 125 
68 275 
68 379 
68 417 
69 157 
69 178 
69 180 
69 207 
69 272 
69 277 
69 417 
69 493 
70 93 
70 134 
71 89 
71 106 
71 156 
71 167 
71 224 
71 336 
71 341 
71 360 
71 462 
72 73 
72 216 
72 451 
73 229 
73 286 
73 323 
73 329 
73 459 
73 492 
74 79 
74 107 
74 208 
74 311 
74 392 
74 478 
75 113 
75 189 
75 211 
75 239 
75 253 
75 289 
75 344 
75 358 
76 166 
76 192 
76 280 
76 369 
76 416 
76 434 
76 444 
77 113 
77 227 
77 291 
77 398 
78 132 
78 135 
78 155 
78 162 
78 189 
78 308 
78 349 
78 471 
78 487 
79 95 
79 119 
79 125 
79 248 
79 253 
79 265 
79 365 
79 494 
80 81 
80 83 
80 93 
80 106 
80 151 
80 167 
80 169 
80 263 
80 330 
80 332 
80 370 
80 405 
80 441 
80 466 
81 99 
81 101 
81 122 
81 136 
81 160 
81 165 
81 173 
81 306 
81 345 
81 348 
81 390 
81 488 
82 175 
82 282 
82 446 
83 149 
83 196 
83 226 
83 269 
83 370 
84 109 
84 174 
84 295 
84 340 
84 412 
84 430 
84 442 
84 451 
85 98 
85 225 
85 234 
85 302 
85 452 
85 470 
86 91 
86 127 
86 132 
86 137 
86 151 
86 155 
86 205 
86 216 
86 217 
86 229 
86 230 
86 259 
86 280 
86 284 
86 294 
86 299 
86 384 
86 443 
86 454 
86 474 
87 91 
87 302 
88 260 
89 158 
89 187 
89 267 
89 296 
89 355 
89 385 
90 101 
90 236 
91 205 
91 213 
91 245 
91 254 
91 282 
92 117 
92 275 
92 320 
93 108 
93 144 
93 299 
93 431 
94 97 
94 168 
95 116 
95 154 
95 209 
96 123 
96 131 
96 150 
96 203 
96 252 
96 274 
96 341 
97 210 
97 300 
97 361 
97 377 
98 103 
98 137 
98 145 
98 162 
98 243 
98 255 
98 279 
98 388 
98 433 
98 460 
98 489 
99 161 
99 195 
99 226 
99 269 
99 414 
99 445 
100 147 
100 171 
100 486 
101 128 
101 223 
101 354 
101 371 
101 419 
102 138 
102 142 
102 182 
102 190 
102 235 
102 288 
102 354 
102 425 
102 441 
102 469 
102 481 
103 216 
103 411 
104 111 
104 234 
104 246 
105 117 
105 140 
105 183 
106 141 
106 149 
106 156 
106 182 
106 281 
106 287 
106 326 
106 407 
107 207 
107 216 
107 265 
107 270 
107 285 
107 344 
107 431 
108 136 
108 204 
108 248 
108 313 
108 466 
109 139 
109 191 
109 195 
109 353 
110 141 
110 155 
110 213 
110 280 
110 473 
111 181 
111 382 
111 495 
112 449 
113 124 
113 188 
113 282 
113 443 
114 121 
114 244 
116 266 
116 317 
116 385 
116 423 
118 323 
118 435 
118 481 
119 159 
119 327 
119 384 
120 226 
120 301 
121 129 
121 172 
121 247 
121 250 
121 261 
121 313 
121 341 
121 346 
121 491 
122 170 
122 179 
122 185 
122 242 
122 347 
122 366 
122 395 
122 438 
122 442 
122 453 
124 192 
124 375 
125 153 
125 156 
125 167 
125 179 
125 486 
126 154 
126 237 
126 368 
127 131 
127 255 
127 350 
127 389 
127 394 
128 170 
128 232 
128 295 
128 338 
128 416 
128 467 
129 150 
129 185 
129 300 
129 308 
129 325 
129 426 
130 228 
130 319 
130 333 
131 288 
131 331 
131 428 
131 458 
132 169 
132 170 
132 223 
132 277 
132 293 
133 169 
133 178 
133 220 
133 258 
133 260 
133 309 
133 323 
133 398 
133 492 
134 144 
134 169 
134 333 
134 341 
134 414 
134 476 
135 141 
135 142 
135 147 
135 205 
135 278 
135 361 
135 439 
135 445 
135 485 
136 325 
137 351 
138 224 
139 251 
139 304 
139 467 
140 218 
140 233 
140 241 
140 251 
140 306 
141 240 
141 401 
142 161 
142 264 
142 430 
142 481 
143 184 
143 199 
143 204 
143 245 
143 276 
143 299 
143 409 
143 442 
144 215 
144 475 
145 200 
145 201 
145 239 
145 498 
146 310 
147 181 
147 211 
148 151 
148 156 
148 187 
148 324 
148 330 
148 331 
148 377 
148 391 
150 164 
150 217 
150 249 
150 398 
150 469 
151 238 
153 177 
153 236 
153 313 
153 339 
153 362 
153 384 
153 425 
154 209 
154 212 
154 410 
154 432 
155 319 
155 434 
156 263 
156 301 
156 307 
156 318 
156 399 
156 455 
156 491 
157 168 
157 204 
157 410 
157 465 
157 496 
158 205 
159 490 
160 207 
160 231 
160 235 
160 359 
160 411 
160 434 
161 202 
161 256 
161 327 
161 400 
161 441 
161 446 
162 222 
162 248 
162 263 
162 494 
163 200 
163 273 
163 322 
163 337 
164 171 
164 173 
164 335 
164 367 
165 188 
165 251 
165 317 
165 435 
166 176 
166 195 
166 201 
166 204 
166 206 
166 280 
166 312 
166 426 
166 440 
167 182 
167 244 
168 237 
168 376 
169 175 
169 302 
169 409 
169 415 
169 435 
169 447 
169 462 
170 186 
170 333 
170 371 
170 408 
172 262 
172 373 
173 238 
173 497 
174 176 
174 240 
174 297 
174 379 
175 254 
176 315 
176 421 
177 209 
177 365 
179 272 
179 294 
180 480 
182 233 
182 342 
182 365 
182 400 
183 192 
183 227 
183 243 
183 363 
183 374 
184 209 
184 247 
184 450 
184 453 
185 281 
185 318 
187 380 
188 203 
188 213 
188 255 
188 402 
189 223 
189 276 
189 428 
189 488 
190 361 
190 444 
190 479 
191 229 
191 266 
193 221 
193 265 
193 306 
193 387 
194 257 
194 420 
195 215 
195 254 
195 279 
195 309 
195 379 
195 409 
196 418 
199 225 
199 271 
199 454 
200 316 
200 317 
200 350 
200 415 
201 376 
201 495 
202 402 
203 208 
204 232 
205 256 
205 267 
205 389 
206 308 
206 406 
207 353 
207 397 
208 286 
209 416 
210 275 
210 290 
210 352 
212 388 
213 386 
213 444 
214 357 
215 319 
215 349 
215 460 
216 383 
217 269 
217 296 
219 283 
219 290 
219 393 
220 332 
220 337 
220 353 
220 429 
222 381 
222 479 
223 260 
223 286 
223 363 
224 407 
225 301 
226 493 
228 293 
228 339 
229 276 
230 297 
230 409 
232 461 
234 239 
234 314 
234 380 
235 342 
235 354 
236 268 
236 278 
236 419 
237 266 
237 351 
237 357 
241 261 
241 272 
242 243 
242 259 
242 267 
242 311 
242 355 
242 394 
242 463 
243 298 
243 360 
243 424 
244 412 
244 479 
247 343 
247 368 
247 498 
248 297 
248 367 
250 300 
251 408 
251 457 
252 255 
253 294 
253 348 
253 480 
254 298 
254 468 
255 321 
255 389 
255 499 
257 305 
257 347 
257 427 
257 480 
258 330 
258 483 
259 269 
259 307 
259 352 
259 440 
260 462 
261 292 
261 302 
261 420 
262 286 
264 452 
265 299 
267 437 
267 486 
268 290 
268 397 
268 407 
269 291 
269 303 
269 364 
270 336 
271 321 
271 356 
272 358 
275 390 
276 319 
277 285 
277 405 
277 466 
279 282 
279 427 
280 395 
281 292 
281 388 
283 346 
283 403 
283 459 
284 383 
287 382 
287 496 
289 405 
290 417 
291 296 
291 337 
293 470 
294 357 
294 472 
294 474 
295 422 
295 448 
295 472 
297 380 
298 326 
298 369 
298 391 
299 329 
299 381 
299 473 
300 324 
300 371 
300 489 
301 321 
301 376 
302 463 
304 456 
305 307 
308 323 
308 345 
308 352 
308 366 
309 386 
310 497 
311 439 
312 324 
312 325 
312 446 
312 454 
312 487 
314 325 
315 490 
316 326 
316 348 
318 392 
318 456 
318 467 
318 471 
320 453 
320 478 
321 344 
321 475 
322 402 
323 338 
323 362 
323 374 
323 418 
323 455 
323 477 
326 375 
326 476 
327 397 
328 343 
328 378 
329 360 
330 369 
332 340 
334 436 
336 356 
336 483 
339 399 
341 350 
343 362 
343 388 
345 370 
346 452 
347 433 
347 484 
348 355 
348 374 
350 473 
350 484 
352 423 
352 424 
353 406 
355 372 
357 441 
358 488 
360 364 
360 378 
361 487 
362 389 
364 428 
365 369 
376 402 
376 462 
376 494 
377 439 
383 413 
383 446 
387 420 
388 475 
389 478 
390 430 
393 432 
396 399 
396 426 
396 461 
397 499 
401 413 
413 422 
414 472 
416 477 
416 482 
417 445 
419 433 
422 430 
424 445 
426 495 
431 450 
433 498 
438 492 
452 470 
456 464 
462 499 
481 488 
481 491 
