false
false
500
1988
0 1 
0 3 
0 4 
0 6 
0 8 
0 9 
0 10 
0 12 
0 23 
0 30 
0 35 
0 42 
0 96 
0 99 
0 121 
0 131 
0 133 
0 137 
0 149 
0 155 
0 179 
0 197 
0 204 
0 214 
0 217 
0 226 
0 242 
0 243 
0 244 
0 252 
0 264 
0 280 
0 285 
0 337 
0 375 
0 392 
0 440 
0 459 
0 497 
1 2 
1 4 
1 5 
1 10 
1 16 
1 20 
1 27 
1 28 
1 29 
1 32 
1 37 
1 41 
1 44 
1 58 
1 59 
1 72 
1 87 
1 100 
1 107 
1 109 
1 135 
1 140 
1 216 
1 228 
1 246 
1 248 
1 265 
1 269 
1 274 
1 319 
1 331 
1 338 
1 357 
1 374 
1 378 
1 414 
1 430 
1 447 
1 457 
1 471 
1 474 
2 3 
2 4 
2 5 
2 6 
2 7 
2 12 
2 14 
2 15 
2 16 
2 18 
2 19 
2 21 
2 33 
2 35 
2 40 
2 43 
2 49 
2 52 
2 56 
2 70 
2 71 
2 75 
2 79 
2 88 
2 90 
2 105 
2 107 
2 136 
2 143 
2 152 
2 175 
2 195 
2 212 
2 219 
2 257 
2 271 
2 275 
2 296 
2 307 
2 314 
2 317 
2 323 
2 325 
2 348 
2 366 
2 382 
2 383 
2 385 
2 392 
2 421 
3 4 
3 5 
3 6 
3 7 
3 15 
3 17 
3 22 
3 24 
3 25 
3 31 
3 42 
3 46 
3 51 
3 61 
3 62 
3 69 
3 74 
3 89 
3 95 
3 102 
3 112 
3 142 
3 149 
3 184 
3 193 
3 203 
3 208 
3 230 
3 238 
3 239 
3 258 
3 279 
3 316 
3 328 
3 380 
3 386 
3 397 
3 409 
3 420 
3 425 
3 439 
3 442 
3 445 
3 461 
3 464 
3 465 
3 467 
3 471 
3 490 
3 495 
3 497 
4 5 
4 7 
4 8 
4 9 
4 11 
4 12 
4 13 
4 17 
4 22 
4 23 
4 24 
4 30 
4 34 
4 39 
4 41 
4 43 
4 45 
4 49 
4 54 
4 56 
4 58 
4 61 
4 63 
4 65 
4 67 
4 71 
4 79 
4 97 
4 99 
4 110 
4 114 
4 129 
4 132 
4 138 
4 139 
4 145 
4 148 
4 156 
4 161 
4 168 
4 170 
4 171 
4 176 
4 178 
4 179 
4 198 
4 212 
4 217 
4 262 
4 264 
4 267 
4 270 
4 272 
4 290 
4 292 
4 295 
4 309 
4 317 
4 321 
4 327 
4 347 
4 361 
4 363 
4 385 
4 386 
4 399 
4 407 
4 411 
4 415 
4 427 
4 439 
4 444 
4 474 
4 498 
5 6 
5 8 
5 9 
5 10 
5 11 
5 12 
5 13 
5 14 
5 19 
5 20 
5 22 
5 23 
5 27 
5 28 
5 40 
5 41 
5 48 
5 51 
5 52 
5 53 
5 62 
5 64 
5 66 
5 68 
5 77 
5 82 
5 84 
5 86 
5 92 
5 95 
5 104 
5 105 
5 121 
5 124 
5 126 
5 131 
5 133 
5 136 
5 206 
5 226 
5 261 
5 275 
5 277 
5 314 
5 326 
5 338 
5 339 
5 344 
5 357 
5 372 
5 451 
5 494 
6 7 
6 8 
6 10 
6 11 
6 13 
6 16 
6 19 
6 20 
6 28 
6 29 
6 33 
6 35 
6 36 
6 37 
6 38 
6 46 
6 47 
6 54 
6 62 
6 70 
6 96 
6 102 
6 123 
6 145 
6 148 
6 161 
6 167 
6 171 
6 185 
6 186 
6 195 
6 202 
6 206 
6 213 
6 216 
6 232 
6 243 
6 250 
6 251 
6 254 
6 255 
6 262 
6 268 
6 272 
6 276 
6 295 
6 308 
6 323 
6 328 
6 335 
6 337 
6 395 
6 407 
6 428 
6 441 
6 448 
6 469 
6 474 
6 484 
7 18 
7 19 
7 45 
7 48 
7 58 
7 83 
7 87 
7 91 
7 93 
7 94 
7 106 
7 118 
7 127 
7 128 
7 146 
7 147 
7 151 
7 181 
7 203 
7 223 
7 226 
7 270 
7 276 
7 281 
7 297 
7 351 
7 356 
7 373 
7 440 
7 445 
7 467 
7 473 
7 476 
7 483 
8 9 
8 21 
8 55 
8 141 
8 312 
9 11 
9 15 
9 16 
9 18 
9 32 
9 47 
9 67 
9 84 
9 111 
9 116 
9 122 
9 128 
9 130 
9 131 
9 134 
9 139 
9 159 
9 162 
9 175 
9 179 
9 190 
9 191 
9 198 
9 224 
9 235 
9 236 
9 243 
9 246 
9 277 
9 280 
9 286 
9 289 
9 292 
9 305 
9 325 
9 330 
9 436 
10 15 
10 26 
10 29 
10 50 
10 66 
10 69 
10 70 
10 73 
10 99 
10 100 
10 111 
10 117 
10 123 
10 131 
10 137 
10 144 
10 155 
10 160 
10 196 
10 215 
10 264 
10 275 
10 287 
10 303 
10 311 
10 359 
10 378 
10 392 
10 413 
10 432 
10 468 
11 13 
11 14 
11 17 
11 24 
11 25 
11 31 
11 39 
11 49 
11 50 
11 55 
11 72 
11 75 
11 86 
11 97 
11 112 
11 169 
11 181 
11 189 
11 200 
11 247 
11 294 
11 324 
11 328 
11 340 
11 342 
11 350 
11 363 
11 455 
12 14 
12 17 
12 25 
12 34 
12 38 
12 43 
12 63 
12 68 
12 75 
12 80 
12 82 
12 100 
12 109 
12 111 
12 115 
12 117 
12 144 
12 165 
12 174 
12 178 
12 191 
12 259 
12 265 
12 283 
12 305 
12 391 
12 402 
12 434 
12 459 
12 477 
12 478 
12 491 
13 21 
13 23 
13 26 
13 29 
13 30 
13 46 
13 53 
13 65 
13 73 
13 77 
13 87 
13 91 
13 94 
13 95 
13 106 
13 107 
13 141 
13 145 
13 166 
13 167 
13 178 
13 184 
13 209 
13 210 
13 263 
13 267 
13 273 
13 280 
13 284 
13 287 
13 297 
13 323 
13 342 
13 390 
13 397 
13 433 
13 478 
13 499 
14 18 
14 31 
14 39 
14 45 
14 71 
14 72 
14 81 
14 132 
14 161 
14 198 
14 215 
14 256 
14 259 
14 305 
14 311 
14 317 
14 376 
14 398 
15 45 
15 200 
15 400 
15 465 
16 21 
16 32 
16 36 
16 37 
16 68 
16 86 
16 92 
16 99 
16 164 
16 175 
16 180 
16 219 
16 239 
16 246 
16 251 
16 263 
16 278 
16 286 
16 340 
16 343 
16 353 
16 355 
16 356 
16 385 
16 431 
16 435 
16 443 
17 20 
17 27 
17 36 
17 61 
17 80 
17 83 
17 96 
17 106 
17 113 
17 138 
17 187 
17 211 
17 213 
17 241 
17 248 
17 306 
17 309 
17 311 
17 349 
17 463 
18 26 
18 48 
18 57 
18 84 
18 114 
18 140 
18 193 
18 200 
18 250 
18 304 
18 319 
18 390 
18 391 
18 395 
18 444 
18 454 
19 22 
19 25 
19 27 
19 33 
19 51 
19 53 
19 58 
19 60 
19 61 
19 64 
19 66 
19 71 
19 73 
19 77 
19 105 
19 118 
19 119 
19 129 
19 133 
19 162 
19 173 
19 193 
19 230 
19 238 
19 247 
19 249 
19 250 
19 293 
19 321 
19 338 
19 422 
19 426 
19 454 
19 475 
20 40 
20 44 
20 55 
20 56 
20 57 
20 60 
20 103 
20 116 
20 117 
20 120 
20 121 
20 133 
20 190 
20 208 
20 261 
20 309 
20 341 
20 346 
20 422 
20 434 
20 439 
21 34 
21 87 
21 291 
21 314 
21 334 
21 352 
21 383 
21 462 
21 463 
21 477 
22 24 
22 30 
22 33 
22 36 
22 38 
22 42 
22 49 
22 52 
22 148 
22 150 
22 161 
22 165 
22 187 
22 220 
22 248 
22 257 
22 303 
22 307 
22 312 
22 335 
22 388 
22 399 
22 408 
22 424 
22 457 
22 493 
23 26 
23 32 
23 35 
23 46 
23 47 
23 82 
23 88 
23 108 
23 162 
23 208 
23 222 
23 237 
23 256 
23 267 
23 305 
23 343 
23 405 
23 452 
24 28 
24 151 
24 204 
24 208 
24 211 
25 34 
25 76 
25 111 
25 118 
25 148 
25 156 
25 214 
25 298 
25 312 
25 336 
25 391 
26 72 
26 81 
26 92 
26 96 
26 117 
26 152 
26 173 
26 374 
26 376 
26 384 
27 31 
27 40 
27 84 
27 110 
27 299 
28 39 
28 56 
28 59 
28 60 
28 64 
28 65 
28 77 
28 78 
28 80 
28 82 
28 88 
28 98 
28 101 
28 108 
28 113 
28 124 
28 125 
28 135 
28 138 
28 141 
28 164 
28 170 
28 176 
28 188 
28 281 
28 355 
28 371 
28 398 
28 490 
29 54 
29 144 
29 158 
29 236 
29 307 
29 333 
29 478 
30 44 
30 63 
30 78 
30 147 
30 154 
30 167 
30 195 
30 241 
30 352 
30 418 
30 425 
30 432 
30 438 
31 38 
31 50 
31 98 
31 104 
31 123 
31 140 
31 344 
31 354 
32 47 
32 185 
32 207 
32 295 
32 382 
33 95 
33 368 
34 51 
34 78 
34 122 
34 174 
34 231 
34 450 
34 456 
35 37 
35 43 
35 63 
35 86 
35 90 
35 91 
35 127 
35 130 
35 147 
35 153 
35 183 
35 189 
35 314 
35 370 
35 437 
35 450 
35 458 
35 475 
36 44 
36 59 
36 67 
36 97 
36 124 
36 128 
36 152 
36 153 
36 197 
36 199 
36 205 
36 233 
36 239 
36 259 
36 326 
36 341 
36 364 
36 423 
37 42 
37 90 
37 122 
37 143 
37 179 
37 201 
37 218 
37 299 
37 324 
37 344 
37 348 
37 446 
38 48 
38 57 
38 65 
38 120 
38 165 
38 246 
38 308 
38 311 
38 313 
38 326 
38 345 
38 395 
38 448 
38 452 
38 464 
38 479 
39 64 
39 73 
39 74 
39 76 
39 79 
39 89 
39 112 
39 151 
39 188 
39 222 
39 270 
39 361 
39 370 
39 381 
39 455 
40 41 
40 66 
40 114 
40 115 
40 147 
40 168 
40 170 
40 174 
40 176 
40 177 
40 186 
40 245 
40 301 
40 325 
40 334 
40 354 
40 386 
40 417 
40 451 
40 472 
40 473 
41 52 
41 107 
41 124 
41 149 
41 157 
41 247 
41 303 
41 424 
41 433 
41 453 
42 67 
42 218 
42 230 
42 404 
44 74 
44 183 
44 223 
44 225 
45 103 
45 110 
45 128 
45 191 
45 202 
45 268 
45 300 
45 384 
45 402 
45 410 
45 482 
45 492 
46 78 
46 89 
46 118 
46 141 
46 221 
46 237 
46 284 
46 327 
46 339 
46 340 
46 383 
46 460 
46 479 
47 68 
47 76 
47 79 
47 102 
47 166 
47 218 
47 252 
47 272 
47 329 
47 373 
47 395 
48 50 
48 93 
48 116 
48 127 
48 151 
48 177 
48 257 
48 285 
48 364 
48 403 
49 123 
49 136 
49 172 
50 54 
50 81 
50 93 
50 197 
50 219 
50 228 
50 254 
50 268 
50 351 
50 365 
50 380 
50 416 
50 422 
51 53 
51 55 
51 62 
51 94 
51 163 
51 174 
51 277 
51 293 
51 304 
51 318 
51 339 
51 382 
51 413 
51 431 
52 59 
52 74 
52 120 
52 122 
52 132 
52 135 
52 139 
52 249 
52 294 
52 330 
52 350 
52 385 
52 433 
52 480 
53 60 
53 88 
53 103 
53 127 
53 138 
53 207 
53 252 
53 283 
53 295 
53 331 
53 408 
54 75 
54 120 
54 125 
54 190 
54 290 
54 296 
54 376 
55 57 
55 81 
55 134 
55 181 
55 196 
55 204 
55 290 
55 316 
55 353 
56 235 
56 299 
57 76 
57 112 
57 113 
57 210 
57 408 
58 146 
58 256 
58 263 
58 406 
59 70 
59 129 
59 142 
59 159 
59 186 
59 198 
59 247 
59 271 
59 306 
59 380 
59 393 
59 455 
59 491 
59 499 
60 83 
60 104 
60 126 
60 154 
60 245 
60 386 
60 480 
61 119 
61 150 
61 182 
61 194 
61 196 
61 203 
61 215 
61 491 
62 100 
62 143 
62 153 
62 201 
62 226 
62 227 
62 233 
62 256 
62 388 
62 389 
62 403 
62 458 
62 489 
63 85 
63 234 
63 326 
64 264 
64 274 
64 300 
64 322 
64 393 
64 410 
65 69 
65 83 
65 180 
65 194 
65 300 
65 307 
65 400 
66 98 
66 134 
66 182 
66 369 
67 69 
67 85 
67 183 
67 258 
67 347 
67 377 
68 283 
68 297 
69 80 
69 169 
69 189 
69 195 
69 231 
69 302 
69 313 
69 477 
70 101 
70 175 
70 192 
70 333 
70 369 
71 105 
71 134 
71 158 
71 210 
71 211 
71 266 
71 300 
71 343 
71 359 
71 460 
72 89 
72 94 
72 163 
72 248 
72 346 
72 405 
72 482 
73 168 
73 233 
73 304 
73 329 
73 349 
73 464 
74 92 
74 116 
74 125 
74 267 
74 454 
75 126 
75 129 
75 130 
75 156 
75 164 
75 171 
75 205 
75 240 
75 266 
75 335 
75 412 
76 278 
76 463 
77 91 
77 142 
77 229 
77 389 
77 414 
77 442 
78 202 
78 211 
78 228 
78 351 
79 85 
79 150 
79 183 
79 192 
79 361 
79 389 
79 391 
79 442 
79 445 
80 154 
80 221 
80 291 
80 317 
80 432 
80 459 
80 465 
81 110 
81 166 
81 172 
81 486 
82 93 
82 101 
82 158 
82 160 
82 209 
82 221 
82 325 
82 347 
82 410 
82 431 
82 485 
82 491 
83 119 
83 221 
83 324 
83 451 
83 470 
83 473 
84 85 
84 215 
84 329 
84 459 
85 103 
85 108 
85 114 
85 251 
85 322 
85 332 
85 421 
85 443 
85 453 
86 104 
86 137 
86 223 
86 234 
86 260 
86 331 
86 369 
86 400 
86 423 
86 484 
87 90 
87 109 
87 115 
87 119 
87 242 
87 279 
87 358 
87 438 
88 97 
88 98 
88 115 
88 130 
88 160 
88 302 
88 313 
88 351 
88 359 
88 371 
88 378 
88 379 
88 394 
88 450 
88 474 
89 155 
89 371 
89 448 
90 113 
90 169 
90 254 
90 301 
90 367 
90 377 
90 416 
90 432 
90 447 
91 101 
91 102 
91 139 
91 173 
91 236 
91 253 
91 345 
91 425 
92 172 
92 310 
92 339 
92 348 
93 154 
93 184 
93 322 
93 461 
94 163 
94 165 
94 347 
94 352 
94 375 
94 408 
94 441 
94 483 
95 109 
95 212 
95 214 
95 254 
95 298 
95 319 
95 418 
95 435 
95 466 
95 493 
96 157 
96 159 
96 245 
96 253 
96 298 
96 321 
96 468 
98 106 
98 108 
99 157 
99 163 
99 336 
99 407 
100 182 
100 266 
100 349 
101 142 
101 150 
101 282 
101 373 
101 488 
102 132 
103 155 
103 168 
103 172 
103 220 
103 274 
103 320 
104 162 
104 186 
104 213 
104 309 
104 319 
104 440 
105 143 
105 156 
105 197 
105 244 
105 249 
105 253 
105 276 
105 315 
105 428 
106 121 
106 273 
106 483 
107 178 
107 180 
107 185 
107 230 
107 265 
107 494 
108 125 
108 217 
108 237 
109 136 
109 494 
110 158 
111 135 
111 140 
111 181 
111 194 
111 199 
111 216 
111 284 
111 370 
112 231 
112 287 
112 398 
113 251 
113 258 
113 372 
114 196 
114 299 
114 372 
114 382 
114 394 
114 428 
115 152 
115 170 
115 203 
115 260 
115 270 
115 387 
115 469 
116 281 
116 406 
117 416 
117 438 
118 137 
118 145 
118 185 
118 210 
118 291 
118 306 
118 416 
119 159 
119 227 
119 241 
119 356 
119 433 
119 495 
120 275 
120 368 
122 146 
122 261 
122 355 
122 415 
122 450 
122 462 
122 496 
123 157 
123 200 
123 235 
123 318 
123 328 
123 362 
124 126 
124 153 
124 191 
124 244 
124 428 
126 217 
127 144 
127 227 
127 456 
128 283 
128 331 
128 465 
129 166 
129 219 
129 426 
129 437 
130 149 
130 182 
130 498 
131 160 
131 192 
131 402 
131 429 
132 223 
132 315 
132 332 
132 364 
132 462 
133 171 
133 271 
134 288 
135 184 
135 201 
135 234 
135 487 
136 173 
136 303 
136 396 
136 427 
136 496 
137 340 
138 224 
138 227 
138 272 
138 294 
138 302 
139 164 
139 479 
140 286 
141 146 
141 189 
141 238 
141 379 
141 492 
142 392 
143 188 
143 224 
143 238 
144 177 
144 199 
144 273 
144 388 
144 446 
145 341 
145 342 
147 266 
148 466 
150 263 
150 355 
150 358 
150 387 
150 449 
151 187 
151 218 
151 269 
151 350 
151 354 
153 177 
153 316 
153 402 
153 427 
154 279 
154 349 
155 176 
155 257 
155 276 
155 345 
155 411 
155 420 
156 190 
156 207 
156 232 
156 456 
156 490 
157 243 
157 269 
157 356 
157 457 
158 316 
159 430 
160 194 
160 308 
161 362 
161 406 
161 426 
161 444 
161 460 
162 228 
162 302 
162 451 
163 167 
163 262 
163 292 
163 296 
163 315 
163 337 
163 462 
163 476 
163 482 
164 201 
164 242 
165 207 
165 260 
165 294 
165 354 
165 374 
165 443 
166 259 
167 220 
167 235 
167 310 
167 401 
167 423 
167 499 
168 169 
168 209 
168 425 
169 187 
169 290 
169 310 
169 367 
170 193 
170 229 
170 249 
170 288 
170 301 
171 429 
172 233 
172 371 
173 205 
173 252 
173 298 
174 192 
174 199 
174 206 
174 239 
174 265 
174 310 
174 345 
174 381 
174 487 
175 180 
175 225 
175 426 
176 222 
176 274 
178 240 
178 396 
178 440 
179 214 
179 232 
179 372 
179 381 
180 377 
181 333 
182 204 
182 373 
182 397 
182 481 
183 476 
184 222 
184 273 
184 323 
184 341 
184 419 
184 470 
185 205 
185 362 
185 403 
186 188 
186 202 
186 213 
186 231 
186 255 
186 281 
186 329 
186 357 
186 446 
186 458 
186 463 
186 468 
186 485 
188 441 
188 484 
188 493 
189 293 
190 240 
190 297 
190 318 
190 365 
190 381 
190 401 
190 464 
191 220 
191 334 
191 336 
191 378 
193 212 
193 346 
193 379 
194 485 
195 280 
195 288 
195 353 
195 358 
196 286 
197 277 
197 334 
197 364 
198 209 
198 241 
198 260 
198 394 
199 206 
200 229 
200 414 
200 436 
201 224 
201 225 
201 384 
202 330 
202 358 
202 368 
202 445 
203 322 
203 466 
204 216 
204 234 
204 336 
204 471 
206 237 
206 244 
206 268 
206 431 
207 409 
209 255 
209 289 
210 245 
212 362 
212 484 
213 240 
213 409 
214 344 
214 429 
214 461 
215 225 
215 384 
215 389 
215 407 
216 429 
217 333 
217 492 
220 497 
221 394 
222 324 
222 424 
223 242 
223 399 
224 258 
224 342 
224 348 
225 293 
225 487 
226 232 
226 236 
226 262 
226 292 
226 363 
226 486 
227 306 
228 229 
228 282 
228 313 
228 421 
228 423 
228 452 
228 483 
229 414 
229 436 
229 472 
230 363 
233 269 
235 437 
236 285 
236 332 
237 285 
238 352 
238 495 
238 499 
239 361 
240 291 
240 379 
241 261 
241 289 
241 353 
241 481 
243 301 
243 390 
243 449 
244 278 
245 253 
245 449 
247 282 
247 337 
248 250 
248 448 
249 255 
250 282 
250 288 
251 405 
251 493 
252 418 
253 398 
253 469 
254 284 
254 315 
255 367 
256 366 
256 467 
258 304 
260 366 
260 396 
260 478 
261 411 
261 417 
261 437 
262 472 
263 312 
263 401 
264 287 
264 320 
264 360 
266 271 
266 296 
266 393 
266 434 
266 460 
267 488 
268 449 
270 332 
270 346 
270 374 
271 375 
271 498 
274 399 
275 360 
275 488 
276 289 
276 308 
276 321 
277 278 
277 279 
277 383 
277 470 
278 488 
280 365 
280 454 
281 360 
281 400 
281 496 
282 442 
283 380 
284 320 
284 497 
285 365 
287 404 
288 441 
289 343 
290 436 
292 335 
292 453 
293 318 
293 350 
293 366 
293 396 
299 447 
300 409 
300 482 
301 387 
303 486 
304 367 
304 405 
304 438 
305 320 
306 327 
306 401 
310 494 
312 404 
312 471 
313 453 
314 330 
314 422 
316 327 
317 403 
317 447 
317 480 
318 430 
320 412 
321 415 
322 368 
322 412 
322 467 
323 411 
323 498 
325 489 
327 452 
328 370 
329 418 
330 420 
330 466 
331 492 
331 496 
335 338 
335 479 
337 359 
337 360 
337 419 
339 357 
343 443 
346 458 
347 369 
347 375 
347 390 
347 457 
348 388 
348 412 
352 377 
352 415 
356 417 
356 489 
358 393 
359 439 
362 475 
364 481 
365 446 
365 476 
366 406 
369 473 
370 481 
372 410 
373 420 
374 376 
375 419 
375 487 
382 387 
385 397 
387 480 
390 435 
391 435 
391 495 
394 475 
396 417 
397 424 
397 456 
397 461 
398 430 
398 489 
399 477 
400 421 
401 413 
403 404 
407 455 
408 434 
410 469 
412 413 
417 468 
418 419 
418 444 
423 427 
439 485 
443 486 
446 490 
450 470 
459 472 
