false
false
500
1988
0 1 
0 3 
0 4 
0 5 
0 6 
0 8 
0 9 
0 10 
0 11 
0 20 
0 23 
0 31 
0 35 
0 38 
0 41 
0 47 
0 54 
0 57 
0 78 
0 85 
0 86 
0 88 
0 90 
0 97 
0 99 
0 107 
0 115 
0 132 
0 133 
0 134 
0 135 
0 173 
0 180 
0 195 
0 199 
0 203 
0 219 
0 229 
0 240 
0 245 
0 253 
0 256 
0 267 
0 276 
0 294 
0 299 
0 310 
0 328 
0 342 
0 350 
0 360 
0 365 
0 374 
0 391 
0 415 
0 418 
0 469 
0 474 
0 494 
1 2 
1 4 
1 7 
1 14 
1 16 
1 21 
1 25 
1 28 
1 31 
1 51 
1 54 
1 56 
1 62 
1 64 
1 105 
1 106 
1 131 
1 148 
1 158 
1 164 
1 175 
1 221 
1 275 
1 286 
1 321 
1 380 
1 381 
1 391 
1 427 
1 452 
1 453 
1 472 
1 488 
1 490 
2 3 
2 4 
2 5 
2 6 
2 7 
2 12 
2 21 
2 27 
2 29 
2 50 
2 59 
2 67 
2 68 
2 70 
2 73 
2 95 
2 98 
2 111 
2 132 
2 136 
2 158 
2 168 
2 174 
2 186 
2 197 
2 241 
2 244 
2 255 
2 258 
2 270 
2 305 
2 336 
2 345 
2 349 
2 355 
2 378 
2 395 
2 397 
2 434 
2 436 
2 447 
2 454 
2 489 
3 4 
3 5 
3 7 
3 9 
3 33 
3 37 
3 39 
3 41 
3 48 
3 66 
3 71 
3 73 
3 81 
3 104 
3 112 
3 129 
3 140 
3 167 
3 179 
3 201 
3 204 
3 207 
3 210 
3 215 
3 250 
3 270 
3 281 
3 296 
3 323 
3 344 
3 385 
3 386 
3 388 
3 403 
3 411 
3 413 
3 427 
3 455 
3 476 
4 5 
4 6 
4 8 
4 10 
4 13 
4 16 
4 19 
4 20 
4 27 
4 28 
4 29 
4 32 
4 42 
4 44 
4 58 
4 69 
4 74 
4 75 
4 83 
4 86 
4 91 
4 96 
4 98 
4 121 
4 130 
4 145 
4 148 
4 184 
4 197 
4 208 
4 217 
4 225 
4 228 
4 302 
4 309 
4 319 
4 323 
4 332 
4 337 
4 339 
4 344 
4 345 
4 346 
4 355 
4 366 
4 374 
4 384 
4 392 
4 396 
4 401 
4 440 
4 455 
4 470 
4 478 
4 480 
4 497 
5 6 
5 9 
5 11 
5 19 
5 26 
5 41 
5 62 
5 69 
5 91 
5 103 
5 104 
5 115 
5 138 
5 175 
5 183 
5 211 
5 219 
5 267 
5 270 
5 271 
5 278 
5 289 
5 291 
5 308 
5 313 
5 332 
5 358 
5 456 
5 457 
5 459 
5 487 
5 488 
6 7 
6 8 
6 9 
6 13 
6 24 
6 25 
6 29 
6 37 
6 39 
6 40 
6 43 
6 48 
6 52 
6 54 
6 59 
6 67 
6 79 
6 81 
6 83 
6 96 
6 117 
6 119 
6 125 
6 128 
6 141 
6 143 
6 149 
6 150 
6 163 
6 169 
6 172 
6 177 
6 181 
6 188 
6 193 
6 197 
6 214 
6 228 
6 234 
6 242 
6 246 
6 248 
6 252 
6 256 
6 263 
6 271 
6 291 
6 304 
6 310 
6 312 
6 314 
6 336 
6 340 
6 354 
6 393 
6 406 
6 412 
6 419 
6 451 
6 458 
6 463 
6 477 
6 478 
6 480 
6 486 
6 499 
7 8 
7 10 
7 11 
7 12 
7 14 
7 16 
7 17 
7 20 
7 28 
7 31 
7 38 
7 42 
7 43 
7 49 
7 55 
7 58 
7 60 
7 61 
7 64 
7 70 
7 79 
7 97 
7 100 
7 104 
7 118 
7 120 
7 128 
7 130 
7 149 
7 152 
7 155 
7 171 
7 185 
7 189 
7 206 
7 209 
7 212 
7 221 
7 223 
7 229 
7 254 
7 295 
7 301 
7 327 
7 369 
7 383 
7 385 
7 389 
7 402 
7 408 
7 437 
7 482 
7 489 
7 496 
8 10 
8 18 
8 22 
8 24 
8 27 
8 30 
8 34 
8 37 
8 39 
8 51 
8 60 
8 71 
8 77 
8 89 
8 97 
8 99 
8 102 
8 110 
8 111 
8 121 
8 160 
8 165 
8 170 
8 192 
8 194 
8 199 
8 399 
8 494 
9 11 
9 12 
9 15 
9 18 
9 20 
9 30 
9 32 
9 33 
9 36 
9 50 
9 57 
9 62 
9 66 
9 73 
9 84 
9 107 
9 125 
9 126 
9 129 
9 148 
9 150 
9 165 
9 167 
9 182 
9 184 
9 205 
9 235 
9 236 
9 237 
9 249 
9 311 
9 312 
9 351 
9 357 
9 384 
9 386 
9 392 
9 409 
9 479 
9 484 
10 15 
10 17 
10 23 
10 208 
10 232 
10 311 
10 376 
10 420 
11 12 
11 13 
11 14 
11 22 
11 32 
11 33 
11 35 
11 42 
11 48 
11 49 
11 53 
11 56 
11 63 
11 64 
11 65 
11 66 
11 68 
11 74 
11 95 
11 101 
11 102 
11 105 
11 108 
11 109 
11 113 
11 119 
11 129 
11 157 
11 162 
11 165 
11 168 
11 190 
11 202 
11 206 
11 225 
11 231 
11 238 
11 277 
11 294 
11 338 
11 365 
11 366 
11 368 
11 375 
11 393 
11 395 
11 396 
11 400 
11 424 
11 442 
11 461 
11 462 
11 472 
11 481 
11 485 
11 491 
12 13 
12 15 
12 16 
12 17 
12 18 
12 24 
12 26 
12 27 
12 28 
12 31 
12 38 
12 44 
12 46 
12 52 
12 59 
12 61 
12 80 
12 82 
12 94 
12 122 
12 156 
12 159 
12 175 
12 273 
12 284 
12 313 
12 317 
12 318 
12 347 
12 352 
12 356 
12 363 
12 364 
12 392 
12 445 
12 447 
12 460 
12 461 
12 495 
13 14 
13 18 
13 21 
13 22 
13 34 
13 47 
13 72 
13 74 
13 79 
13 87 
13 128 
13 139 
13 141 
13 142 
13 144 
13 155 
13 159 
13 187 
13 194 
13 248 
13 250 
13 264 
13 266 
13 268 
13 300 
13 303 
13 316 
13 354 
13 356 
13 358 
13 393 
13 398 
13 414 
13 416 
13 421 
13 445 
13 451 
13 463 
13 492 
14 15 
14 17 
14 36 
14 43 
14 45 
14 53 
14 62 
14 70 
14 78 
14 80 
14 84 
14 90 
14 101 
14 120 
14 123 
14 130 
14 202 
14 219 
14 231 
14 256 
14 288 
14 293 
14 328 
14 370 
14 374 
14 479 
15 21 
15 71 
15 72 
15 77 
15 84 
15 162 
15 224 
15 342 
15 465 
16 19 
16 24 
16 30 
16 33 
16 36 
16 46 
16 49 
16 55 
16 65 
16 88 
16 140 
16 157 
16 166 
16 172 
16 246 
16 339 
16 359 
16 464 
17 29 
17 40 
17 44 
17 96 
17 184 
17 208 
17 294 
18 19 
18 37 
18 69 
18 105 
18 152 
18 153 
18 154 
18 217 
18 233 
18 298 
18 312 
18 351 
18 405 
18 413 
18 417 
18 428 
19 22 
19 26 
19 32 
19 34 
19 38 
19 45 
19 46 
19 67 
19 72 
19 80 
19 85 
19 90 
19 91 
19 93 
19 97 
19 98 
19 122 
19 137 
19 145 
19 200 
19 230 
19 241 
19 253 
19 276 
19 297 
19 368 
19 371 
19 384 
19 410 
19 432 
19 487 
19 498 
20 23 
20 25 
20 26 
20 44 
20 66 
20 86 
20 89 
20 111 
20 117 
20 123 
20 146 
20 147 
20 172 
20 182 
20 185 
20 187 
20 193 
20 195 
20 210 
20 213 
20 247 
20 253 
20 277 
20 291 
20 331 
20 344 
20 350 
20 364 
20 388 
20 417 
20 448 
20 454 
20 461 
20 463 
20 475 
20 481 
21 23 
21 55 
21 58 
21 60 
21 188 
21 204 
21 234 
21 313 
21 355 
21 480 
22 78 
22 116 
22 154 
22 179 
22 250 
22 289 
22 295 
22 322 
23 25 
23 30 
23 34 
23 45 
23 75 
23 110 
23 111 
23 116 
23 138 
23 146 
23 151 
23 157 
23 164 
23 169 
23 178 
23 185 
23 222 
23 275 
23 284 
23 331 
23 376 
23 423 
23 425 
23 449 
23 454 
23 493 
24 50 
24 71 
24 161 
24 348 
24 427 
24 441 
24 484 
25 70 
25 82 
25 108 
25 115 
25 144 
25 162 
25 242 
25 257 
25 287 
25 426 
25 435 
25 440 
26 35 
26 65 
26 94 
26 105 
26 108 
26 159 
26 238 
26 264 
26 299 
26 310 
26 386 
27 36 
27 53 
27 56 
27 87 
27 96 
27 116 
27 123 
27 126 
27 142 
27 169 
27 282 
27 318 
27 415 
27 442 
28 35 
28 39 
28 68 
28 189 
28 378 
28 455 
29 51 
29 60 
29 83 
29 92 
29 206 
29 261 
29 288 
29 291 
29 324 
29 326 
29 333 
29 338 
29 416 
30 45 
30 67 
30 135 
30 183 
30 213 
30 245 
30 251 
31 40 
31 63 
31 77 
31 79 
31 101 
31 138 
31 146 
31 147 
31 161 
31 173 
31 222 
31 250 
31 252 
31 267 
31 274 
31 325 
31 359 
31 380 
31 396 
31 401 
31 413 
31 460 
32 50 
32 80 
32 117 
32 119 
32 133 
32 139 
32 167 
32 221 
32 232 
32 254 
32 256 
32 262 
32 315 
32 349 
32 387 
32 421 
32 437 
33 87 
33 198 
33 334 
34 42 
34 52 
34 57 
34 58 
34 101 
34 107 
34 113 
34 132 
34 137 
34 180 
34 195 
34 200 
34 219 
34 255 
34 272 
34 325 
34 361 
34 372 
34 422 
35 40 
35 430 
36 48 
36 73 
36 91 
36 92 
36 93 
36 102 
36 106 
36 126 
36 201 
36 220 
36 232 
36 233 
36 383 
36 390 
36 499 
37 41 
37 47 
37 61 
37 76 
37 85 
37 106 
37 129 
37 141 
37 179 
37 208 
37 223 
37 229 
37 234 
37 235 
37 259 
37 274 
37 277 
37 278 
37 282 
37 345 
37 381 
37 404 
37 417 
37 418 
37 440 
37 448 
37 470 
37 489 
38 46 
38 51 
38 52 
38 81 
38 140 
38 183 
38 218 
38 243 
38 350 
39 54 
39 59 
39 83 
39 87 
39 90 
39 136 
39 232 
39 257 
39 285 
39 337 
39 412 
39 478 
40 82 
40 176 
40 242 
40 279 
40 320 
41 47 
41 81 
41 163 
41 240 
41 357 
42 43 
42 49 
42 82 
42 106 
42 124 
42 134 
42 160 
42 228 
42 352 
42 389 
42 481 
43 55 
43 75 
43 88 
43 135 
43 348 
44 57 
44 64 
44 77 
44 84 
44 94 
44 109 
44 125 
44 143 
44 178 
44 244 
44 314 
44 329 
44 403 
44 482 
45 56 
45 65 
45 168 
45 364 
46 53 
46 76 
46 98 
46 142 
46 217 
46 302 
46 362 
46 365 
46 385 
46 431 
46 447 
46 449 
46 481 
46 486 
47 166 
47 263 
47 280 
47 336 
48 76 
48 254 
50 88 
50 110 
50 192 
50 205 
50 307 
50 428 
51 61 
51 186 
51 333 
51 363 
51 384 
51 497 
52 114 
52 120 
52 137 
52 200 
52 214 
52 285 
52 464 
52 491 
53 110 
53 133 
53 247 
53 264 
53 273 
53 289 
53 383 
53 442 
54 75 
54 128 
54 131 
54 156 
54 181 
54 280 
54 297 
54 361 
55 72 
55 132 
55 196 
56 63 
56 69 
56 78 
56 93 
56 99 
56 124 
56 149 
56 162 
56 190 
56 195 
56 209 
56 216 
56 221 
56 245 
56 247 
56 259 
56 269 
56 279 
56 323 
56 357 
56 370 
56 394 
56 422 
56 423 
56 439 
56 453 
57 116 
57 317 
57 444 
58 346 
59 148 
59 169 
59 201 
59 214 
59 261 
59 274 
59 284 
59 289 
59 303 
59 334 
59 425 
59 482 
59 496 
60 123 
60 140 
60 151 
60 205 
60 305 
60 448 
60 458 
61 63 
61 76 
61 114 
61 137 
61 176 
61 194 
61 309 
61 322 
61 371 
61 422 
61 456 
61 497 
62 68 
62 119 
62 207 
62 258 
62 296 
62 303 
62 443 
62 498 
63 143 
63 154 
63 161 
63 306 
63 319 
64 112 
64 127 
64 230 
64 263 
64 327 
64 372 
64 437 
65 100 
65 122 
65 144 
65 173 
65 205 
65 214 
65 225 
65 237 
65 249 
65 308 
66 160 
66 325 
66 337 
66 354 
67 85 
67 108 
67 122 
67 127 
67 134 
67 146 
67 265 
67 281 
67 430 
68 93 
68 207 
68 276 
68 293 
68 390 
68 411 
69 210 
69 244 
69 251 
69 378 
69 424 
70 103 
70 112 
70 154 
70 170 
70 184 
70 197 
70 203 
70 218 
70 224 
70 236 
70 269 
71 150 
72 74 
72 89 
72 103 
72 114 
72 151 
72 180 
72 186 
72 190 
72 327 
72 356 
72 365 
72 394 
72 414 
72 435 
72 483 
72 485 
73 100 
73 112 
73 115 
73 136 
73 163 
73 257 
73 324 
73 386 
74 231 
74 391 
74 450 
75 125 
75 196 
75 216 
75 299 
75 492 
76 280 
76 318 
77 434 
77 457 
78 95 
78 141 
78 142 
78 165 
78 183 
78 199 
78 237 
78 321 
78 332 
78 334 
78 367 
78 479 
79 99 
79 103 
79 138 
79 145 
79 149 
79 200 
79 279 
79 302 
79 311 
79 438 
79 467 
80 92 
80 102 
80 134 
80 163 
80 182 
80 216 
80 239 
80 266 
80 292 
80 380 
80 466 
81 86 
81 89 
81 121 
81 202 
81 259 
81 267 
81 311 
81 317 
82 109 
82 114 
82 124 
82 170 
82 185 
82 189 
82 193 
82 212 
82 303 
82 329 
82 419 
82 482 
83 157 
83 201 
83 269 
84 100 
84 121 
84 167 
84 224 
84 227 
84 230 
84 260 
84 314 
84 394 
85 366 
86 198 
86 215 
86 332 
86 446 
87 94 
87 130 
87 175 
87 181 
88 92 
88 287 
90 95 
90 173 
90 222 
90 302 
90 307 
90 333 
90 410 
91 152 
91 240 
91 274 
91 388 
92 188 
92 209 
92 236 
92 278 
92 358 
92 444 
93 118 
93 281 
93 310 
93 335 
93 346 
93 367 
93 484 
94 113 
94 178 
94 406 
94 443 
94 474 
94 487 
95 151 
95 166 
95 191 
95 203 
95 246 
95 339 
95 353 
95 382 
95 417 
96 401 
96 403 
97 118 
97 124 
97 153 
97 174 
97 181 
97 239 
97 262 
97 316 
97 467 
98 109 
98 153 
98 171 
98 194 
98 492 
98 495 
99 113 
99 196 
99 251 
99 300 
99 321 
99 335 
99 343 
99 374 
99 450 
99 467 
99 490 
100 418 
101 180 
101 286 
101 326 
101 360 
102 104 
102 153 
102 179 
102 196 
102 209 
102 234 
102 240 
102 283 
102 377 
103 139 
103 216 
103 285 
104 107 
104 246 
105 127 
105 259 
105 308 
106 120 
106 131 
106 143 
106 176 
106 349 
106 399 
107 158 
107 171 
107 317 
107 350 
107 351 
107 363 
107 407 
107 446 
108 177 
108 261 
108 293 
108 382 
108 436 
109 127 
109 150 
109 158 
109 198 
109 252 
109 268 
109 275 
109 381 
109 408 
109 449 
109 452 
110 301 
110 363 
111 136 
111 213 
111 373 
111 429 
111 433 
111 470 
112 170 
112 243 
112 253 
112 341 
112 383 
113 118 
113 139 
113 164 
113 257 
113 475 
113 490 
114 126 
114 133 
114 391 
114 411 
115 117 
115 152 
115 160 
115 215 
115 359 
115 462 
115 473 
115 498 
116 286 
116 315 
116 408 
116 410 
116 418 
117 174 
117 187 
117 230 
117 239 
117 244 
117 262 
117 287 
117 398 
118 147 
118 290 
118 298 
118 428 
119 301 
120 168 
120 282 
120 300 
120 320 
120 359 
120 460 
120 494 
121 156 
121 218 
121 241 
121 245 
121 272 
121 431 
121 456 
122 147 
122 351 
123 187 
123 263 
123 353 
123 414 
123 429 
124 190 
124 333 
124 397 
125 336 
126 131 
126 177 
126 270 
126 273 
126 485 
127 266 
127 298 
127 326 
127 340 
127 347 
127 360 
127 399 
128 156 
128 223 
128 236 
128 281 
128 307 
128 390 
129 182 
129 211 
129 266 
129 268 
129 271 
129 314 
129 451 
129 458 
129 490 
130 226 
130 444 
130 453 
130 489 
131 348 
131 358 
132 389 
133 135 
133 204 
135 144 
135 191 
135 315 
135 458 
136 192 
136 215 
136 220 
136 297 
137 164 
137 218 
137 251 
137 265 
137 290 
137 324 
137 435 
138 145 
138 193 
138 206 
138 312 
138 331 
139 203 
139 227 
139 238 
140 174 
140 178 
140 235 
141 171 
141 324 
141 495 
142 226 
142 381 
142 452 
143 473 
144 161 
144 283 
144 287 
144 300 
144 346 
144 361 
144 362 
145 155 
145 189 
145 233 
145 239 
145 330 
145 443 
145 493 
148 202 
148 212 
148 375 
149 220 
149 400 
150 155 
150 262 
150 318 
150 382 
150 439 
150 475 
150 476 
151 273 
151 296 
151 398 
151 399 
152 370 
152 412 
153 371 
154 243 
154 278 
154 297 
154 301 
154 373 
154 432 
154 434 
154 465 
155 159 
155 237 
155 260 
156 220 
156 415 
158 377 
158 405 
158 469 
159 176 
159 298 
159 459 
160 192 
161 166 
162 211 
162 284 
162 422 
163 212 
163 288 
164 217 
164 238 
164 320 
164 338 
164 397 
164 409 
164 419 
164 430 
164 477 
165 272 
165 316 
166 177 
166 419 
166 451 
167 392 
167 491 
168 198 
168 233 
168 325 
169 172 
170 223 
172 313 
172 409 
172 480 
173 463 
175 292 
176 191 
177 186 
177 204 
177 343 
177 390 
178 188 
178 235 
178 290 
178 306 
179 224 
179 347 
180 228 
180 249 
180 271 
180 279 
180 292 
180 357 
180 445 
181 191 
182 199 
182 427 
182 459 
183 247 
184 210 
184 211 
184 227 
184 252 
184 327 
184 348 
184 416 
184 432 
186 229 
186 455 
187 258 
187 304 
187 335 
187 431 
187 493 
188 276 
188 395 
188 483 
189 242 
189 376 
189 478 
190 268 
190 471 
191 495 
192 296 
192 378 
192 416 
193 260 
194 227 
194 248 
194 344 
195 261 
196 323 
196 339 
197 285 
197 294 
198 207 
198 404 
199 226 
199 340 
199 377 
199 436 
199 450 
199 485 
200 283 
200 329 
200 424 
200 433 
200 439 
201 379 
201 400 
202 213 
202 338 
202 387 
203 393 
204 340 
204 415 
204 452 
206 258 
206 406 
207 272 
207 288 
207 366 
208 432 
209 354 
209 488 
210 290 
210 330 
210 492 
211 299 
212 222 
212 248 
212 269 
212 293 
212 343 
213 369 
214 319 
215 316 
215 436 
216 368 
216 411 
217 226 
217 476 
218 438 
218 497 
220 280 
220 426 
220 486 
222 472 
223 306 
224 225 
224 231 
224 241 
224 265 
224 448 
224 483 
225 434 
226 379 
227 249 
227 292 
227 437 
229 277 
230 342 
230 426 
231 260 
231 343 
231 425 
232 255 
233 407 
234 321 
234 423 
234 496 
235 283 
236 254 
236 446 
237 423 
238 466 
239 275 
239 441 
240 322 
240 342 
241 379 
241 414 
241 430 
241 474 
242 243 
242 462 
242 479 
243 447 
243 468 
243 483 
244 304 
244 330 
245 255 
245 309 
246 435 
247 349 
247 355 
247 377 
248 322 
248 337 
248 379 
248 387 
250 306 
250 406 
251 402 
252 341 
252 441 
254 265 
254 401 
256 429 
257 305 
257 326 
257 375 
259 376 
260 361 
260 444 
263 264 
263 404 
263 460 
264 400 
264 431 
264 465 
265 426 
267 307 
267 367 
267 407 
267 462 
268 320 
268 367 
268 477 
269 382 
269 424 
269 438 
269 456 
271 315 
272 388 
274 295 
275 470 
276 331 
277 380 
280 295 
280 371 
281 282 
282 286 
282 335 
282 375 
282 421 
283 341 
283 368 
284 347 
284 398 
284 469 
284 475 
285 389 
287 412 
288 328 
289 454 
290 308 
291 309 
292 319 
292 352 
292 362 
292 403 
292 472 
293 373 
294 305 
296 341 
298 330 
298 404 
298 464 
300 304 
301 356 
301 466 
302 429 
303 468 
304 499 
305 329 
307 362 
307 441 
308 473 
309 334 
309 370 
309 471 
311 442 
312 360 
313 407 
313 491 
316 353 
316 469 
317 364 
317 369 
317 372 
319 385 
320 345 
320 413 
320 496 
321 328 
324 395 
324 466 
327 402 
329 498 
332 499 
334 387 
335 352 
335 396 
337 373 
338 453 
342 428 
343 353 
343 445 
348 394 
348 438 
353 484 
354 409 
354 465 
357 443 
358 450 
359 421 
360 457 
363 372 
363 420 
364 397 
366 369 
366 402 
366 457 
367 410 
368 405 
371 408 
371 493 
372 405 
373 486 
373 494 
378 477 
385 464 
388 473 
392 420 
394 476 
396 420 
400 461 
402 468 
403 468 
406 440 
412 488 
414 446 
415 459 
419 474 
424 425 
424 439 
425 433 
432 433 
433 471 
434 467 
443 449 
466 471 
476 487 
