false
false
500
1988
0 1 
0 3 
0 4 
0 5 
0 8 
0 10 
0 13 
0 14 
0 16 
0 19 
0 28 
0 41 
0 53 
0 56 
0 65 
0 69 
0 71 
0 74 
0 80 
0 83 
0 93 
0 95 
0 105 
0 107 
0 117 
0 122 
0 130 
0 137 
0 149 
0 152 
0 160 
0 167 
0 174 
0 180 
0 184 
0 212 
0 218 
0 229 
0 232 
0 274 
0 283 
0 289 
0 309 
0 404 
0 407 
0 421 
0 425 
0 463 
1 2 
1 4 
1 5 
1 7 
1 9 
1 10 
1 11 
1 14 
1 15 
1 20 
1 21 
1 25 
1 32 
1 36 
1 37 
1 40 
1 47 
1 55 
1 71 
1 72 
1 76 
1 79 
1 91 
1 106 
1 127 
1 131 
1 132 
1 136 
1 147 
1 155 
1 167 
1 170 
1 192 
1 194 
1 198 
1 199 
1 203 
1 218 
1 233 
1 242 
1 261 
1 268 
1 310 
1 312 
1 330 
1 363 
1 365 
1 367 
1 392 
1 417 
1 418 
1 436 
1 438 
1 446 
1 463 
1 470 
1 488 
1 493 
1 497 
2 3 
2 4 
2 6 
2 7 
2 8 
2 9 
2 20 
2 23 
2 26 
2 38 
2 47 
2 60 
2 70 
2 102 
2 112 
2 126 
2 143 
2 179 
2 181 
2 214 
2 217 
2 244 
2 261 
2 315 
2 366 
2 370 
2 371 
2 397 
2 409 
2 453 
2 460 
3 4 
3 5 
3 6 
3 7 
3 10 
3 12 
3 13 
3 17 
3 25 
3 28 
3 29 
3 30 
3 32 
3 33 
3 35 
3 42 
3 46 
3 47 
3 53 
3 55 
3 59 
3 61 
3 69 
3 71 
3 76 
3 81 
3 97 
3 102 
3 108 
3 123 
3 129 
3 133 
3 135 
3 136 
3 144 
3 154 
3 158 
3 163 
3 194 
3 198 
3 222 
3 231 
3 234 
3 259 
3 278 
3 294 
3 308 
3 310 
3 327 
3 334 
3 344 
3 349 
3 375 
3 382 
3 385 
3 388 
3 402 
3 414 
3 416 
3 447 
3 478 
3 492 
3 498 
4 5 
4 6 
4 7 
4 8 
4 9 
4 10 
4 15 
4 17 
4 19 
4 27 
4 29 
4 30 
4 31 
4 34 
4 35 
4 42 
4 43 
4 49 
4 50 
4 51 
4 54 
4 58 
4 59 
4 60 
4 61 
4 63 
4 66 
4 70 
4 74 
4 75 
4 86 
4 88 
4 100 
4 115 
4 127 
4 129 
4 136 
4 148 
4 150 
4 165 
4 176 
4 187 
4 188 
4 200 
4 202 
4 208 
4 211 
4 219 
4 227 
4 237 
4 249 
4 250 
4 251 
4 255 
4 262 
4 263 
4 266 
4 272 
4 282 
4 287 
4 293 
4 323 
4 324 
4 341 
4 342 
4 347 
4 357 
4 359 
4 360 
4 395 
4 416 
4 426 
4 429 
4 433 
4 435 
4 439 
4 458 
4 466 
4 468 
4 472 
4 488 
4 489 
4 494 
5 6 
5 9 
5 22 
5 24 
5 32 
5 37 
5 57 
5 94 
5 104 
5 117 
5 123 
5 140 
5 213 
5 270 
5 279 
5 284 
5 317 
5 326 
5 364 
5 403 
5 420 
5 424 
6 8 
6 11 
6 12 
6 14 
6 17 
6 18 
6 21 
6 24 
6 25 
6 26 
6 41 
6 44 
6 49 
6 80 
6 87 
6 92 
6 105 
6 111 
6 112 
6 123 
6 124 
6 133 
6 136 
6 156 
6 160 
6 161 
6 164 
6 168 
6 169 
6 175 
6 192 
6 197 
6 223 
6 224 
6 231 
6 253 
6 280 
6 302 
6 319 
6 335 
6 377 
6 379 
6 441 
7 27 
7 33 
7 48 
7 49 
7 50 
7 55 
7 69 
7 82 
7 94 
7 101 
7 113 
7 120 
7 137 
7 182 
7 184 
7 192 
7 273 
7 311 
7 313 
7 332 
7 338 
7 374 
7 452 
7 457 
7 469 
7 478 
8 11 
8 12 
8 13 
8 16 
8 20 
8 21 
8 24 
8 31 
8 34 
8 35 
8 36 
8 37 
8 44 
8 63 
8 64 
8 83 
8 85 
8 87 
8 90 
8 93 
8 102 
8 132 
8 140 
8 145 
8 146 
8 149 
8 151 
8 166 
8 196 
8 204 
8 251 
8 252 
8 258 
8 260 
8 265 
8 288 
8 297 
8 298 
8 315 
8 322 
8 334 
8 376 
8 386 
8 400 
8 417 
8 438 
8 456 
8 462 
8 477 
8 484 
8 492 
8 493 
8 494 
9 11 
9 13 
9 15 
9 16 
9 17 
9 18 
9 21 
9 23 
9 26 
9 38 
9 43 
9 44 
9 67 
9 74 
9 82 
9 88 
9 103 
9 107 
9 109 
9 110 
9 125 
9 126 
9 146 
9 153 
9 185 
9 193 
9 221 
9 226 
9 232 
9 241 
9 243 
9 246 
9 250 
9 268 
9 270 
9 278 
9 280 
9 288 
9 295 
9 322 
9 324 
9 325 
9 341 
9 343 
9 353 
9 361 
9 388 
9 397 
9 405 
9 407 
9 448 
9 458 
9 461 
9 468 
9 469 
9 493 
10 40 
10 45 
10 68 
10 72 
10 73 
10 111 
10 115 
10 125 
10 128 
10 133 
10 153 
10 175 
10 176 
10 190 
10 228 
10 248 
10 251 
10 255 
10 280 
10 376 
10 384 
10 415 
10 490 
11 12 
11 22 
11 29 
11 39 
11 45 
11 66 
11 79 
11 92 
11 98 
11 131 
11 140 
11 209 
11 255 
11 262 
11 271 
11 395 
12 18 
12 19 
12 22 
12 28 
12 29 
12 30 
12 34 
12 39 
12 40 
12 46 
12 58 
12 62 
12 75 
12 77 
12 80 
12 96 
12 115 
12 121 
12 128 
12 130 
12 133 
12 143 
12 153 
12 177 
12 180 
12 201 
12 205 
12 206 
12 224 
12 226 
12 233 
12 243 
12 253 
12 274 
12 275 
12 278 
12 290 
12 321 
12 332 
12 335 
12 342 
12 343 
12 346 
12 348 
12 353 
12 354 
12 364 
12 393 
12 406 
12 419 
12 490 
13 14 
13 15 
13 18 
13 36 
13 48 
13 58 
13 75 
13 239 
13 285 
13 333 
13 355 
14 16 
14 22 
14 33 
14 36 
14 37 
14 41 
14 44 
14 46 
14 51 
14 59 
14 62 
14 89 
14 92 
14 96 
14 109 
14 110 
14 137 
14 159 
14 204 
14 224 
14 243 
14 252 
14 309 
14 314 
14 332 
14 340 
14 349 
14 351 
14 364 
14 371 
14 451 
14 466 
15 23 
15 38 
15 90 
15 110 
15 148 
15 150 
15 172 
15 230 
15 236 
15 282 
15 378 
15 381 
15 404 
16 118 
16 199 
16 201 
16 216 
16 379 
16 386 
16 440 
17 32 
17 52 
17 54 
17 127 
17 144 
17 145 
17 155 
17 158 
17 177 
17 203 
17 238 
17 246 
17 299 
17 302 
17 321 
17 358 
17 377 
17 420 
17 492 
18 19 
18 24 
18 48 
18 78 
18 97 
18 100 
18 113 
18 139 
18 141 
18 143 
18 183 
18 201 
18 308 
18 317 
18 367 
18 389 
18 394 
18 433 
18 456 
18 467 
18 495 
19 20 
19 23 
19 26 
19 35 
19 41 
19 46 
19 55 
19 60 
19 61 
19 62 
19 64 
19 65 
19 67 
19 69 
19 79 
19 97 
19 118 
19 147 
19 184 
19 188 
19 189 
19 195 
19 203 
19 212 
19 269 
19 372 
19 405 
19 423 
19 444 
19 450 
19 468 
19 489 
20 31 
20 34 
20 38 
20 42 
20 43 
20 65 
20 88 
20 97 
20 109 
20 128 
20 130 
20 148 
20 168 
20 202 
20 215 
20 225 
20 245 
20 262 
20 263 
20 276 
20 283 
20 284 
20 314 
20 337 
20 363 
20 364 
20 374 
20 420 
20 428 
21 30 
21 52 
21 85 
21 101 
21 196 
21 200 
21 225 
21 360 
21 412 
22 27 
22 28 
22 31 
22 33 
22 48 
22 50 
22 66 
22 68 
22 73 
22 86 
22 96 
22 104 
22 105 
22 108 
22 119 
22 134 
22 140 
22 144 
22 145 
22 148 
22 156 
22 159 
22 161 
22 162 
22 173 
22 178 
22 186 
22 193 
22 197 
22 200 
22 206 
22 238 
22 239 
22 288 
22 303 
22 308 
22 311 
22 368 
22 386 
22 422 
22 430 
22 437 
22 441 
22 453 
22 455 
22 491 
22 497 
23 25 
23 27 
23 66 
23 73 
23 80 
23 85 
23 89 
23 90 
23 99 
23 118 
23 149 
23 155 
23 204 
23 209 
23 211 
23 233 
23 241 
23 266 
23 296 
23 306 
23 336 
23 346 
23 439 
23 449 
23 453 
23 459 
23 460 
23 480 
23 487 
23 494 
24 54 
24 60 
24 67 
24 94 
24 116 
24 124 
24 130 
24 174 
24 246 
24 313 
24 319 
24 322 
24 384 
24 390 
24 499 
25 39 
25 118 
25 281 
25 282 
25 329 
25 365 
25 366 
25 465 
25 492 
26 39 
26 57 
26 111 
26 152 
26 209 
26 275 
26 320 
26 366 
27 51 
27 53 
27 70 
27 98 
27 104 
27 202 
27 252 
27 275 
27 306 
27 342 
27 442 
28 53 
28 56 
28 88 
28 91 
28 134 
28 208 
28 229 
28 268 
28 292 
28 305 
28 408 
28 454 
29 40 
29 45 
29 61 
29 78 
29 93 
29 171 
29 221 
29 228 
29 249 
29 257 
29 292 
29 330 
29 404 
29 461 
30 42 
30 91 
30 142 
30 256 
30 346 
30 348 
30 479 
30 493 
31 102 
31 117 
31 124 
31 126 
31 189 
31 199 
31 282 
31 419 
31 425 
31 467 
32 77 
32 79 
32 84 
32 392 
32 418 
32 436 
32 479 
33 57 
33 63 
33 68 
33 86 
33 99 
33 113 
33 177 
33 178 
33 283 
33 289 
33 295 
33 297 
33 375 
33 396 
33 461 
33 471 
34 120 
34 305 
35 45 
35 47 
35 56 
35 114 
35 116 
35 135 
35 149 
35 153 
35 154 
35 215 
35 217 
35 221 
35 233 
35 247 
35 256 
35 272 
35 276 
35 295 
35 304 
35 322 
35 345 
35 350 
35 373 
35 444 
35 469 
35 481 
35 483 
35 485 
36 62 
36 84 
36 116 
36 126 
36 142 
36 151 
36 164 
36 238 
36 241 
36 245 
36 318 
36 338 
36 439 
36 474 
36 487 
37 166 
37 291 
37 388 
37 442 
37 472 
38 81 
38 84 
38 139 
38 151 
38 158 
38 177 
38 207 
38 244 
38 358 
38 359 
38 396 
38 443 
38 451 
39 54 
39 96 
39 162 
39 197 
39 228 
39 338 
39 374 
39 409 
40 43 
40 135 
40 166 
41 76 
41 316 
41 437 
41 498 
42 98 
42 317 
42 363 
43 50 
43 52 
43 65 
43 68 
43 113 
43 190 
43 268 
43 324 
43 412 
43 431 
43 456 
43 465 
43 477 
44 51 
44 64 
44 82 
44 84 
44 119 
44 163 
44 176 
44 182 
44 269 
44 325 
44 339 
44 412 
44 449 
45 52 
45 94 
45 156 
45 250 
45 267 
45 372 
45 443 
45 464 
46 63 
46 82 
46 253 
46 343 
46 418 
47 49 
47 58 
47 75 
47 78 
47 150 
47 188 
47 207 
47 237 
47 245 
47 311 
47 347 
47 392 
47 428 
47 447 
47 496 
48 121 
48 179 
48 371 
48 393 
48 470 
49 56 
49 178 
49 291 
50 72 
50 73 
50 119 
50 122 
50 124 
50 138 
50 247 
50 328 
50 335 
50 413 
50 419 
50 477 
51 171 
51 296 
51 378 
51 445 
51 473 
52 57 
52 67 
52 83 
52 85 
52 154 
52 172 
52 189 
52 227 
52 259 
52 357 
52 484 
53 59 
53 76 
53 93 
53 95 
53 127 
53 134 
53 175 
53 198 
53 207 
53 399 
53 403 
53 436 
53 474 
53 482 
54 95 
54 103 
54 134 
54 216 
54 264 
54 336 
54 352 
54 381 
54 465 
55 78 
55 106 
55 156 
56 132 
56 170 
56 248 
56 261 
56 277 
56 303 
56 307 
56 310 
56 378 
56 420 
57 72 
57 101 
57 157 
57 183 
57 193 
57 215 
57 222 
57 227 
57 254 
57 263 
57 291 
57 306 
57 319 
57 345 
57 351 
57 452 
58 89 
58 239 
58 256 
58 435 
58 486 
59 70 
59 91 
59 106 
59 329 
59 402 
60 74 
60 103 
60 122 
60 185 
60 203 
60 285 
60 375 
60 376 
60 382 
60 407 
60 454 
61 81 
61 116 
61 160 
61 186 
61 204 
61 236 
61 258 
61 387 
61 393 
61 422 
61 433 
61 448 
61 463 
61 466 
61 476 
61 479 
62 109 
62 139 
62 399 
63 64 
63 71 
63 146 
63 181 
63 315 
63 413 
63 447 
63 448 
63 491 
64 220 
64 345 
64 495 
65 123 
65 293 
65 301 
65 399 
66 83 
66 152 
66 154 
66 179 
66 222 
66 241 
66 344 
66 371 
67 100 
67 105 
67 129 
67 279 
67 318 
67 342 
67 460 
68 294 
68 300 
68 495 
69 77 
69 81 
69 107 
69 114 
69 135 
69 138 
69 142 
69 207 
69 212 
69 214 
69 257 
69 273 
69 286 
69 347 
69 357 
69 418 
69 435 
69 480 
70 87 
70 92 
70 112 
70 120 
70 121 
70 157 
70 183 
70 205 
70 219 
70 228 
70 234 
70 257 
70 258 
70 350 
70 369 
70 417 
70 484 
70 486 
70 487 
72 99 
72 261 
72 269 
72 288 
72 339 
72 343 
72 495 
73 137 
73 161 
73 174 
73 200 
73 368 
73 425 
73 430 
73 485 
74 131 
74 236 
74 297 
74 370 
74 391 
75 77 
75 120 
75 166 
75 194 
75 220 
75 278 
75 299 
75 384 
75 462 
75 486 
76 128 
76 360 
77 95 
77 138 
77 141 
77 182 
77 216 
77 367 
77 456 
77 479 
78 283 
78 482 
79 184 
79 231 
79 242 
79 244 
79 440 
80 86 
80 98 
80 145 
80 185 
80 219 
80 232 
80 259 
80 338 
80 385 
80 389 
80 400 
80 410 
81 235 
82 89 
82 117 
82 125 
82 163 
82 298 
82 307 
83 100 
83 110 
83 112 
83 183 
83 186 
83 256 
83 260 
83 304 
83 404 
84 87 
84 164 
84 221 
84 284 
84 348 
84 365 
84 429 
84 432 
84 438 
84 477 
85 90 
85 199 
85 213 
85 277 
85 316 
85 374 
85 407 
86 160 
86 251 
86 254 
86 312 
86 348 
86 486 
87 141 
87 210 
87 267 
87 272 
87 309 
88 101 
88 198 
88 220 
88 421 
89 107 
89 108 
89 111 
89 147 
89 157 
89 170 
89 206 
89 223 
89 257 
89 350 
89 445 
89 451 
90 114 
90 152 
90 157 
90 159 
90 175 
90 289 
90 333 
90 432 
90 491 
91 171 
91 380 
91 394 
91 489 
92 106 
92 108 
92 240 
92 454 
92 474 
93 103 
93 191 
93 301 
93 372 
93 427 
93 475 
93 499 
94 122 
94 141 
94 169 
94 172 
94 248 
94 336 
94 415 
94 449 
95 104 
95 196 
95 331 
96 191 
96 217 
96 253 
96 395 
97 169 
97 281 
97 441 
98 99 
98 186 
98 227 
99 302 
99 327 
99 331 
99 410 
100 208 
100 216 
100 242 
100 279 
100 309 
100 325 
100 424 
101 167 
101 173 
101 210 
101 235 
101 446 
102 132 
102 143 
102 187 
102 189 
102 345 
102 481 
103 161 
103 218 
103 307 
103 337 
103 414 
103 433 
105 387 
106 114 
106 125 
106 144 
106 159 
106 205 
106 293 
106 356 
107 121 
107 208 
107 254 
107 263 
107 316 
107 324 
107 350 
107 406 
108 115 
108 119 
108 155 
108 168 
108 264 
108 274 
108 349 
108 360 
108 442 
108 464 
109 232 
110 129 
110 185 
110 274 
110 334 
110 415 
111 269 
111 441 
111 448 
112 222 
112 361 
112 440 
113 237 
113 270 
113 380 
114 275 
114 410 
114 458 
115 286 
115 327 
116 147 
116 163 
116 190 
116 195 
116 215 
116 243 
116 244 
116 250 
116 258 
116 260 
116 307 
116 330 
116 352 
116 398 
116 400 
117 292 
117 303 
117 362 
118 178 
118 190 
118 240 
118 296 
118 323 
118 340 
118 451 
119 131 
120 362 
120 422 
121 387 
121 469 
122 173 
122 366 
123 139 
123 305 
123 329 
123 471 
124 427 
124 475 
125 252 
125 423 
126 247 
126 429 
127 162 
127 210 
128 259 
128 271 
128 293 
128 308 
128 460 
130 168 
130 169 
130 323 
130 326 
131 138 
131 174 
131 180 
131 202 
131 247 
131 248 
131 255 
131 292 
131 341 
131 346 
131 369 
131 413 
132 164 
134 158 
134 194 
134 276 
134 411 
134 450 
134 490 
135 165 
135 213 
135 267 
135 376 
135 381 
135 390 
135 405 
135 447 
135 488 
136 151 
136 230 
136 240 
138 176 
138 195 
138 210 
138 372 
138 388 
139 224 
139 415 
140 142 
140 191 
140 281 
140 391 
141 162 
141 351 
141 387 
142 150 
142 212 
142 464 
143 146 
143 170 
143 217 
143 242 
143 369 
143 383 
143 402 
144 214 
144 229 
144 304 
144 409 
145 181 
145 197 
145 297 
145 434 
145 454 
145 478 
147 187 
147 382 
147 400 
147 434 
148 165 
148 235 
148 380 
148 457 
149 312 
149 445 
149 457 
150 361 
151 231 
151 378 
152 289 
153 301 
153 406 
154 304 
154 355 
155 165 
155 192 
155 276 
155 300 
156 180 
156 182 
156 264 
158 172 
158 191 
158 229 
158 424 
158 429 
159 193 
160 173 
161 167 
161 319 
162 171 
162 285 
162 455 
163 179 
163 317 
164 264 
164 318 
165 337 
166 266 
166 300 
166 368 
167 254 
168 424 
168 475 
168 481 
168 482 
169 225 
169 333 
169 369 
169 386 
169 394 
169 414 
170 357 
170 421 
171 181 
171 246 
172 273 
172 362 
172 405 
172 431 
174 286 
175 328 
175 390 
175 498 
178 431 
178 497 
179 225 
179 249 
179 281 
179 299 
179 473 
179 499 
180 188 
180 196 
180 211 
181 396 
182 187 
182 201 
182 214 
182 230 
182 240 
182 298 
183 320 
183 326 
183 453 
184 205 
184 290 
184 302 
184 312 
186 206 
186 370 
187 277 
187 287 
187 305 
187 356 
187 472 
188 226 
188 311 
188 408 
189 465 
190 306 
191 230 
192 211 
192 321 
192 325 
192 385 
193 223 
193 265 
193 271 
194 195 
194 446 
195 265 
195 279 
195 373 
195 428 
196 236 
197 209 
199 334 
199 480 
200 267 
200 359 
200 401 
200 480 
201 291 
201 331 
201 410 
202 287 
203 402 
204 218 
204 395 
205 463 
205 497 
206 213 
206 220 
206 270 
206 328 
206 373 
207 300 
209 280 
209 423 
210 219 
210 237 
210 383 
210 403 
210 423 
210 485 
211 234 
211 326 
211 379 
211 401 
211 450 
211 472 
212 223 
212 401 
213 226 
213 234 
213 393 
213 403 
213 444 
213 459 
213 470 
214 315 
215 389 
216 408 
216 449 
217 262 
218 286 
219 235 
219 438 
219 499 
220 265 
221 295 
221 359 
221 483 
222 344 
222 353 
222 397 
222 434 
222 496 
224 299 
225 238 
225 320 
225 329 
225 354 
225 375 
225 437 
225 459 
227 271 
227 272 
228 367 
229 260 
229 373 
229 416 
230 301 
230 344 
231 303 
232 239 
233 356 
233 459 
234 287 
234 392 
236 358 
236 470 
238 487 
239 266 
239 298 
240 377 
240 398 
240 467 
241 336 
242 341 
243 249 
243 356 
244 245 
244 320 
247 352 
247 413 
247 468 
248 333 
248 422 
248 464 
250 398 
250 408 
251 355 
252 294 
253 351 
254 358 
254 412 
255 314 
255 462 
257 277 
259 273 
259 284 
259 296 
259 340 
259 349 
259 489 
260 339 
261 398 
262 332 
264 327 
264 352 
264 427 
264 484 
265 380 
266 314 
266 476 
267 331 
268 439 
269 310 
269 391 
269 419 
269 491 
270 328 
270 457 
272 294 
273 290 
276 285 
276 461 
276 471 
277 318 
277 377 
277 426 
278 354 
278 396 
282 370 
282 476 
285 313 
285 473 
286 383 
288 290 
288 365 
290 394 
292 426 
292 475 
294 335 
294 401 
295 481 
296 316 
296 496 
300 330 
303 339 
304 321 
304 379 
306 347 
306 363 
306 426 
306 430 
307 354 
308 313 
311 382 
312 458 
315 323 
315 432 
318 381 
319 411 
320 444 
322 337 
322 390 
323 384 
329 355 
329 483 
329 485 
329 488 
336 430 
337 478 
337 494 
339 340 
340 389 
340 417 
340 462 
341 452 
342 416 
343 436 
343 442 
345 452 
346 361 
346 362 
352 353 
352 431 
352 474 
353 440 
353 445 
353 450 
356 368 
356 383 
361 406 
362 425 
366 391 
368 437 
370 467 
374 399 
376 435 
379 397 
382 385 
383 411 
383 483 
386 443 
387 409 
389 432 
390 411 
391 446 
392 455 
392 476 
402 427 
402 434 
404 455 
410 443 
412 414 
416 421 
420 490 
421 428 
423 498 
424 471 
424 496 
439 466 
440 482 
446 473 
