false
false
500
1988
0 1 
0 3 
0 4 
0 6 
0 8 
0 9 
0 10 
0 11 
0 12 
0 14 
0 15 
0 16 
0 17 
0 20 
0 21 
0 25 
0 27 
0 28 
0 32 
0 33 
0 35 
0 46 
0 52 
0 57 
0 70 
0 78 
0 80 
0 81 
0 84 
0 88 
0 92 
0 96 
0 102 
0 108 
0 111 
0 115 
0 117 
0 126 
0 130 
0 143 
0 154 
0 168 
0 170 
0 179 
0 182 
0 188 
0 194 
0 199 
0 215 
0 230 
0 231 
0 247 
0 252 
0 254 
0 269 
0 307 
0 319 
0 334 
0 345 
0 347 
0 352 
0 354 
0 358 
0 365 
0 374 
0 377 
0 385 
0 450 
0 467 
0 473 
0 483 
0 486 
1 2 
1 4 
1 5 
1 7 
1 9 
1 10 
1 12 
1 13 
1 14 
1 15 
1 16 
1 18 
1 19 
1 25 
1 27 
1 34 
1 38 
1 47 
1 50 
1 52 
1 77 
1 82 
1 86 
1 91 
1 93 
1 98 
1 103 
1 104 
1 106 
1 113 
1 119 
1 137 
1 152 
1 171 
1 177 
1 191 
1 193 
1 210 
1 224 
1 238 
1 257 
1 272 
1 285 
1 286 
1 289 
1 295 
1 297 
1 331 
1 339 
1 347 
1 361 
1 386 
1 399 
1 411 
1 414 
1 440 
1 445 
1 451 
1 454 
1 478 
2 3 
2 4 
2 5 
2 6 
2 8 
2 10 
2 11 
2 12 
2 25 
2 31 
2 37 
2 41 
2 76 
2 80 
2 88 
2 121 
2 122 
2 148 
2 151 
2 154 
2 160 
2 163 
2 168 
2 178 
2 220 
2 239 
2 248 
2 257 
2 261 
2 281 
2 291 
2 292 
2 408 
2 441 
2 445 
2 462 
3 4 
3 5 
3 7 
3 11 
3 13 
3 21 
3 23 
3 36 
3 38 
3 49 
3 54 
3 59 
3 67 
3 83 
3 92 
3 123 
3 130 
3 159 
3 172 
3 177 
3 182 
3 183 
3 186 
3 199 
3 202 
3 223 
3 244 
3 278 
3 293 
3 294 
3 310 
3 326 
3 350 
3 353 
3 365 
3 381 
3 386 
3 405 
3 406 
3 409 
3 412 
3 438 
3 443 
3 451 
3 472 
3 487 
4 5 
4 6 
4 8 
4 9 
4 14 
4 20 
4 22 
4 26 
4 34 
4 56 
4 63 
4 72 
4 87 
4 107 
4 126 
4 136 
4 139 
4 150 
4 157 
4 167 
4 174 
4 178 
4 181 
4 215 
4 236 
4 255 
4 276 
4 285 
4 327 
4 336 
4 343 
4 364 
4 376 
4 417 
4 419 
4 444 
4 449 
4 457 
4 472 
5 6 
5 7 
5 11 
5 19 
5 20 
5 23 
5 25 
5 30 
5 40 
5 46 
5 48 
5 49 
5 61 
5 62 
5 76 
5 77 
5 89 
5 94 
5 95 
5 98 
5 103 
5 105 
5 111 
5 114 
5 118 
5 120 
5 141 
5 143 
5 157 
5 162 
5 173 
5 179 
5 201 
5 222 
5 244 
5 256 
5 286 
5 307 
5 311 
5 317 
5 369 
5 378 
5 390 
5 443 
5 446 
5 488 
6 7 
6 9 
6 17 
6 65 
6 66 
6 78 
6 83 
6 84 
6 86 
6 93 
6 94 
6 95 
6 117 
6 127 
6 131 
6 149 
6 219 
6 229 
6 231 
6 250 
6 270 
6 292 
6 296 
6 303 
6 361 
6 389 
6 450 
7 8 
7 46 
7 95 
7 159 
7 183 
7 277 
7 313 
7 321 
7 390 
7 405 
7 407 
7 424 
7 453 
7 495 
7 499 
8 13 
8 14 
8 22 
8 26 
8 27 
8 34 
8 35 
8 45 
8 68 
8 72 
8 83 
8 92 
8 97 
8 110 
8 113 
8 130 
8 135 
8 158 
8 162 
8 200 
8 215 
8 218 
8 237 
8 278 
8 289 
8 294 
8 304 
8 342 
8 345 
8 406 
8 483 
9 10 
9 12 
9 64 
9 67 
9 70 
9 71 
9 156 
9 166 
9 175 
9 178 
9 193 
9 207 
9 340 
9 393 
9 473 
10 16 
10 18 
10 36 
10 41 
10 45 
10 54 
10 56 
10 70 
10 74 
10 91 
10 97 
10 101 
10 114 
10 125 
10 149 
10 152 
10 159 
10 176 
10 198 
10 200 
10 205 
10 209 
10 213 
10 242 
10 246 
10 264 
10 283 
10 299 
10 319 
10 320 
10 330 
10 359 
10 360 
10 385 
10 421 
10 422 
10 431 
10 470 
10 471 
10 479 
11 13 
11 15 
11 17 
11 18 
11 19 
11 21 
11 23 
11 24 
11 26 
11 32 
11 36 
11 39 
11 44 
11 51 
11 57 
11 58 
11 61 
11 85 
11 90 
11 99 
11 102 
11 105 
11 107 
11 115 
11 116 
11 125 
11 136 
11 138 
11 164 
11 173 
11 178 
11 180 
11 192 
11 205 
11 206 
11 211 
11 217 
11 229 
11 249 
11 252 
11 253 
11 256 
11 262 
11 264 
11 273 
11 303 
11 315 
11 331 
11 347 
11 358 
11 363 
11 383 
11 388 
11 397 
11 401 
11 418 
11 428 
11 444 
11 472 
11 492 
12 44 
12 55 
12 72 
12 123 
12 147 
12 148 
12 150 
12 190 
12 407 
12 413 
12 473 
13 19 
13 24 
13 29 
13 40 
13 46 
13 48 
13 49 
13 59 
13 77 
13 79 
13 86 
13 108 
13 109 
13 136 
13 143 
13 166 
13 186 
13 195 
13 197 
13 203 
13 228 
13 263 
13 265 
13 294 
13 315 
13 319 
13 356 
13 374 
13 434 
13 448 
13 468 
13 499 
14 15 
14 17 
14 24 
14 27 
14 28 
14 31 
14 35 
14 37 
14 44 
14 53 
14 67 
14 75 
14 86 
14 102 
14 118 
14 119 
14 128 
14 149 
14 164 
14 176 
14 198 
14 207 
14 224 
14 245 
14 247 
14 268 
14 271 
14 273 
14 307 
14 378 
14 388 
14 412 
14 434 
14 471 
14 486 
15 16 
15 28 
15 32 
15 43 
15 44 
15 50 
15 57 
15 74 
15 93 
15 105 
15 127 
15 165 
15 175 
15 182 
15 191 
15 245 
15 249 
15 255 
15 314 
15 316 
15 318 
15 335 
15 371 
15 382 
15 391 
15 395 
15 397 
15 425 
16 18 
16 22 
16 23 
16 33 
16 39 
16 48 
16 53 
16 68 
16 71 
16 78 
16 82 
16 89 
16 97 
16 147 
16 153 
16 174 
16 202 
16 218 
16 316 
16 362 
16 442 
16 449 
16 477 
16 487 
17 28 
17 35 
17 36 
17 37 
17 39 
17 42 
17 45 
17 52 
17 54 
17 56 
17 58 
17 60 
17 66 
17 70 
17 72 
17 83 
17 94 
17 95 
17 133 
17 147 
17 154 
17 169 
17 179 
17 184 
17 199 
17 204 
17 211 
17 218 
17 233 
17 247 
17 272 
17 293 
17 296 
17 305 
17 310 
17 311 
17 320 
17 336 
17 358 
17 370 
17 396 
17 410 
17 449 
17 460 
17 478 
18 21 
18 38 
18 63 
18 109 
18 144 
18 167 
18 188 
18 209 
18 211 
18 246 
18 248 
18 428 
18 477 
18 495 
19 20 
19 22 
19 26 
19 30 
19 55 
19 97 
19 124 
19 131 
19 138 
19 142 
19 146 
19 153 
19 163 
19 227 
19 239 
19 294 
19 295 
19 313 
19 318 
19 332 
19 346 
19 430 
19 488 
19 489 
20 31 
20 45 
20 47 
20 73 
20 87 
20 90 
20 96 
20 275 
20 287 
20 300 
20 375 
20 466 
21 29 
21 30 
21 110 
21 206 
21 214 
21 292 
21 302 
21 342 
21 346 
21 374 
21 420 
21 476 
22 29 
22 133 
22 160 
22 184 
22 209 
22 235 
22 256 
22 307 
22 492 
23 24 
23 34 
23 37 
23 41 
23 43 
23 53 
23 99 
23 108 
23 133 
23 146 
23 158 
23 172 
23 180 
23 185 
23 238 
23 402 
23 453 
23 476 
24 62 
24 69 
24 106 
24 148 
24 153 
24 202 
24 203 
24 212 
24 282 
24 329 
24 351 
24 492 
25 29 
25 74 
25 76 
25 121 
25 129 
25 222 
25 260 
25 381 
25 384 
25 394 
26 30 
26 42 
26 55 
26 100 
26 112 
26 113 
26 202 
26 210 
26 241 
26 296 
26 323 
26 437 
27 31 
27 50 
27 58 
27 75 
27 99 
27 147 
27 176 
27 188 
27 194 
27 231 
27 240 
27 273 
27 280 
27 301 
27 422 
27 423 
27 426 
27 432 
27 443 
27 461 
28 64 
28 73 
28 106 
28 145 
28 158 
28 164 
28 251 
28 279 
28 341 
28 404 
28 430 
29 32 
29 41 
29 43 
29 64 
29 88 
29 127 
29 134 
29 139 
29 433 
29 444 
29 497 
30 33 
30 79 
30 121 
30 161 
30 201 
30 208 
30 222 
30 239 
30 265 
30 316 
30 442 
31 33 
31 38 
31 63 
31 66 
31 89 
31 101 
31 102 
31 125 
31 133 
31 135 
31 136 
31 156 
31 174 
31 196 
31 212 
31 251 
31 256 
31 309 
31 335 
31 351 
31 352 
31 365 
31 375 
31 427 
31 428 
31 460 
31 464 
31 474 
31 478 
32 40 
32 51 
32 82 
32 91 
32 115 
32 165 
32 192 
32 196 
32 198 
32 223 
32 230 
32 248 
32 253 
32 255 
32 278 
32 284 
32 310 
32 311 
32 428 
32 476 
32 489 
33 61 
33 75 
33 89 
33 111 
33 140 
33 148 
33 153 
33 163 
33 180 
33 198 
33 298 
33 362 
33 400 
33 450 
33 452 
34 42 
34 74 
34 174 
34 189 
34 207 
34 223 
34 227 
34 364 
34 482 
35 39 
35 47 
35 55 
35 65 
35 205 
35 206 
35 295 
35 326 
35 396 
36 75 
36 93 
36 155 
36 348 
36 379 
36 425 
36 469 
36 494 
37 43 
37 47 
37 49 
37 65 
37 66 
37 68 
37 79 
37 81 
37 85 
37 110 
37 131 
37 162 
37 180 
37 181 
37 201 
37 216 
37 232 
37 269 
37 311 
37 315 
37 324 
37 342 
37 381 
37 397 
37 403 
37 420 
37 447 
37 468 
38 42 
38 48 
38 50 
38 56 
38 69 
38 73 
38 80 
38 85 
38 138 
38 139 
38 150 
38 165 
38 168 
38 169 
38 184 
38 195 
38 251 
38 267 
38 297 
38 333 
38 362 
39 40 
39 51 
39 54 
39 58 
39 59 
39 62 
39 71 
39 78 
39 82 
39 91 
39 99 
39 106 
39 115 
39 121 
39 130 
39 132 
39 134 
39 137 
39 181 
39 197 
39 200 
39 223 
39 262 
39 266 
39 274 
39 279 
39 280 
39 300 
39 309 
39 314 
39 335 
39 350 
39 353 
39 364 
39 373 
39 420 
39 421 
39 424 
39 435 
39 491 
40 246 
40 415 
40 457 
41 146 
41 183 
41 185 
41 324 
41 335 
42 69 
42 362 
43 64 
43 65 
43 84 
43 103 
43 149 
43 447 
43 482 
43 486 
44 79 
44 101 
44 124 
44 142 
44 214 
44 217 
44 290 
44 308 
44 313 
45 60 
45 63 
45 76 
45 81 
45 111 
45 124 
45 236 
45 287 
45 349 
45 380 
45 456 
46 52 
46 109 
46 203 
46 275 
46 330 
46 386 
46 400 
46 456 
47 71 
47 87 
47 204 
47 240 
48 57 
48 61 
48 67 
48 80 
48 117 
48 173 
48 185 
48 210 
48 220 
48 316 
48 326 
48 338 
48 401 
48 404 
48 493 
49 51 
49 53 
49 60 
49 96 
49 116 
49 119 
49 150 
49 173 
49 229 
49 452 
49 470 
49 474 
50 60 
50 85 
50 103 
50 112 
50 119 
50 132 
50 152 
50 157 
50 187 
50 196 
50 221 
50 267 
50 287 
50 301 
50 356 
50 411 
50 418 
50 455 
50 480 
51 134 
51 151 
51 329 
51 338 
51 479 
52 69 
52 77 
52 88 
52 90 
52 108 
52 195 
52 215 
52 234 
52 264 
52 324 
52 379 
52 408 
52 418 
52 448 
52 459 
53 92 
53 94 
53 98 
53 210 
53 214 
53 227 
53 250 
53 463 
53 464 
54 107 
54 155 
54 288 
54 300 
54 344 
54 353 
54 366 
54 403 
54 484 
54 491 
55 59 
55 62 
55 101 
55 128 
55 129 
55 155 
55 158 
55 182 
55 326 
55 390 
55 398 
55 462 
55 463 
56 141 
56 308 
56 389 
57 107 
57 188 
57 213 
57 479 
58 73 
58 129 
58 163 
58 192 
58 208 
58 220 
58 248 
58 257 
58 298 
58 318 
58 353 
58 389 
58 395 
58 406 
59 68 
59 137 
59 145 
59 279 
59 344 
59 407 
59 461 
59 469 
59 482 
60 177 
60 197 
60 232 
60 280 
60 337 
60 366 
60 401 
60 431 
62 226 
62 383 
63 154 
64 224 
64 330 
64 481 
64 489 
65 128 
65 145 
65 212 
65 393 
66 234 
66 235 
66 258 
66 269 
66 299 
66 349 
66 354 
66 387 
67 114 
67 122 
67 171 
67 265 
67 270 
67 425 
68 282 
68 306 
68 392 
68 435 
68 460 
69 120 
69 123 
69 241 
70 84 
70 187 
70 350 
70 367 
70 378 
71 109 
71 117 
71 164 
71 186 
71 187 
71 341 
71 462 
72 127 
72 361 
72 365 
73 151 
74 81 
74 90 
74 98 
74 100 
74 104 
74 110 
74 122 
74 139 
74 145 
74 225 
74 230 
74 252 
74 276 
74 282 
74 375 
74 408 
74 432 
74 493 
75 490 
76 100 
76 141 
76 142 
76 161 
76 233 
76 244 
76 250 
76 254 
76 274 
76 299 
76 303 
76 381 
77 259 
77 467 
77 470 
78 87 
78 304 
78 498 
79 172 
79 189 
79 195 
79 221 
79 260 
79 330 
80 400 
82 231 
82 309 
82 334 
82 412 
82 413 
82 446 
82 467 
82 497 
83 120 
83 140 
83 227 
83 253 
83 468 
84 134 
84 171 
84 274 
84 309 
84 368 
84 461 
84 488 
85 104 
85 114 
85 132 
85 138 
85 234 
85 331 
85 367 
86 104 
86 232 
86 268 
86 323 
86 347 
86 363 
86 429 
87 113 
87 157 
87 217 
88 159 
88 186 
88 204 
88 284 
88 465 
88 493 
89 414 
90 258 
90 423 
91 96 
91 100 
91 120 
91 170 
91 191 
91 212 
91 284 
91 351 
91 355 
91 358 
91 429 
92 355 
92 366 
92 401 
93 131 
93 137 
93 142 
93 193 
93 216 
93 242 
93 244 
93 246 
93 260 
93 292 
93 319 
93 389 
94 371 
95 112 
95 135 
95 170 
95 175 
95 226 
95 235 
95 267 
95 283 
95 308 
95 328 
95 352 
95 477 
96 129 
96 140 
96 304 
96 338 
96 360 
96 384 
96 417 
97 424 
98 135 
98 144 
98 146 
98 161 
98 214 
98 268 
98 281 
98 298 
98 356 
98 388 
98 474 
100 243 
100 317 
100 322 
100 341 
100 435 
101 112 
101 171 
101 197 
101 218 
101 242 
101 456 
102 132 
102 291 
102 405 
102 409 
103 105 
103 128 
103 206 
103 249 
103 252 
103 343 
104 126 
104 144 
104 213 
104 217 
104 228 
104 297 
104 305 
104 433 
105 125 
105 155 
105 236 
105 357 
105 461 
105 469 
106 116 
106 156 
106 251 
106 301 
106 334 
106 369 
107 203 
107 372 
108 344 
108 417 
109 349 
110 116 
110 118 
110 123 
110 144 
110 165 
110 170 
110 179 
110 274 
110 280 
110 314 
110 339 
110 371 
110 449 
111 237 
111 242 
111 394 
112 124 
112 166 
112 185 
113 160 
113 221 
113 237 
113 306 
113 317 
113 367 
113 455 
114 277 
114 417 
114 439 
115 184 
115 302 
115 328 
115 459 
116 143 
116 193 
116 410 
117 118 
117 122 
117 156 
117 187 
117 196 
117 290 
117 392 
118 220 
118 225 
118 238 
118 324 
118 490 
119 230 
119 241 
119 341 
120 126 
120 213 
120 235 
120 287 
120 363 
121 259 
121 411 
123 167 
123 208 
123 219 
123 229 
123 352 
123 373 
123 391 
125 177 
125 194 
125 225 
125 291 
125 305 
125 392 
125 431 
126 243 
126 282 
126 290 
127 183 
127 189 
127 216 
128 243 
128 337 
128 477 
128 496 
129 161 
129 222 
129 261 
129 332 
129 360 
129 394 
129 424 
129 484 
130 190 
130 285 
130 327 
131 233 
131 272 
131 293 
131 369 
132 192 
132 468 
133 141 
133 160 
133 257 
133 297 
133 325 
133 409 
133 443 
134 140 
134 151 
134 162 
134 290 
134 314 
134 348 
134 414 
135 169 
135 189 
135 201 
136 339 
137 283 
137 337 
137 409 
137 427 
137 487 
138 181 
138 232 
138 277 
138 321 
138 393 
138 433 
138 480 
139 190 
139 205 
139 301 
139 340 
139 413 
139 469 
139 496 
141 258 
141 340 
141 476 
142 304 
142 492 
143 225 
143 245 
144 207 
144 240 
145 372 
145 398 
145 494 
146 271 
146 376 
146 481 
147 194 
147 382 
147 405 
148 402 
149 152 
149 283 
149 306 
149 496 
150 436 
151 327 
151 392 
152 216 
152 288 
152 322 
152 497 
154 167 
154 332 
154 440 
154 454 
155 281 
155 333 
155 412 
155 458 
157 397 
158 221 
158 245 
158 271 
158 322 
158 419 
159 398 
160 190 
160 204 
160 224 
160 305 
160 357 
160 380 
162 172 
162 200 
163 278 
163 366 
163 465 
164 480 
164 488 
165 166 
165 168 
165 211 
166 191 
166 254 
166 384 
166 441 
166 472 
167 209 
167 302 
168 169 
168 407 
168 484 
169 266 
169 272 
169 334 
169 348 
169 374 
169 441 
170 175 
170 240 
170 303 
170 375 
170 466 
171 332 
171 372 
171 402 
173 238 
174 275 
174 295 
175 176 
175 237 
175 273 
175 336 
175 342 
175 438 
175 462 
176 437 
177 199 
177 325 
177 408 
177 429 
178 261 
178 267 
178 284 
178 302 
178 310 
178 479 
179 255 
179 427 
182 250 
182 318 
182 415 
182 434 
184 344 
184 377 
184 413 
185 226 
185 275 
185 426 
185 431 
185 438 
187 312 
188 249 
188 261 
188 271 
188 482 
188 486 
190 423 
190 438 
191 262 
191 289 
191 368 
192 258 
192 320 
192 423 
193 384 
193 455 
195 228 
195 263 
195 368 
195 395 
195 439 
196 208 
196 233 
196 236 
196 247 
196 259 
196 266 
196 338 
198 343 
199 475 
199 491 
200 331 
200 370 
200 391 
200 410 
200 446 
201 270 
201 440 
201 489 
203 263 
203 380 
203 399 
203 404 
204 239 
204 373 
204 432 
204 490 
205 219 
205 234 
205 345 
205 457 
206 219 
208 228 
208 463 
209 279 
209 286 
209 354 
209 377 
210 270 
213 387 
213 445 
214 268 
214 312 
214 346 
216 263 
216 370 
217 288 
219 481 
220 306 
221 226 
223 241 
225 296 
226 420 
226 485 
228 262 
228 328 
228 349 
228 368 
229 276 
229 359 
230 253 
231 350 
231 382 
231 416 
231 470 
232 254 
232 259 
232 265 
232 315 
232 359 
233 410 
234 361 
235 286 
235 313 
236 433 
237 298 
237 329 
237 436 
237 464 
238 351 
238 447 
238 464 
239 281 
239 398 
240 243 
241 343 
241 452 
242 277 
242 327 
243 333 
243 367 
243 437 
244 264 
244 430 
245 419 
245 422 
247 485 
248 293 
249 376 
251 354 
251 444 
252 425 
255 266 
255 289 
255 355 
255 364 
255 383 
255 391 
255 400 
256 387 
256 452 
257 329 
257 356 
257 440 
258 260 
260 312 
260 336 
260 346 
260 445 
260 466 
260 493 
261 269 
261 322 
261 379 
261 475 
262 473 
265 276 
266 359 
266 404 
267 300 
268 325 
268 388 
270 291 
270 363 
270 451 
270 483 
273 439 
274 288 
274 308 
274 321 
274 390 
274 484 
275 317 
276 323 
277 321 
278 387 
281 379 
281 432 
281 485 
282 285 
283 394 
283 490 
285 416 
286 340 
286 419 
288 320 
288 396 
289 457 
291 396 
293 339 
294 333 
294 458 
295 465 
296 399 
297 299 
297 312 
297 382 
298 494 
299 370 
299 402 
301 377 
301 406 
302 323 
303 403 
304 491 
307 345 
307 494 
309 328 
309 416 
309 426 
312 325 
312 451 
314 386 
317 480 
318 385 
318 446 
319 383 
319 466 
319 471 
320 436 
320 474 
324 430 
326 357 
326 442 
327 372 
327 442 
327 455 
328 337 
329 369 
331 416 
333 355 
335 499 
336 371 
337 373 
337 429 
337 459 
338 348 
338 415 
338 475 
342 360 
342 418 
345 447 
349 459 
350 380 
350 393 
353 378 
354 357 
354 376 
354 399 
354 414 
354 481 
357 422 
362 467 
363 450 
363 478 
364 427 
364 441 
365 426 
365 436 
365 454 
367 415 
369 421 
369 453 
371 421 
372 435 
373 475 
376 403 
377 483 
379 395 
381 385 
389 454 
390 498 
391 460 
392 463 
394 458 
399 448 
404 465 
404 495 
405 448 
407 458 
410 411 
411 498 
421 437 
425 453 
429 439 
430 434 
432 471 
434 499 
436 456 
441 496 
441 498 
445 487 
448 497 
455 485 
463 495 
