false
false
500
1988
0 1 
0 3 
0 4 
0 5 
0 6 
0 7 
0 10 
0 11 
0 12 
0 13 
0 16 
0 20 
0 34 
0 47 
0 53 
0 58 
0 62 
0 72 
0 86 
0 87 
0 90 
0 117 
0 119 
0 120 
0 132 
0 134 
0 147 
0 150 
0 165 
0 202 
0 215 
0 220 
0 223 
0 224 
0 236 
0 247 
0 250 
0 257 
0 285 
0 302 
0 312 
0 317 
0 319 
0 335 
0 342 
0 350 
0 371 
0 376 
0 377 
0 381 
0 398 
0 410 
0 414 
0 428 
0 430 
0 432 
0 442 
0 452 
0 473 
1 2 
1 4 
1 13 
1 17 
1 21 
1 27 
1 38 
1 63 
1 94 
1 101 
1 104 
1 107 
1 136 
1 177 
1 287 
1 331 
1 334 
1 392 
1 404 
1 469 
2 3 
2 4 
2 5 
2 6 
2 8 
2 9 
2 10 
2 12 
2 16 
2 29 
2 35 
2 40 
2 58 
2 72 
2 80 
2 114 
2 117 
2 121 
2 130 
2 131 
2 146 
2 158 
2 213 
2 217 
2 240 
2 250 
2 286 
2 339 
2 382 
2 435 
2 465 
2 482 
3 4 
3 5 
3 7 
3 8 
3 9 
3 11 
3 12 
3 15 
3 16 
3 23 
3 24 
3 26 
3 28 
3 32 
3 37 
3 43 
3 44 
3 50 
3 51 
3 57 
3 61 
3 75 
3 82 
3 85 
3 87 
3 94 
3 95 
3 105 
3 108 
3 110 
3 119 
3 120 
3 124 
3 133 
3 140 
3 142 
3 151 
3 154 
3 157 
3 163 
3 165 
3 170 
3 184 
3 188 
3 196 
3 204 
3 217 
3 240 
3 242 
3 243 
3 276 
3 311 
3 320 
3 324 
3 326 
3 331 
3 334 
3 335 
3 336 
3 339 
3 345 
3 347 
3 351 
3 353 
3 392 
3 393 
3 395 
3 399 
3 421 
3 440 
3 444 
4 5 
4 6 
4 7 
4 9 
4 14 
4 15 
4 17 
4 21 
4 22 
4 26 
4 31 
4 33 
4 41 
4 42 
4 43 
4 57 
4 72 
4 73 
4 76 
4 78 
4 85 
4 88 
4 90 
4 91 
4 105 
4 109 
4 111 
4 118 
4 120 
4 142 
4 145 
4 180 
4 181 
4 182 
4 187 
4 203 
4 284 
4 291 
4 309 
4 316 
4 344 
4 352 
4 369 
4 459 
4 460 
4 471 
4 472 
5 6 
5 7 
5 8 
5 10 
5 11 
5 13 
5 15 
5 17 
5 18 
5 25 
5 34 
5 35 
5 36 
5 44 
5 46 
5 54 
5 64 
5 69 
5 76 
5 84 
5 89 
5 117 
5 118 
5 129 
5 136 
5 147 
5 172 
5 183 
5 185 
5 190 
5 199 
5 225 
5 227 
5 252 
5 261 
5 262 
5 271 
5 279 
5 300 
5 303 
5 306 
5 345 
5 387 
5 391 
5 471 
5 475 
5 476 
5 484 
5 498 
6 16 
6 17 
6 29 
6 41 
6 65 
6 66 
6 73 
6 80 
6 133 
6 146 
6 162 
6 198 
6 200 
6 245 
6 255 
6 265 
6 289 
6 299 
6 301 
6 324 
6 346 
6 387 
6 388 
6 402 
6 422 
6 452 
7 8 
7 10 
7 12 
7 14 
7 19 
7 27 
7 30 
7 31 
7 34 
7 35 
7 39 
7 46 
7 47 
7 49 
7 55 
7 59 
7 61 
7 65 
7 70 
7 75 
7 77 
7 92 
7 93 
7 96 
7 100 
7 103 
7 107 
7 113 
7 116 
7 118 
7 120 
7 122 
7 124 
7 142 
7 147 
7 163 
7 176 
7 182 
7 231 
7 257 
7 261 
7 268 
7 288 
7 293 
7 298 
7 360 
7 367 
7 385 
7 412 
7 416 
7 429 
7 448 
7 454 
7 457 
7 460 
7 481 
8 9 
8 14 
8 19 
8 36 
8 45 
8 78 
8 84 
8 97 
8 132 
8 191 
8 205 
8 208 
8 239 
8 260 
8 261 
8 268 
8 269 
8 289 
8 397 
8 408 
8 418 
8 443 
8 445 
8 494 
9 11 
9 21 
9 22 
9 42 
9 56 
9 65 
9 70 
9 81 
9 90 
9 97 
9 113 
9 119 
9 129 
9 137 
9 140 
9 144 
9 160 
9 185 
9 186 
9 284 
9 304 
9 331 
9 477 
9 489 
9 494 
10 13 
10 18 
10 19 
10 20 
10 21 
10 22 
10 23 
10 24 
10 29 
10 39 
10 55 
10 69 
10 160 
10 189 
10 356 
10 429 
10 442 
10 481 
10 483 
11 14 
11 18 
11 76 
11 81 
11 101 
11 104 
11 106 
11 113 
11 123 
11 186 
11 232 
11 272 
11 299 
11 302 
11 350 
11 354 
11 364 
11 376 
11 395 
11 409 
11 429 
11 437 
12 19 
12 20 
12 25 
12 35 
12 37 
12 45 
12 54 
12 67 
12 71 
12 75 
12 81 
12 91 
12 102 
12 133 
12 136 
12 139 
12 146 
12 148 
12 154 
12 156 
12 163 
12 175 
12 191 
12 192 
12 196 
12 225 
12 226 
12 251 
12 255 
12 266 
12 271 
12 286 
12 287 
12 318 
12 344 
12 353 
12 365 
12 388 
12 389 
12 411 
12 414 
12 463 
13 15 
13 27 
13 29 
13 30 
13 36 
13 38 
13 44 
13 53 
13 57 
13 58 
13 63 
13 71 
13 85 
13 88 
13 99 
13 102 
13 126 
13 152 
13 161 
13 162 
13 178 
13 188 
13 213 
13 219 
13 239 
13 249 
13 262 
13 304 
13 307 
13 316 
13 403 
14 45 
14 51 
14 53 
14 60 
14 103 
14 149 
14 173 
14 206 
14 221 
14 238 
14 242 
14 245 
14 255 
14 273 
14 288 
14 297 
14 305 
14 308 
14 319 
14 335 
14 337 
14 338 
14 401 
14 416 
14 459 
15 18 
15 65 
15 105 
15 143 
15 285 
15 349 
15 355 
15 405 
15 489 
16 27 
16 42 
16 53 
16 66 
16 72 
16 79 
16 96 
16 112 
16 121 
16 140 
16 220 
16 224 
16 427 
16 440 
16 480 
17 24 
17 25 
17 26 
17 28 
17 39 
17 40 
17 46 
17 48 
17 50 
17 60 
17 63 
17 66 
17 74 
17 77 
17 78 
17 84 
17 89 
17 97 
17 98 
17 126 
17 139 
17 143 
17 144 
17 146 
17 147 
17 150 
17 175 
17 177 
17 181 
17 193 
17 204 
17 210 
17 221 
17 222 
17 232 
17 242 
17 250 
17 256 
17 275 
17 281 
17 298 
17 301 
17 308 
17 314 
17 334 
17 346 
17 356 
17 362 
17 363 
17 380 
17 422 
17 458 
17 460 
17 488 
17 496 
17 498 
18 23 
18 28 
18 33 
18 48 
18 52 
18 62 
18 64 
18 83 
18 85 
18 97 
18 99 
18 106 
18 136 
18 150 
18 155 
18 164 
18 171 
18 181 
18 188 
18 196 
18 258 
18 419 
18 450 
18 457 
18 461 
18 473 
18 478 
19 20 
19 33 
19 40 
19 57 
19 100 
19 111 
19 128 
19 135 
19 151 
19 153 
19 161 
19 197 
19 200 
19 224 
19 239 
19 248 
19 258 
19 263 
19 279 
19 294 
19 328 
19 339 
19 399 
19 410 
20 23 
20 28 
20 32 
20 36 
20 77 
20 82 
20 138 
20 165 
20 172 
20 223 
20 242 
20 277 
20 295 
20 404 
20 443 
20 448 
21 22 
21 26 
21 32 
21 55 
21 63 
21 73 
21 77 
21 84 
21 117 
21 121 
21 122 
21 167 
21 177 
21 179 
21 199 
21 216 
21 235 
21 251 
21 254 
21 256 
21 258 
21 290 
21 296 
21 343 
21 394 
21 407 
21 437 
21 498 
22 24 
22 50 
22 170 
22 310 
22 334 
22 425 
22 462 
23 54 
23 62 
23 134 
23 144 
23 220 
23 236 
23 320 
23 322 
23 327 
23 354 
23 394 
23 405 
23 436 
24 25 
24 33 
24 43 
24 54 
24 95 
24 128 
24 137 
24 288 
24 348 
24 411 
25 31 
25 32 
25 44 
25 68 
25 93 
25 98 
25 103 
25 116 
25 135 
25 156 
25 171 
25 214 
25 231 
25 233 
25 267 
25 278 
25 303 
25 308 
25 374 
25 407 
25 448 
25 472 
25 480 
26 30 
26 38 
26 45 
26 52 
26 59 
26 108 
26 133 
26 153 
26 187 
26 374 
26 437 
26 438 
27 30 
27 37 
27 39 
27 47 
27 51 
27 62 
27 71 
27 74 
27 79 
27 90 
27 108 
27 137 
27 145 
27 164 
27 191 
27 197 
27 203 
27 247 
27 253 
27 305 
27 328 
27 402 
27 493 
27 494 
28 46 
28 50 
28 56 
28 80 
28 87 
28 111 
28 123 
28 169 
28 179 
28 256 
28 343 
28 357 
28 360 
28 473 
29 34 
29 64 
29 148 
29 254 
29 273 
29 465 
30 31 
30 75 
30 83 
30 92 
30 106 
30 111 
30 127 
30 132 
30 166 
30 282 
30 318 
30 332 
30 335 
30 453 
30 495 
31 41 
31 126 
31 138 
31 150 
31 206 
31 240 
31 253 
31 256 
31 280 
31 291 
31 400 
31 425 
31 487 
32 78 
32 427 
33 70 
33 86 
33 115 
33 151 
33 202 
33 237 
33 251 
33 362 
33 389 
33 411 
33 486 
34 37 
34 43 
34 69 
34 70 
34 82 
34 92 
34 99 
34 128 
34 207 
34 249 
34 274 
34 301 
34 386 
34 426 
35 69 
35 170 
35 207 
35 265 
35 384 
36 49 
36 52 
36 60 
36 67 
36 100 
36 114 
36 218 
36 228 
36 241 
36 296 
36 328 
36 433 
36 492 
37 38 
37 40 
37 42 
37 49 
37 67 
37 114 
37 158 
37 254 
37 349 
37 398 
37 477 
37 491 
38 41 
38 48 
38 49 
38 52 
38 60 
38 66 
38 68 
38 124 
38 127 
38 139 
38 163 
38 199 
38 207 
38 209 
38 221 
38 347 
38 393 
38 424 
39 220 
39 264 
39 364 
40 95 
40 132 
40 159 
40 180 
40 204 
40 348 
40 370 
40 445 
41 76 
41 86 
41 103 
41 115 
41 128 
41 134 
41 262 
41 283 
41 329 
41 343 
41 471 
42 56 
42 138 
42 161 
42 236 
42 319 
42 384 
42 427 
42 459 
43 48 
43 51 
43 71 
43 170 
43 238 
43 273 
43 354 
43 434 
43 444 
43 476 
44 59 
44 194 
44 391 
44 467 
45 80 
45 81 
45 145 
45 467 
46 47 
46 56 
46 58 
46 61 
46 74 
46 109 
46 148 
46 157 
46 178 
46 188 
46 246 
46 248 
46 300 
46 313 
46 344 
46 358 
46 359 
46 374 
46 377 
46 402 
46 403 
46 409 
46 469 
47 260 
47 350 
48 279 
48 314 
49 55 
49 208 
49 217 
49 252 
49 391 
49 463 
49 492 
50 178 
50 192 
50 214 
50 373 
50 441 
50 452 
50 453 
51 59 
51 118 
51 183 
51 184 
51 282 
51 311 
51 346 
51 378 
51 390 
51 408 
51 418 
51 490 
52 224 
52 274 
52 482 
53 88 
53 91 
53 112 
53 122 
53 125 
53 259 
53 301 
53 324 
53 401 
53 442 
53 491 
54 101 
54 127 
54 200 
54 213 
54 216 
54 277 
54 372 
54 461 
54 462 
55 64 
55 160 
55 174 
55 189 
55 195 
55 219 
55 229 
55 321 
55 372 
55 391 
55 396 
55 397 
55 475 
56 88 
56 131 
56 201 
56 249 
56 285 
56 315 
56 346 
56 371 
56 468 
57 67 
57 68 
57 100 
57 121 
57 156 
57 230 
57 345 
57 420 
57 423 
57 439 
58 61 
58 86 
58 92 
58 130 
58 197 
58 206 
58 305 
58 366 
58 400 
59 102 
59 141 
59 143 
59 164 
59 241 
60 73 
60 93 
60 94 
60 159 
60 192 
60 223 
60 312 
60 400 
60 448 
61 68 
61 98 
61 125 
61 127 
61 131 
61 135 
61 140 
61 143 
61 152 
61 182 
61 190 
61 192 
61 194 
61 291 
61 310 
61 314 
61 376 
61 383 
61 392 
61 398 
61 496 
62 89 
62 96 
62 104 
62 107 
62 209 
62 290 
62 333 
62 367 
62 394 
62 424 
63 153 
63 230 
63 358 
63 372 
63 407 
63 425 
63 438 
64 83 
64 212 
64 225 
64 226 
64 260 
64 275 
64 401 
64 413 
64 481 
65 219 
65 420 
66 230 
66 294 
67 74 
67 79 
67 99 
67 101 
67 105 
67 130 
67 152 
67 168 
67 244 
67 268 
67 277 
67 402 
67 468 
68 412 
68 472 
68 490 
69 89 
69 94 
69 109 
69 119 
69 129 
69 162 
69 174 
69 176 
69 184 
69 190 
69 195 
69 217 
69 255 
69 283 
69 296 
69 406 
69 431 
70 79 
70 214 
70 359 
71 123 
71 245 
71 362 
71 388 
71 484 
72 292 
73 83 
73 93 
73 96 
73 153 
73 267 
73 304 
73 327 
73 330 
73 418 
74 104 
74 129 
74 152 
74 176 
74 197 
74 202 
74 294 
74 306 
74 386 
75 87 
75 179 
75 293 
75 310 
75 311 
75 465 
75 482 
75 491 
76 173 
76 232 
76 441 
77 321 
77 351 
78 141 
78 158 
78 182 
78 307 
78 403 
78 408 
79 139 
79 410 
80 102 
80 211 
80 269 
80 278 
80 280 
81 82 
81 110 
81 112 
81 234 
81 240 
81 253 
81 259 
81 266 
81 370 
81 406 
81 416 
81 479 
82 125 
82 142 
82 149 
82 195 
82 221 
82 233 
82 266 
82 269 
82 274 
82 290 
82 295 
82 352 
82 360 
82 401 
82 418 
82 431 
82 434 
82 439 
83 95 
83 226 
83 348 
83 358 
84 110 
84 218 
84 292 
84 378 
84 428 
85 125 
85 179 
85 208 
85 338 
85 422 
85 447 
86 91 
86 112 
86 151 
86 173 
86 225 
86 239 
86 302 
86 303 
86 332 
86 349 
86 360 
86 436 
86 477 
86 478 
87 122 
87 141 
87 211 
87 279 
87 287 
87 374 
87 445 
87 492 
88 375 
89 109 
89 339 
89 446 
89 483 
90 168 
90 257 
91 108 
91 123 
91 141 
91 212 
91 295 
91 322 
91 396 
91 406 
91 482 
92 98 
92 106 
92 237 
92 244 
92 263 
92 272 
92 273 
92 298 
92 308 
92 345 
92 377 
92 409 
92 413 
93 219 
93 298 
93 376 
93 416 
93 457 
94 116 
94 124 
94 227 
94 246 
94 307 
95 287 
96 157 
96 344 
96 433 
96 491 
97 115 
97 185 
97 227 
97 233 
97 381 
97 412 
98 110 
98 114 
98 226 
98 283 
98 297 
98 306 
98 420 
98 441 
98 470 
99 144 
99 354 
99 450 
100 107 
100 126 
101 174 
101 186 
101 323 
101 470 
101 478 
102 131 
102 186 
102 187 
102 213 
102 270 
102 341 
102 366 
103 194 
103 222 
103 230 
103 258 
103 297 
103 340 
103 342 
103 423 
103 438 
103 467 
104 286 
104 383 
105 155 
105 369 
105 409 
106 134 
106 195 
106 202 
106 205 
106 210 
106 272 
106 281 
106 348 
106 378 
106 387 
106 414 
106 424 
106 431 
107 116 
107 145 
107 216 
107 232 
107 267 
107 323 
107 383 
107 488 
108 155 
108 231 
108 237 
108 356 
108 469 
108 474 
108 495 
109 113 
109 384 
111 177 
111 363 
111 390 
112 115 
112 130 
112 137 
112 193 
112 297 
112 382 
112 417 
112 484 
112 490 
112 497 
113 288 
113 396 
113 462 
114 156 
114 169 
114 176 
114 183 
114 215 
114 228 
114 276 
114 342 
114 371 
114 420 
114 475 
115 135 
115 300 
115 495 
116 148 
116 162 
116 207 
116 238 
116 262 
116 267 
116 270 
116 388 
116 408 
117 352 
117 393 
117 464 
118 174 
118 201 
118 277 
120 209 
120 210 
120 243 
120 313 
120 474 
121 320 
122 251 
122 271 
122 278 
122 304 
122 435 
123 185 
124 198 
124 208 
124 265 
124 350 
124 426 
125 159 
125 183 
125 201 
125 248 
125 278 
125 425 
125 438 
125 453 
126 228 
126 235 
126 317 
127 149 
127 154 
127 178 
127 190 
127 193 
127 205 
127 235 
127 264 
127 316 
127 317 
127 337 
127 373 
127 435 
127 441 
128 390 
129 138 
129 330 
129 483 
130 149 
130 205 
130 323 
130 355 
130 485 
131 168 
131 198 
132 497 
133 167 
133 292 
133 357 
133 421 
133 462 
134 245 
134 253 
134 426 
135 168 
135 181 
135 229 
135 318 
136 268 
137 338 
137 373 
137 436 
138 173 
138 246 
138 276 
138 423 
138 490 
140 155 
140 325 
140 405 
140 479 
140 493 
141 154 
141 160 
141 290 
141 338 
141 356 
141 399 
142 165 
142 204 
142 215 
142 229 
142 280 
142 281 
142 329 
142 406 
142 449 
143 247 
143 311 
143 430 
143 474 
144 158 
144 159 
144 254 
144 480 
145 167 
145 222 
146 214 
147 171 
147 180 
147 215 
147 244 
147 359 
147 433 
148 211 
148 329 
148 415 
149 211 
149 231 
149 243 
150 164 
150 166 
150 167 
150 172 
150 184 
150 218 
150 309 
150 312 
150 333 
150 366 
150 497 
151 193 
151 194 
151 265 
151 414 
151 419 
152 166 
152 282 
152 315 
152 330 
152 365 
152 397 
152 470 
153 266 
153 381 
153 429 
154 250 
154 456 
155 161 
155 285 
155 486 
156 157 
156 198 
156 455 
157 175 
157 322 
157 361 
157 413 
157 466 
158 169 
158 461 
159 212 
159 234 
160 187 
160 199 
160 252 
160 270 
160 485 
161 169 
161 175 
161 365 
161 417 
162 166 
162 447 
163 200 
163 227 
163 397 
164 244 
164 341 
164 361 
165 201 
166 210 
166 353 
166 398 
166 444 
167 260 
167 327 
168 171 
168 180 
168 368 
169 172 
169 191 
169 233 
169 336 
169 368 
170 212 
170 459 
171 499 
172 209 
172 375 
172 487 
173 196 
173 384 
173 463 
174 228 
174 325 
174 378 
174 423 
176 252 
177 203 
177 451 
177 456 
178 189 
179 300 
179 309 
180 203 
181 237 
181 331 
181 343 
181 380 
182 328 
182 411 
182 450 
183 264 
183 281 
183 292 
183 392 
183 394 
184 248 
184 257 
184 370 
184 381 
184 410 
184 464 
185 456 
186 189 
186 289 
186 306 
186 325 
188 321 
189 443 
190 481 
191 303 
191 353 
191 385 
191 455 
191 458 
192 222 
192 264 
192 342 
195 259 
195 284 
196 274 
196 428 
197 296 
198 206 
198 241 
199 469 
199 474 
200 216 
200 259 
200 449 
201 235 
201 363 
201 451 
201 466 
201 488 
202 320 
203 236 
203 243 
203 492 
204 276 
204 313 
204 390 
204 431 
204 488 
204 489 
206 465 
207 323 
209 223 
209 241 
210 341 
211 218 
211 234 
211 291 
211 327 
211 329 
211 382 
212 430 
212 445 
214 246 
214 314 
216 358 
217 263 
217 457 
217 477 
218 238 
218 293 
218 321 
218 340 
219 229 
219 299 
219 407 
220 305 
220 309 
220 486 
220 487 
221 333 
223 293 
223 367 
223 375 
223 460 
223 476 
225 415 
226 234 
226 375 
227 347 
228 295 
229 286 
229 289 
229 310 
229 336 
229 337 
229 349 
229 385 
230 326 
230 393 
230 454 
231 432 
232 336 
233 316 
233 326 
234 249 
234 271 
234 317 
234 347 
234 440 
235 463 
237 247 
237 275 
239 379 
239 440 
240 302 
240 325 
240 361 
240 363 
240 368 
240 444 
241 383 
244 263 
248 270 
248 405 
251 352 
251 485 
252 272 
252 312 
252 372 
253 261 
253 269 
253 417 
253 434 
254 368 
255 275 
255 280 
255 369 
255 419 
257 282 
257 284 
257 436 
258 315 
258 446 
259 294 
259 486 
260 450 
262 355 
263 357 
263 458 
264 437 
264 451 
265 319 
265 421 
265 454 
265 476 
267 412 
268 318 
268 386 
270 456 
271 313 
271 355 
271 380 
271 404 
271 435 
271 466 
272 351 
272 426 
274 322 
274 371 
274 468 
274 493 
276 395 
278 337 
279 283 
279 362 
279 395 
280 307 
281 340 
281 432 
282 330 
282 389 
283 324 
284 389 
284 446 
287 332 
288 341 
289 447 
290 369 
291 340 
291 419 
291 453 
292 357 
292 464 
293 332 
293 373 
294 370 
295 299 
295 439 
297 364 
298 379 
298 497 
299 461 
300 495 
301 458 
303 421 
303 439 
306 379 
306 473 
307 385 
310 399 
310 433 
310 472 
311 315 
311 489 
312 434 
312 479 
315 417 
316 377 
316 403 
316 415 
317 333 
317 494 
318 326 
318 351 
318 387 
321 382 
321 415 
323 400 
323 432 
323 480 
325 443 
326 422 
328 367 
328 430 
330 366 
330 380 
330 479 
333 359 
333 475 
333 499 
334 361 
334 379 
335 484 
337 467 
339 451 
340 485 
344 499 
348 364 
354 396 
356 424 
357 365 
364 404 
371 446 
372 470 
373 471 
374 386 
380 468 
382 466 
388 455 
396 478 
398 487 
405 413 
408 428 
408 498 
409 449 
414 499 
415 454 
415 483 
424 427 
425 442 
429 496 
430 464 
435 447 
435 452 
438 449 
448 455 
461 493 
491 496 
