false
false
500
1988
0 1 
0 3 
0 4 
0 14 
0 17 
0 147 
0 152 
0 159 
0 175 
0 176 
0 178 
0 195 
0 223 
0 228 
0 258 
0 267 
0 333 
0 342 
0 357 
0 430 
0 485 
0 487 
1 2 
1 4 
1 5 
1 7 
1 9 
1 10 
1 12 
1 15 
1 16 
1 23 
1 26 
1 32 
1 33 
1 36 
1 37 
1 38 
1 45 
1 54 
1 58 
1 62 
1 63 
1 71 
1 81 
1 84 
1 86 
1 89 
1 94 
1 114 
1 116 
1 130 
1 131 
1 136 
1 145 
1 147 
1 157 
1 164 
1 194 
1 196 
1 207 
1 220 
1 221 
1 245 
1 260 
1 270 
1 277 
1 280 
1 293 
1 297 
1 302 
1 305 
1 311 
1 313 
1 333 
1 337 
1 339 
1 348 
1 372 
1 379 
1 394 
1 407 
1 444 
1 445 
1 455 
1 456 
1 469 
1 470 
1 471 
1 481 
1 486 
2 3 
2 4 
2 5 
2 6 
2 8 
2 9 
2 12 
2 17 
2 19 
2 20 
2 21 
2 24 
2 28 
2 29 
2 30 
2 34 
2 35 
2 41 
2 42 
2 44 
2 47 
2 49 
2 50 
2 51 
2 58 
2 60 
2 62 
2 64 
2 69 
2 71 
2 73 
2 83 
2 90 
2 100 
2 101 
2 108 
2 111 
2 116 
2 126 
2 137 
2 141 
2 147 
2 158 
2 171 
2 178 
2 189 
2 203 
2 208 
2 214 
2 216 
2 235 
2 259 
2 273 
2 301 
2 302 
2 306 
2 311 
2 327 
2 328 
2 350 
2 369 
2 373 
2 383 
2 388 
2 403 
2 418 
2 419 
2 429 
2 432 
2 447 
2 466 
3 4 
3 5 
3 6 
3 10 
3 14 
3 15 
3 17 
3 24 
3 29 
3 45 
3 48 
3 49 
3 53 
3 55 
3 61 
3 81 
3 95 
3 102 
3 123 
3 135 
3 166 
3 184 
3 214 
3 340 
3 351 
3 352 
3 380 
3 391 
3 393 
3 396 
3 412 
3 418 
4 5 
4 6 
4 7 
4 8 
4 9 
4 11 
4 18 
4 28 
4 30 
4 31 
4 32 
4 35 
4 40 
4 41 
4 46 
4 48 
4 50 
4 53 
4 55 
4 56 
4 57 
4 64 
4 76 
4 84 
4 87 
4 97 
4 100 
4 101 
4 106 
4 113 
4 114 
4 128 
4 134 
4 137 
4 149 
4 171 
4 178 
4 196 
4 218 
4 221 
4 233 
4 253 
4 255 
4 283 
4 297 
4 300 
4 306 
4 309 
4 325 
4 338 
4 346 
4 349 
4 377 
4 381 
4 395 
4 431 
4 432 
4 452 
4 454 
4 460 
4 488 
5 6 
5 7 
5 8 
5 10 
5 19 
5 29 
5 31 
5 32 
5 33 
5 67 
5 69 
5 76 
5 78 
5 80 
5 82 
5 86 
5 107 
5 108 
5 113 
5 121 
5 136 
5 146 
5 148 
5 159 
5 177 
5 189 
5 277 
5 358 
5 384 
5 413 
5 435 
5 451 
5 473 
5 496 
5 499 
6 7 
6 10 
6 11 
6 15 
6 22 
6 25 
6 40 
6 55 
6 59 
6 62 
6 69 
6 122 
6 172 
6 174 
6 181 
6 283 
6 298 
6 317 
6 320 
6 356 
6 358 
6 360 
6 417 
6 423 
6 432 
6 460 
6 484 
7 8 
7 9 
7 11 
7 12 
7 13 
7 14 
7 18 
7 22 
7 23 
7 25 
7 26 
7 31 
7 36 
7 43 
7 46 
7 56 
7 58 
7 60 
7 71 
7 94 
7 103 
7 120 
7 140 
7 163 
7 169 
7 177 
7 179 
7 181 
7 200 
7 224 
7 244 
7 251 
7 252 
7 254 
7 280 
7 282 
7 287 
7 301 
7 310 
7 321 
7 335 
7 339 
7 354 
7 364 
7 386 
7 388 
7 406 
7 407 
7 408 
7 434 
7 436 
7 466 
7 489 
8 11 
8 13 
8 18 
8 24 
8 29 
8 36 
8 38 
8 51 
8 54 
8 61 
8 65 
8 71 
8 75 
8 91 
8 94 
8 98 
8 103 
8 104 
8 120 
8 138 
8 165 
8 203 
8 220 
8 232 
8 240 
8 288 
8 322 
8 325 
8 360 
8 433 
8 475 
8 483 
8 487 
9 13 
9 15 
9 18 
9 20 
9 22 
9 26 
9 28 
9 47 
9 52 
9 53 
9 66 
9 68 
9 69 
9 83 
9 95 
9 131 
9 164 
9 173 
9 190 
9 242 
9 258 
9 268 
9 271 
9 279 
9 296 
9 321 
9 330 
9 341 
9 349 
9 359 
9 367 
9 427 
9 453 
9 478 
10 16 
10 23 
10 35 
10 44 
10 45 
10 46 
10 52 
10 63 
10 72 
10 73 
10 77 
10 79 
10 85 
10 88 
10 93 
10 105 
10 169 
10 181 
10 198 
10 207 
10 225 
10 238 
10 245 
10 246 
10 265 
10 274 
10 293 
10 317 
10 370 
10 426 
10 431 
10 464 
10 468 
10 493 
11 12 
11 21 
11 27 
11 39 
11 54 
11 66 
11 67 
11 79 
11 127 
11 130 
11 151 
11 182 
11 199 
11 220 
11 232 
11 253 
11 298 
11 315 
11 317 
11 340 
11 357 
11 396 
11 401 
11 414 
12 13 
12 14 
12 16 
12 20 
12 23 
12 30 
12 31 
12 36 
12 44 
12 47 
12 48 
12 50 
12 61 
12 65 
12 72 
12 74 
12 85 
12 86 
12 97 
12 101 
12 102 
12 110 
12 118 
12 126 
12 144 
12 147 
12 167 
12 173 
12 205 
12 209 
12 213 
12 219 
12 243 
12 251 
12 254 
12 257 
12 280 
12 296 
12 298 
12 310 
12 315 
12 359 
12 360 
12 385 
12 400 
12 403 
12 405 
12 410 
12 422 
12 437 
12 464 
12 468 
12 477 
13 26 
13 33 
13 60 
13 96 
13 107 
13 111 
13 132 
13 155 
13 222 
13 225 
13 265 
13 304 
13 327 
13 353 
13 358 
13 435 
13 444 
14 27 
14 39 
14 57 
14 85 
14 95 
14 96 
14 135 
14 264 
14 266 
14 300 
14 334 
14 355 
14 389 
14 411 
15 16 
15 17 
15 76 
15 314 
15 372 
15 401 
16 19 
16 24 
16 74 
16 80 
16 87 
16 91 
16 101 
16 124 
16 129 
16 149 
16 191 
16 194 
16 242 
16 289 
16 309 
16 381 
16 391 
16 413 
17 30 
17 37 
17 43 
17 46 
17 47 
17 52 
17 55 
17 59 
17 61 
17 70 
17 91 
17 103 
17 123 
17 128 
17 132 
17 185 
17 188 
17 228 
17 247 
17 265 
17 314 
17 336 
17 358 
17 378 
17 388 
17 404 
17 412 
17 416 
17 442 
18 19 
18 21 
18 39 
18 40 
18 41 
18 43 
18 58 
18 67 
18 75 
18 81 
18 105 
18 122 
18 178 
18 203 
18 208 
18 218 
18 219 
18 226 
18 233 
18 240 
18 242 
18 260 
18 262 
18 283 
18 349 
18 371 
18 424 
18 448 
18 462 
18 465 
18 472 
19 20 
19 22 
19 33 
19 52 
19 66 
19 73 
19 86 
19 134 
19 212 
19 215 
19 217 
19 219 
19 222 
19 234 
19 250 
19 276 
19 292 
19 301 
19 304 
19 307 
19 325 
19 343 
19 398 
19 419 
19 448 
19 462 
20 21 
20 62 
20 68 
20 83 
20 99 
20 113 
20 127 
20 144 
20 159 
20 171 
20 199 
20 206 
20 210 
20 236 
20 243 
20 296 
20 329 
20 335 
20 374 
20 390 
20 397 
20 399 
20 439 
21 133 
21 156 
21 182 
21 185 
21 464 
21 477 
22 25 
22 27 
22 28 
22 34 
22 51 
22 93 
22 99 
22 112 
22 116 
22 123 
22 317 
22 410 
22 470 
23 25 
23 38 
23 39 
23 78 
23 142 
23 148 
23 158 
23 176 
23 238 
23 277 
23 300 
23 360 
23 399 
23 416 
24 27 
24 42 
24 103 
24 106 
24 174 
24 176 
24 193 
24 201 
24 214 
24 222 
24 326 
24 328 
24 335 
24 406 
25 57 
25 72 
25 74 
25 92 
25 156 
25 160 
25 161 
25 174 
25 216 
25 246 
25 294 
25 305 
25 329 
25 334 
25 392 
25 403 
25 417 
25 433 
25 470 
25 472 
26 34 
26 53 
26 96 
26 119 
26 160 
26 236 
26 382 
26 392 
26 476 
26 481 
27 38 
27 68 
27 77 
27 96 
27 102 
27 115 
27 142 
27 165 
27 175 
27 187 
27 199 
27 211 
27 269 
27 280 
27 300 
27 378 
27 449 
27 497 
28 50 
28 70 
28 152 
28 257 
28 371 
28 422 
29 49 
29 59 
29 68 
29 78 
29 108 
29 110 
29 115 
29 144 
29 156 
29 170 
29 172 
29 192 
29 197 
29 216 
29 218 
29 276 
29 327 
29 379 
29 416 
29 436 
29 491 
30 32 
30 37 
30 56 
30 98 
30 104 
30 125 
30 133 
30 146 
30 184 
30 202 
30 213 
30 234 
30 270 
30 336 
30 340 
30 354 
30 361 
30 389 
30 424 
30 426 
30 458 
30 467 
30 473 
30 482 
31 35 
31 51 
31 65 
31 92 
31 125 
31 130 
31 140 
31 141 
31 157 
31 162 
31 167 
31 184 
31 185 
31 204 
31 289 
31 363 
31 369 
31 393 
31 414 
31 415 
31 422 
31 442 
31 459 
32 34 
32 90 
32 105 
32 107 
32 124 
32 128 
32 139 
32 142 
32 157 
32 169 
32 182 
32 194 
32 207 
32 219 
32 248 
32 301 
32 303 
32 331 
32 348 
32 406 
32 492 
33 37 
33 59 
33 76 
33 89 
33 94 
33 109 
33 122 
33 151 
33 152 
33 229 
33 472 
34 223 
34 261 
35 40 
35 44 
35 67 
35 91 
35 143 
35 176 
35 188 
35 204 
35 225 
35 237 
35 238 
35 243 
35 264 
35 266 
35 273 
35 364 
35 438 
35 468 
36 49 
36 87 
36 102 
36 168 
36 249 
36 251 
37 41 
37 60 
37 244 
37 395 
37 486 
38 42 
38 155 
38 189 
38 253 
39 56 
39 197 
39 215 
39 278 
39 290 
39 370 
39 390 
39 421 
40 42 
40 166 
40 202 
40 443 
41 54 
41 63 
41 124 
41 182 
41 263 
42 43 
42 45 
42 63 
42 66 
42 70 
42 77 
42 79 
42 97 
42 98 
42 117 
42 119 
42 123 
42 125 
42 149 
42 153 
42 175 
42 198 
42 227 
42 229 
42 247 
42 332 
42 356 
42 463 
42 482 
42 486 
43 48 
43 80 
43 131 
43 164 
43 201 
43 210 
43 226 
43 231 
43 319 
43 333 
43 491 
44 97 
44 374 
44 400 
44 424 
45 93 
45 113 
45 332 
45 383 
45 478 
46 57 
46 74 
46 79 
46 120 
46 163 
46 168 
46 188 
46 235 
46 311 
46 365 
46 416 
46 431 
46 491 
46 495 
47 75 
47 89 
47 104 
47 192 
47 212 
47 220 
47 234 
47 295 
47 353 
48 100 
48 128 
48 183 
48 186 
48 223 
48 232 
48 308 
49 72 
49 106 
49 115 
49 146 
49 254 
49 278 
49 328 
49 351 
49 354 
49 387 
49 480 
49 493 
50 65 
50 92 
50 98 
50 117 
50 170 
50 174 
50 206 
50 213 
50 284 
50 331 
50 347 
50 425 
50 435 
50 457 
51 135 
51 161 
51 190 
51 266 
51 291 
52 64 
52 80 
52 81 
52 85 
52 106 
52 119 
52 154 
52 164 
52 277 
52 345 
52 380 
52 454 
52 495 
53 88 
53 118 
53 138 
53 195 
53 256 
53 299 
53 341 
53 414 
53 443 
54 104 
54 130 
54 137 
54 240 
54 245 
54 292 
54 369 
55 70 
55 84 
55 109 
55 186 
55 222 
55 226 
55 272 
55 313 
55 318 
55 320 
55 375 
55 377 
55 441 
55 460 
55 469 
56 110 
56 136 
56 192 
56 230 
56 256 
56 311 
56 366 
56 398 
56 413 
56 415 
56 489 
57 116 
57 119 
57 145 
57 148 
57 156 
57 499 
58 64 
58 87 
58 107 
58 118 
58 263 
59 82 
59 135 
59 163 
59 210 
59 308 
59 332 
60 112 
61 73 
61 144 
61 193 
61 239 
61 459 
62 77 
62 88 
62 100 
62 105 
62 140 
62 200 
62 204 
62 229 
62 246 
62 248 
62 260 
62 269 
62 295 
62 316 
62 335 
62 382 
62 421 
63 407 
63 411 
63 480 
64 125 
64 188 
64 206 
64 240 
64 271 
64 409 
64 466 
65 75 
65 90 
65 158 
65 195 
65 241 
65 247 
65 292 
65 337 
65 434 
65 499 
66 118 
66 214 
66 260 
67 92 
67 111 
67 121 
67 179 
67 453 
67 492 
68 293 
68 409 
69 122 
69 137 
69 145 
69 166 
69 232 
69 263 
69 321 
70 170 
70 191 
70 209 
70 307 
70 322 
70 324 
70 330 
70 498 
71 162 
71 184 
71 204 
72 88 
72 132 
72 139 
72 393 
73 124 
73 151 
73 181 
73 275 
73 456 
74 78 
74 114 
74 120 
74 136 
74 183 
74 200 
74 225 
74 281 
74 380 
74 400 
74 438 
75 82 
75 129 
75 212 
75 217 
75 339 
75 396 
75 420 
76 114 
76 121 
76 162 
76 224 
76 397 
77 83 
77 89 
77 93 
77 112 
77 127 
77 208 
77 320 
77 409 
77 449 
78 179 
78 203 
78 266 
78 458 
79 95 
79 198 
79 201 
79 233 
80 82 
80 180 
80 210 
80 217 
80 226 
80 289 
80 352 
81 84 
81 99 
81 115 
81 138 
81 154 
81 228 
81 257 
81 264 
81 268 
81 279 
81 308 
81 390 
81 421 
81 430 
81 448 
81 474 
81 492 
82 381 
83 112 
83 126 
83 202 
83 457 
83 482 
83 488 
84 126 
84 132 
84 138 
84 153 
84 187 
84 209 
84 255 
84 261 
84 348 
84 355 
85 151 
85 244 
85 410 
85 449 
85 458 
86 167 
86 168 
86 196 
86 250 
86 362 
86 394 
86 419 
87 131 
87 150 
87 153 
87 183 
87 231 
87 279 
87 327 
87 484 
87 497 
88 373 
88 487 
89 90 
89 133 
89 193 
90 161 
90 162 
90 163 
90 211 
90 243 
90 284 
90 312 
90 315 
91 139 
91 146 
91 172 
91 173 
91 200 
91 315 
91 326 
92 121 
92 133 
92 180 
92 189 
92 191 
92 195 
92 208 
92 248 
92 319 
92 323 
92 337 
92 385 
92 434 
92 476 
92 483 
93 150 
93 205 
93 209 
93 345 
94 109 
94 158 
94 160 
94 192 
95 140 
95 143 
95 161 
95 267 
95 285 
95 332 
95 368 
96 99 
96 109 
96 309 
96 351 
97 139 
97 262 
97 291 
97 295 
97 367 
97 490 
97 494 
98 170 
99 117 
99 149 
99 216 
99 235 
99 244 
99 258 
99 269 
99 309 
99 432 
99 490 
100 187 
100 284 
100 423 
101 110 
101 142 
101 337 
101 408 
102 218 
102 252 
102 264 
102 275 
102 376 
102 385 
102 440 
103 108 
103 134 
103 143 
103 154 
103 288 
103 348 
103 477 
104 117 
104 180 
104 407 
105 326 
106 242 
106 418 
107 186 
107 199 
107 270 
107 290 
107 294 
107 296 
107 344 
107 365 
107 469 
108 271 
109 111 
109 148 
109 150 
109 155 
109 198 
109 205 
109 231 
109 282 
109 288 
109 361 
109 363 
109 426 
110 230 
110 237 
110 369 
110 394 
110 438 
110 455 
111 152 
111 194 
111 306 
111 399 
111 446 
112 493 
113 169 
113 186 
113 231 
113 285 
113 304 
113 307 
113 347 
113 377 
113 485 
114 365 
115 127 
115 141 
115 157 
115 272 
115 312 
115 397 
116 134 
116 160 
116 322 
116 494 
118 191 
118 201 
118 235 
118 259 
118 306 
118 366 
118 367 
118 395 
119 375 
120 129 
120 262 
120 303 
120 312 
120 353 
120 404 
121 154 
121 267 
121 268 
122 241 
122 259 
123 129 
123 159 
123 168 
123 221 
123 352 
123 447 
123 463 
124 165 
124 253 
124 254 
124 338 
124 404 
125 172 
125 197 
125 239 
125 398 
125 449 
126 187 
126 190 
126 227 
126 256 
126 316 
126 412 
127 402 
127 414 
128 241 
129 257 
129 363 
130 367 
130 392 
131 175 
131 261 
131 297 
132 228 
132 402 
132 411 
132 420 
133 230 
134 153 
135 211 
136 145 
136 206 
136 207 
136 224 
136 273 
136 321 
136 439 
136 448 
136 461 
137 282 
137 288 
138 165 
138 177 
138 236 
138 249 
138 420 
138 499 
139 141 
139 221 
139 223 
139 281 
139 303 
139 384 
139 418 
140 171 
140 205 
140 212 
140 324 
140 343 
140 458 
141 215 
141 401 
142 143 
142 462 
143 388 
144 150 
144 363 
144 441 
144 444 
144 472 
145 179 
145 281 
146 261 
146 275 
147 342 
147 366 
148 227 
148 282 
148 334 
148 353 
148 440 
149 180 
149 320 
149 436 
150 167 
150 197 
150 276 
150 474 
151 196 
151 286 
151 303 
152 155 
152 166 
152 233 
152 293 
152 355 
152 374 
152 457 
153 173 
153 287 
153 325 
153 334 
153 336 
153 350 
153 365 
154 289 
154 469 
155 241 
155 287 
155 350 
155 386 
155 468 
156 489 
157 217 
157 370 
158 484 
159 185 
159 256 
159 269 
160 262 
160 305 
161 385 
162 234 
163 213 
163 322 
164 227 
164 239 
165 292 
165 324 
165 361 
166 177 
166 355 
167 313 
167 373 
167 496 
168 451 
168 474 
168 478 
168 496 
170 190 
170 404 
171 245 
171 252 
171 397 
171 400 
171 452 
171 475 
172 224 
173 433 
174 423 
174 425 
175 323 
175 345 
175 446 
176 211 
176 250 
176 350 
177 273 
177 310 
177 344 
178 193 
178 304 
178 464 
178 471 
179 202 
180 286 
180 295 
180 346 
180 371 
180 453 
180 496 
181 183 
181 246 
181 344 
181 415 
181 488 
182 270 
182 429 
182 451 
183 229 
183 310 
185 268 
185 319 
185 427 
186 376 
186 431 
187 314 
188 319 
188 323 
189 410 
190 249 
190 265 
190 272 
190 359 
190 364 
191 461 
192 215 
192 405 
193 318 
193 455 
193 463 
193 476 
194 278 
195 249 
197 236 
197 372 
197 443 
198 267 
198 299 
199 272 
199 281 
199 299 
200 252 
200 258 
202 237 
202 285 
202 338 
202 406 
202 482 
203 294 
204 361 
205 284 
205 329 
205 342 
205 450 
206 331 
206 374 
206 479 
208 263 
208 274 
209 238 
210 230 
210 329 
210 376 
210 390 
212 366 
212 371 
212 389 
213 237 
213 299 
214 239 
214 336 
214 387 
214 456 
215 255 
215 420 
215 430 
216 276 
216 442 
216 470 
216 494 
219 477 
221 248 
221 442 
222 346 
223 413 
224 408 
225 298 
225 318 
225 411 
225 425 
225 475 
225 481 
226 297 
226 307 
227 255 
227 290 
227 351 
227 452 
228 250 
229 247 
229 402 
229 428 
230 287 
230 344 
231 259 
231 333 
231 384 
232 428 
232 479 
233 291 
233 340 
235 473 
236 275 
237 251 
237 290 
237 393 
237 480 
238 450 
238 481 
240 318 
240 357 
240 383 
240 421 
240 438 
241 467 
242 386 
242 488 
243 339 
243 463 
244 285 
244 313 
244 347 
244 378 
245 302 
245 417 
245 436 
245 459 
245 479 
246 283 
248 435 
248 478 
250 324 
250 493 
251 338 
251 372 
251 382 
251 408 
251 494 
252 279 
252 331 
254 308 
254 405 
254 440 
255 286 
255 486 
256 349 
256 364 
257 291 
257 483 
257 495 
258 343 
258 412 
259 274 
259 373 
260 316 
260 362 
260 392 
265 286 
265 345 
266 314 
266 480 
266 498 
267 485 
268 271 
268 274 
268 377 
269 489 
271 294 
272 428 
273 427 
274 356 
274 455 
275 278 
275 456 
276 447 
277 354 
278 302 
278 341 
278 441 
280 362 
280 398 
281 387 
282 384 
282 425 
283 379 
284 423 
284 450 
285 328 
285 386 
287 433 
287 465 
290 409 
290 445 
290 454 
292 401 
292 465 
292 498 
295 356 
295 434 
296 395 
298 474 
299 305 
299 450 
300 357 
300 402 
300 476 
302 323 
302 437 
303 445 
307 316 
307 467 
308 346 
308 444 
311 312 
312 326 
312 399 
313 341 
313 342 
316 330 
316 475 
317 446 
318 495 
319 352 
319 368 
323 424 
323 465 
326 396 
328 330 
329 391 
330 447 
331 343 
331 381 
332 391 
332 403 
334 461 
335 347 
335 419 
338 387 
338 389 
338 440 
338 471 
339 375 
340 375 
343 370 
343 426 
344 362 
344 376 
344 430 
344 479 
345 428 
347 368 
350 368 
350 380 
350 439 
351 378 
353 394 
354 359 
356 459 
358 415 
360 383 
365 454 
365 497 
367 427 
367 429 
369 471 
370 457 
374 443 
375 382 
375 445 
377 379 
378 466 
378 497 
379 417 
380 446 
382 492 
384 491 
385 437 
387 485 
388 405 
391 451 
396 429 
399 452 
407 422 
407 441 
408 498 
410 439 
415 453 
423 490 
426 461 
428 460 
431 437 
441 467 
447 487 
461 462 
465 473 
465 484 
465 490 
475 483 
