false
false
500
1988
0 1 
0 3 
0 4 
0 5 
0 6 
0 7 
0 8 
0 10 
0 12 
0 16 
0 19 
0 22 
0 23 
0 24 
0 25 
0 26 
0 31 
0 34 
0 38 
0 40 
0 42 
0 46 
0 47 
0 50 
0 52 
0 56 
0 58 
0 67 
0 68 
0 70 
0 80 
0 88 
0 92 
0 95 
0 97 
0 99 
0 109 
0 115 
0 117 
0 118 
0 125 
0 126 
0 127 
0 131 
0 135 
0 137 
0 138 
0 139 
0 144 
0 148 
0 153 
0 158 
0 169 
0 170 
0 171 
0 172 
0 183 
0 185 
0 196 
0 197 
0 199 
0 200 
0 204 
0 220 
0 223 
0 237 
0 239 
0 249 
0 274 
0 280 
0 287 
0 294 
0 316 
0 317 
0 319 
0 330 
0 331 
0 334 
0 338 
0 343 
0 384 
0 385 
0 388 
0 390 
0 400 
0 403 
0 419 
0 422 
0 424 
0 444 
0 454 
0 455 
0 460 
0 479 
0 491 
1 2 
1 4 
1 5 
1 9 
1 11 
1 15 
1 16 
1 21 
1 26 
1 28 
1 30 
1 38 
1 41 
1 80 
1 86 
1 94 
1 105 
1 168 
1 221 
1 254 
1 288 
1 293 
1 316 
1 349 
1 399 
1 401 
1 472 
1 489 
1 498 
2 3 
2 4 
2 5 
2 6 
2 9 
2 11 
2 13 
2 14 
2 21 
2 27 
2 46 
2 58 
2 60 
2 61 
2 83 
2 96 
2 103 
2 118 
2 130 
2 146 
2 155 
2 169 
2 178 
2 179 
2 189 
2 224 
2 227 
2 246 
2 248 
2 260 
2 262 
2 307 
2 313 
2 314 
2 323 
2 334 
2 338 
2 351 
2 356 
2 357 
2 409 
2 415 
2 423 
2 436 
2 454 
2 459 
2 465 
2 480 
2 485 
2 495 
3 4 
3 7 
3 8 
3 9 
3 13 
3 16 
3 17 
3 20 
3 26 
3 31 
3 37 
3 47 
3 49 
3 53 
3 56 
3 68 
3 82 
3 87 
3 91 
3 104 
3 106 
3 114 
3 115 
3 116 
3 123 
3 126 
3 131 
3 153 
3 157 
3 173 
3 176 
3 236 
3 269 
3 288 
3 289 
3 297 
3 346 
3 352 
3 408 
3 428 
3 440 
3 453 
3 456 
3 459 
3 494 
3 497 
4 5 
4 6 
4 7 
4 9 
4 13 
4 14 
4 15 
4 17 
4 23 
4 24 
4 25 
4 31 
4 40 
4 43 
4 53 
4 56 
4 63 
4 65 
4 66 
4 70 
4 75 
4 79 
4 80 
4 84 
4 85 
4 88 
4 97 
4 100 
4 105 
4 106 
4 107 
4 108 
4 110 
4 111 
4 119 
4 124 
4 125 
4 127 
4 132 
4 133 
4 135 
4 140 
4 141 
4 146 
4 152 
4 164 
4 206 
4 223 
4 230 
4 243 
4 246 
4 251 
4 262 
4 271 
4 272 
4 278 
4 280 
4 285 
4 303 
4 337 
4 345 
4 350 
4 367 
4 377 
4 378 
4 384 
4 385 
4 391 
4 395 
4 403 
4 422 
4 424 
4 429 
4 454 
4 463 
4 466 
5 6 
5 7 
5 8 
5 10 
5 12 
5 14 
5 18 
5 19 
5 23 
5 27 
5 28 
5 29 
5 32 
5 34 
5 37 
5 39 
5 43 
5 45 
5 54 
5 55 
5 57 
5 60 
5 79 
5 81 
5 82 
5 83 
5 98 
5 103 
5 113 
5 128 
5 144 
5 152 
5 159 
5 160 
5 167 
5 178 
5 201 
5 227 
5 244 
5 252 
5 273 
5 280 
5 285 
5 309 
5 332 
5 336 
5 342 
5 354 
5 374 
5 380 
5 382 
5 452 
5 469 
5 485 
6 22 
6 43 
6 48 
6 235 
6 256 
6 362 
7 8 
7 10 
7 11 
7 12 
7 17 
7 18 
7 21 
7 27 
7 33 
7 36 
7 38 
7 39 
7 41 
7 44 
7 48 
7 51 
7 78 
7 93 
7 116 
7 122 
7 124 
7 133 
7 135 
7 137 
7 139 
7 150 
7 156 
7 190 
7 205 
7 213 
7 219 
7 228 
7 229 
7 240 
7 247 
7 255 
7 257 
7 265 
7 322 
7 329 
7 335 
7 378 
7 397 
7 407 
7 457 
8 13 
8 49 
8 134 
8 138 
8 176 
8 196 
8 198 
8 204 
8 221 
8 222 
8 226 
8 254 
8 259 
8 293 
8 353 
8 372 
8 410 
8 484 
9 10 
9 12 
9 15 
9 26 
9 27 
9 45 
9 81 
9 87 
9 108 
9 110 
9 117 
9 150 
9 177 
9 227 
9 235 
9 254 
9 273 
9 291 
9 296 
9 300 
9 321 
9 329 
9 346 
9 396 
9 408 
9 414 
9 418 
9 432 
10 11 
10 18 
10 20 
10 32 
10 47 
10 54 
10 108 
10 148 
10 158 
10 175 
10 194 
10 216 
10 217 
10 263 
10 309 
10 347 
10 360 
10 369 
10 376 
10 379 
10 396 
10 424 
10 471 
11 166 
11 188 
11 201 
11 230 
11 296 
11 363 
12 15 
12 21 
12 29 
12 40 
12 81 
12 100 
12 105 
12 130 
12 135 
12 143 
12 151 
12 154 
12 184 
12 202 
12 208 
12 220 
12 222 
12 229 
12 231 
12 237 
12 252 
12 258 
12 269 
12 380 
12 399 
12 445 
12 475 
12 490 
12 494 
13 14 
13 16 
13 18 
13 19 
13 46 
13 48 
13 51 
13 64 
13 71 
13 88 
13 91 
13 96 
13 112 
13 129 
13 131 
13 139 
13 143 
13 175 
13 184 
13 192 
13 206 
13 215 
13 228 
13 233 
13 264 
13 290 
13 313 
13 322 
13 339 
13 363 
13 391 
13 430 
13 438 
13 443 
13 446 
14 34 
14 44 
14 57 
14 67 
14 72 
14 188 
14 272 
14 355 
14 415 
14 441 
15 19 
15 32 
15 35 
15 36 
15 43 
15 123 
15 156 
15 170 
15 180 
15 212 
15 232 
15 288 
15 369 
15 381 
15 433 
15 491 
16 17 
16 20 
16 24 
16 25 
16 28 
16 29 
16 35 
16 36 
16 37 
16 44 
16 48 
16 52 
16 63 
16 78 
16 79 
16 90 
16 96 
16 102 
16 104 
16 107 
16 111 
16 113 
16 121 
16 126 
16 131 
16 157 
16 162 
16 165 
16 172 
16 185 
16 203 
16 219 
16 247 
16 278 
16 285 
16 291 
16 319 
16 328 
16 345 
16 366 
16 420 
16 477 
17 23 
17 24 
17 81 
17 97 
17 110 
17 114 
17 119 
17 145 
17 149 
17 151 
17 167 
17 168 
17 214 
17 249 
17 256 
17 258 
17 271 
17 336 
17 390 
17 412 
17 445 
17 450 
18 20 
18 22 
18 30 
18 41 
18 42 
18 49 
18 50 
18 54 
18 55 
18 56 
18 59 
18 61 
18 65 
18 74 
18 83 
18 84 
18 92 
18 113 
18 117 
18 122 
18 124 
18 128 
18 138 
18 140 
18 146 
18 153 
18 169 
18 175 
18 179 
18 182 
18 194 
18 201 
18 207 
18 241 
18 249 
18 269 
18 277 
18 321 
18 325 
18 332 
18 335 
18 354 
18 357 
18 359 
18 364 
18 368 
18 373 
18 387 
18 464 
18 465 
18 482 
18 493 
19 33 
19 45 
19 174 
19 242 
19 341 
20 25 
20 31 
20 33 
20 41 
20 42 
20 124 
20 150 
20 157 
20 181 
20 182 
20 205 
20 218 
20 388 
20 416 
20 473 
21 22 
21 30 
21 33 
21 62 
21 94 
21 125 
21 144 
21 148 
21 174 
21 284 
21 331 
21 417 
22 30 
22 38 
22 64 
22 195 
22 421 
22 430 
23 32 
23 59 
23 63 
23 64 
23 70 
23 77 
23 80 
23 88 
23 92 
23 95 
23 114 
23 171 
23 190 
23 199 
23 204 
23 240 
23 262 
23 289 
23 300 
23 341 
23 346 
23 348 
23 375 
23 382 
23 395 
23 443 
23 465 
24 261 
24 290 
24 342 
24 406 
25 39 
25 45 
25 67 
25 69 
25 74 
25 106 
25 161 
25 207 
25 308 
25 318 
25 328 
25 370 
25 373 
25 448 
26 28 
26 58 
26 77 
26 91 
26 115 
26 145 
26 147 
26 191 
26 200 
26 213 
26 291 
26 292 
26 312 
26 337 
26 340 
26 435 
26 461 
26 475 
27 72 
27 271 
27 439 
28 29 
28 229 
28 279 
29 57 
29 59 
29 76 
29 225 
29 318 
29 362 
29 376 
29 426 
30 52 
30 156 
30 185 
30 212 
30 254 
30 263 
30 276 
30 291 
30 326 
30 354 
30 356 
30 360 
30 380 
30 392 
30 411 
30 431 
30 446 
31 34 
31 71 
31 75 
31 83 
31 109 
31 112 
31 113 
31 182 
31 190 
31 203 
31 218 
31 225 
31 349 
31 377 
31 401 
31 415 
31 431 
31 470 
31 486 
31 495 
31 498 
32 35 
32 39 
32 42 
32 54 
32 59 
32 87 
32 140 
32 162 
32 210 
32 243 
32 410 
32 470 
33 35 
33 44 
33 57 
33 62 
33 94 
33 112 
33 128 
33 214 
33 260 
33 270 
33 298 
33 302 
33 350 
33 421 
33 429 
33 453 
33 464 
33 466 
34 36 
34 49 
34 98 
34 126 
34 182 
34 252 
34 325 
34 405 
34 451 
34 486 
35 37 
35 40 
35 60 
35 341 
35 361 
35 445 
35 467 
36 51 
36 72 
36 99 
36 319 
37 222 
37 306 
37 462 
38 52 
38 71 
38 85 
38 95 
38 102 
38 109 
38 132 
38 133 
38 136 
38 140 
38 148 
38 187 
38 248 
38 264 
38 267 
38 304 
38 324 
38 372 
38 474 
38 496 
39 50 
39 62 
39 69 
39 73 
39 105 
39 149 
39 172 
39 210 
39 211 
39 257 
39 305 
39 491 
40 61 
40 89 
40 174 
40 187 
40 213 
40 214 
40 241 
40 267 
40 331 
40 338 
40 351 
40 402 
40 412 
40 415 
40 448 
40 455 
40 483 
41 77 
41 121 
41 136 
41 179 
41 224 
41 295 
41 486 
42 55 
42 93 
42 155 
42 167 
42 197 
42 275 
42 286 
42 297 
42 308 
42 323 
43 47 
43 62 
43 66 
43 68 
43 77 
43 82 
43 121 
43 134 
43 178 
43 197 
43 212 
43 247 
43 249 
43 276 
43 301 
43 309 
43 356 
43 358 
43 361 
43 368 
43 400 
43 413 
43 469 
43 489 
44 53 
44 55 
44 60 
44 66 
44 74 
44 75 
44 76 
44 90 
44 99 
44 103 
44 141 
44 154 
44 164 
44 165 
44 251 
44 302 
44 398 
45 46 
45 61 
45 76 
45 84 
45 86 
45 108 
45 130 
45 160 
45 173 
45 183 
45 192 
45 193 
45 197 
45 211 
45 238 
45 275 
45 298 
45 329 
45 364 
45 387 
45 470 
46 51 
46 76 
46 90 
46 98 
46 120 
46 132 
46 181 
46 273 
46 462 
46 488 
47 69 
47 114 
47 196 
47 226 
47 232 
47 458 
47 487 
48 53 
48 58 
48 63 
48 70 
48 93 
48 101 
48 110 
48 130 
48 136 
48 202 
48 216 
48 276 
48 406 
48 451 
48 476 
48 490 
48 493 
49 50 
49 104 
49 120 
49 186 
49 262 
49 297 
49 327 
50 85 
50 111 
50 244 
50 438 
50 468 
51 288 
51 401 
51 403 
51 460 
51 462 
51 467 
52 73 
52 121 
52 216 
52 244 
52 335 
53 102 
53 122 
53 162 
53 166 
53 308 
53 397 
53 410 
53 433 
53 478 
54 65 
54 85 
54 104 
54 195 
54 309 
54 414 
54 418 
55 71 
55 176 
55 177 
55 207 
55 461 
56 66 
56 209 
56 232 
56 265 
56 274 
56 392 
57 64 
57 151 
57 243 
57 383 
57 432 
58 65 
58 68 
58 101 
58 167 
58 187 
58 236 
58 295 
58 326 
58 329 
58 342 
58 346 
58 385 
58 389 
58 419 
58 478 
58 489 
59 149 
59 238 
59 265 
59 359 
59 412 
59 416 
60 69 
60 118 
60 119 
60 218 
60 251 
60 263 
60 310 
60 397 
60 412 
61 82 
61 98 
61 107 
61 151 
61 163 
61 171 
61 237 
61 336 
61 343 
61 431 
61 473 
61 486 
62 99 
62 134 
62 408 
62 463 
63 89 
63 115 
63 116 
63 119 
63 139 
63 163 
63 170 
63 186 
63 195 
63 202 
63 245 
63 253 
63 272 
63 278 
63 302 
63 304 
63 354 
63 393 
63 452 
63 477 
64 74 
64 78 
64 86 
64 143 
64 158 
64 251 
64 266 
64 360 
64 362 
64 485 
64 492 
65 72 
65 165 
65 196 
65 238 
65 259 
66 67 
66 89 
66 185 
66 187 
66 301 
66 376 
66 383 
66 421 
66 475 
66 483 
67 78 
67 91 
67 92 
67 147 
67 173 
67 194 
67 210 
67 225 
67 234 
67 349 
67 411 
67 443 
67 454 
67 472 
68 89 
68 106 
68 266 
68 435 
69 73 
69 87 
69 93 
69 129 
69 132 
69 191 
69 199 
69 283 
69 307 
69 314 
69 351 
69 408 
69 466 
70 73 
70 84 
70 117 
70 191 
70 212 
71 154 
71 256 
72 143 
72 152 
72 184 
72 303 
72 312 
72 351 
72 378 
72 411 
73 75 
73 141 
73 178 
73 267 
73 332 
74 102 
74 120 
74 123 
74 311 
74 352 
74 365 
74 407 
74 434 
74 447 
74 476 
75 94 
75 129 
75 136 
75 235 
75 396 
75 428 
75 448 
75 458 
76 79 
76 86 
76 101 
76 145 
76 152 
76 158 
76 349 
76 422 
76 456 
77 446 
78 173 
78 353 
79 109 
79 204 
79 285 
80 122 
80 163 
80 284 
80 286 
80 340 
80 395 
82 90 
82 171 
82 176 
82 219 
82 226 
82 240 
82 248 
82 266 
82 344 
82 348 
82 355 
82 367 
82 379 
82 381 
82 419 
82 443 
82 449 
82 483 
83 107 
83 193 
83 213 
83 328 
83 345 
83 430 
84 361 
85 96 
85 97 
85 100 
85 118 
85 133 
85 141 
85 144 
85 232 
85 340 
85 363 
85 381 
85 420 
85 455 
85 487 
86 217 
86 255 
86 317 
86 319 
87 147 
87 157 
87 404 
87 425 
88 142 
88 160 
88 166 
88 236 
88 432 
89 183 
89 238 
89 282 
89 296 
89 359 
89 365 
90 123 
90 159 
90 298 
90 375 
90 473 
92 116 
92 208 
92 271 
92 294 
92 303 
92 482 
93 156 
93 299 
94 95 
94 128 
94 186 
94 266 
94 324 
94 409 
94 434 
94 452 
94 485 
95 100 
95 137 
95 168 
95 189 
95 198 
95 207 
95 290 
95 318 
95 358 
95 371 
95 414 
95 442 
96 103 
96 142 
96 325 
96 355 
96 472 
97 111 
97 134 
97 396 
97 398 
98 101 
98 142 
98 233 
98 270 
98 303 
98 322 
98 330 
99 147 
99 154 
99 314 
99 359 
100 192 
100 286 
100 407 
101 150 
101 180 
101 190 
101 206 
101 293 
101 315 
101 347 
101 405 
102 142 
102 273 
102 433 
103 334 
103 370 
104 426 
105 146 
105 155 
106 137 
106 184 
106 192 
106 201 
106 282 
106 393 
106 458 
107 168 
107 186 
107 253 
107 300 
107 476 
108 120 
108 172 
108 181 
108 203 
108 234 
108 366 
108 373 
108 424 
110 112 
110 228 
110 352 
111 265 
111 416 
111 497 
112 125 
112 281 
112 335 
112 461 
113 138 
113 280 
114 166 
114 209 
114 253 
114 258 
114 283 
114 294 
114 367 
114 391 
114 399 
114 437 
114 470 
116 127 
116 162 
117 155 
117 214 
117 261 
118 289 
118 394 
119 127 
119 129 
119 230 
119 275 
119 284 
119 399 
119 416 
119 417 
120 219 
120 244 
121 175 
121 234 
121 245 
121 277 
121 304 
121 305 
121 310 
121 315 
121 358 
121 360 
121 371 
121 471 
122 161 
122 188 
122 250 
122 397 
123 217 
123 316 
124 153 
124 160 
124 240 
124 248 
124 252 
124 294 
124 307 
124 344 
124 393 
124 427 
124 436 
124 445 
124 447 
125 242 
125 306 
125 382 
125 482 
126 286 
126 311 
126 364 
126 386 
127 221 
127 371 
128 164 
128 205 
128 209 
128 331 
128 357 
129 145 
129 169 
129 177 
129 181 
129 312 
129 318 
129 428 
129 468 
129 490 
131 180 
131 188 
131 189 
131 258 
131 305 
131 310 
131 394 
131 435 
131 474 
132 229 
132 333 
132 374 
133 216 
133 239 
133 480 
135 193 
135 250 
135 437 
136 191 
136 231 
136 352 
136 356 
136 400 
136 499 
137 222 
137 261 
137 301 
137 386 
137 450 
138 177 
138 223 
138 274 
138 363 
138 406 
138 427 
138 442 
138 467 
138 469 
138 481 
139 194 
139 237 
139 413 
139 493 
140 159 
140 161 
140 224 
140 231 
140 388 
140 411 
140 423 
142 308 
143 159 
143 409 
144 170 
144 206 
144 281 
144 336 
144 343 
144 436 
145 215 
145 246 
145 426 
145 464 
146 165 
146 179 
146 228 
146 234 
146 242 
146 257 
146 272 
146 274 
146 353 
147 149 
148 300 
148 365 
149 225 
149 231 
149 295 
149 342 
150 163 
150 250 
150 339 
150 453 
150 456 
151 223 
151 270 
151 326 
151 341 
152 189 
152 340 
152 481 
153 384 
153 420 
154 292 
155 199 
155 327 
155 392 
157 327 
157 350 
157 398 
157 448 
158 211 
158 230 
158 255 
158 282 
158 333 
158 347 
158 466 
159 245 
160 161 
160 164 
160 297 
160 322 
160 337 
160 357 
160 430 
162 268 
163 200 
164 226 
164 310 
165 174 
165 198 
165 203 
165 263 
165 355 
167 198 
167 287 
168 224 
169 210 
169 475 
170 193 
170 275 
170 450 
171 180 
171 279 
171 281 
171 287 
171 316 
171 384 
171 444 
171 488 
172 205 
172 208 
172 282 
172 371 
172 431 
173 183 
173 378 
173 460 
176 259 
176 421 
176 499 
177 200 
177 218 
177 313 
179 268 
179 301 
179 381 
179 413 
179 442 
180 304 
180 377 
182 261 
182 267 
182 268 
182 317 
182 348 
182 364 
182 375 
183 195 
184 217 
184 221 
184 348 
184 376 
185 259 
185 283 
185 299 
185 321 
186 215 
186 278 
186 289 
186 339 
186 432 
186 480 
187 449 
188 460 
188 494 
190 220 
190 361 
191 406 
191 478 
193 215 
193 425 
193 477 
194 260 
194 292 
194 390 
195 202 
195 235 
195 317 
195 330 
195 451 
196 241 
197 250 
197 290 
197 328 
198 457 
199 233 
199 242 
199 344 
199 405 
199 496 
200 386 
201 389 
202 208 
202 209 
202 315 
203 233 
203 257 
203 390 
203 403 
204 227 
204 455 
205 211 
205 241 
205 307 
205 379 
206 239 
206 435 
207 465 
209 277 
209 314 
209 324 
209 327 
209 380 
209 389 
209 402 
210 330 
211 253 
212 284 
212 365 
213 353 
214 268 
214 320 
214 429 
214 484 
215 264 
215 468 
217 256 
217 425 
218 220 
218 323 
218 368 
219 246 
219 393 
220 426 
220 477 
221 344 
223 239 
223 370 
223 463 
224 362 
225 245 
225 296 
225 326 
225 489 
226 321 
226 345 
227 243 
227 277 
227 302 
227 358 
227 467 
227 471 
232 427 
234 236 
234 438 
234 439 
234 440 
236 339 
237 260 
237 369 
237 499 
238 292 
238 433 
238 447 
238 499 
239 441 
239 480 
240 320 
242 264 
242 270 
243 247 
243 495 
244 471 
245 324 
247 305 
248 255 
248 450 
249 388 
249 418 
251 311 
251 462 
251 492 
253 295 
253 320 
254 279 
254 313 
254 325 
254 414 
255 343 
255 437 
255 442 
255 483 
256 281 
256 425 
257 373 
257 383 
259 269 
259 417 
260 386 
260 402 
260 417 
260 422 
260 457 
262 320 
262 323 
262 401 
264 279 
264 333 
264 459 
265 276 
265 420 
268 488 
270 287 
270 306 
270 366 
273 298 
273 407 
273 418 
273 484 
274 311 
274 385 
274 387 
274 389 
275 347 
275 367 
277 283 
277 391 
277 395 
278 293 
278 463 
279 350 
280 409 
280 488 
284 299 
284 464 
285 337 
285 366 
286 492 
287 312 
287 338 
287 372 
293 306 
295 405 
296 299 
297 332 
298 383 
299 368 
304 423 
304 438 
306 481 
308 451 
309 436 
309 444 
310 315 
313 404 
313 410 
319 372 
319 468 
319 481 
319 496 
321 374 
322 459 
322 469 
323 334 
324 333 
326 394 
328 377 
328 439 
329 369 
329 427 
330 392 
330 479 
331 400 
333 474 
336 419 
339 379 
342 398 
342 444 
344 456 
345 370 
345 490 
346 440 
348 382 
348 479 
348 487 
349 476 
352 404 
352 413 
352 446 
353 387 
355 482 
359 449 
361 440 
364 402 
364 423 
365 434 
366 375 
371 394 
372 374 
375 478 
384 437 
388 498 
389 495 
390 453 
392 493 
394 472 
397 404 
397 473 
406 497 
407 434 
409 461 
416 457 
416 492 
421 428 
422 484 
423 494 
424 441 
424 458 
426 429 
432 441 
434 439 
435 447 
440 452 
440 474 
443 449 
447 479 
447 497 
448 491 
458 496 
462 487 
469 498 
