false
false
500
1988
0 1 
0 3 
0 4 
0 5 
0 6 
0 7 
0 8 
0 10 
0 13 
0 15 
0 18 
0 26 
0 27 
0 34 
0 35 
0 48 
0 49 
0 52 
0 56 
0 80 
0 81 
0 93 
0 95 
0 99 
0 106 
0 114 
0 120 
0 123 
0 136 
0 144 
0 157 
0 170 
0 185 
0 215 
0 218 
0 224 
0 230 
0 247 
0 248 
0 261 
0 262 
0 268 
0 309 
0 316 
0 343 
0 344 
0 371 
0 382 
0 393 
0 416 
0 477 
0 489 
0 494 
1 2 
1 4 
1 7 
1 8 
1 9 
1 17 
1 18 
1 20 
1 34 
1 63 
1 94 
1 102 
1 108 
1 125 
1 222 
1 265 
1 281 
1 288 
1 292 
1 307 
1 330 
1 344 
1 397 
1 427 
1 448 
2 3 
2 4 
2 5 
2 6 
2 8 
2 9 
2 11 
2 15 
2 16 
2 19 
2 22 
2 24 
2 26 
2 29 
2 30 
2 37 
2 39 
2 41 
2 42 
2 45 
2 46 
2 52 
2 56 
2 60 
2 62 
2 69 
2 84 
2 85 
2 92 
2 97 
2 110 
2 113 
2 114 
2 116 
2 118 
2 132 
2 133 
2 143 
2 146 
2 164 
2 165 
2 170 
2 173 
2 181 
2 204 
2 210 
2 230 
2 231 
2 237 
2 242 
2 279 
2 293 
2 296 
2 298 
2 305 
2 310 
2 336 
2 355 
2 369 
2 370 
2 380 
2 407 
2 420 
2 421 
2 425 
2 474 
2 489 
2 496 
3 4 
3 5 
3 6 
3 7 
3 8 
3 9 
3 12 
3 14 
3 15 
3 19 
3 22 
3 31 
3 39 
3 43 
3 44 
3 53 
3 64 
3 72 
3 73 
3 76 
3 78 
3 98 
3 99 
3 106 
3 118 
3 122 
3 141 
3 154 
3 176 
3 201 
3 206 
3 222 
3 228 
3 234 
3 245 
3 257 
3 259 
3 269 
3 278 
3 279 
3 280 
3 281 
3 304 
3 322 
3 350 
3 355 
3 367 
3 380 
3 381 
3 400 
3 405 
3 442 
3 447 
3 451 
3 454 
3 463 
3 478 
3 492 
3 499 
4 5 
4 7 
4 10 
4 11 
4 12 
4 13 
4 14 
4 15 
4 24 
4 25 
4 26 
4 40 
4 41 
4 45 
4 47 
4 49 
4 51 
4 54 
4 57 
4 70 
4 71 
4 94 
4 108 
4 110 
4 117 
4 126 
4 146 
4 150 
4 164 
4 168 
4 187 
4 188 
4 190 
4 195 
4 196 
4 215 
4 234 
4 259 
4 263 
4 269 
4 293 
4 299 
4 319 
4 345 
4 364 
4 374 
4 379 
4 390 
4 472 
4 478 
5 6 
5 11 
5 12 
5 13 
5 14 
5 17 
5 20 
5 26 
5 27 
5 38 
5 44 
5 46 
5 53 
5 61 
5 64 
5 68 
5 71 
5 89 
5 92 
5 95 
5 106 
5 107 
5 111 
5 125 
5 127 
5 129 
5 134 
5 136 
5 142 
5 152 
5 165 
5 166 
5 217 
5 241 
5 242 
5 255 
5 266 
5 273 
5 284 
5 337 
5 345 
5 347 
5 372 
5 382 
5 392 
5 400 
5 440 
5 446 
5 489 
6 10 
6 24 
6 25 
6 30 
6 31 
6 36 
6 52 
6 55 
6 58 
6 59 
6 60 
6 67 
6 77 
6 120 
6 136 
6 139 
6 151 
6 155 
6 163 
6 173 
6 181 
6 182 
6 185 
6 189 
6 224 
6 229 
6 237 
6 239 
6 249 
6 269 
6 271 
6 272 
6 277 
6 297 
6 301 
6 303 
6 318 
6 328 
6 375 
6 377 
6 380 
6 384 
6 391 
6 393 
6 412 
6 467 
6 492 
6 498 
7 21 
7 31 
7 33 
7 51 
7 55 
7 73 
7 74 
7 85 
7 96 
7 104 
7 157 
7 171 
7 179 
7 183 
7 193 
7 200 
7 210 
7 323 
7 341 
7 352 
7 387 
7 417 
7 422 
8 9 
8 12 
8 13 
8 16 
8 17 
8 18 
8 19 
8 20 
8 21 
8 23 
8 29 
8 32 
8 34 
8 44 
8 48 
8 50 
8 55 
8 63 
8 67 
8 80 
8 83 
8 88 
8 95 
8 97 
8 103 
8 112 
8 113 
8 114 
8 146 
8 154 
8 173 
8 174 
8 189 
8 194 
8 199 
8 207 
8 208 
8 213 
8 216 
8 226 
8 235 
8 236 
8 239 
8 240 
8 241 
8 243 
8 260 
8 269 
8 282 
8 288 
8 299 
8 302 
8 311 
8 315 
8 346 
8 362 
8 372 
8 384 
8 449 
8 462 
8 470 
8 471 
8 472 
8 477 
8 487 
8 493 
9 10 
9 11 
9 14 
9 21 
9 22 
9 23 
9 25 
9 30 
9 36 
9 37 
9 50 
9 51 
9 61 
9 66 
9 69 
9 84 
9 86 
9 88 
9 89 
9 90 
9 97 
9 105 
9 108 
9 112 
9 117 
9 122 
9 149 
9 158 
9 171 
9 177 
9 203 
9 204 
9 241 
9 256 
9 265 
9 266 
9 297 
9 301 
9 305 
9 308 
9 314 
9 329 
9 356 
9 369 
9 383 
9 394 
9 412 
9 469 
9 493 
10 16 
10 21 
10 54 
10 59 
10 90 
10 92 
10 107 
10 123 
10 128 
10 135 
10 155 
10 186 
10 188 
10 285 
10 293 
10 322 
10 324 
10 327 
10 362 
10 387 
10 391 
10 392 
10 411 
10 457 
10 475 
10 479 
10 495 
11 16 
11 19 
11 22 
11 23 
11 28 
11 40 
11 47 
11 67 
11 71 
11 89 
11 94 
11 96 
11 120 
11 127 
11 140 
11 145 
11 158 
11 169 
11 192 
11 193 
11 197 
11 211 
11 217 
11 220 
11 229 
11 255 
11 300 
11 333 
11 359 
11 388 
11 389 
11 396 
11 433 
11 457 
11 480 
11 482 
12 25 
12 28 
12 30 
12 32 
12 49 
12 57 
12 68 
12 80 
12 98 
12 103 
12 159 
12 213 
12 222 
12 247 
12 270 
12 315 
12 327 
12 341 
12 368 
12 370 
12 376 
12 404 
12 454 
13 20 
13 62 
13 87 
13 97 
13 102 
13 115 
13 149 
13 170 
13 182 
13 186 
13 221 
13 237 
13 249 
13 259 
13 276 
13 287 
13 292 
13 328 
13 447 
13 461 
13 465 
13 497 
14 32 
14 100 
14 148 
14 161 
14 254 
14 284 
14 304 
14 337 
14 347 
14 351 
14 397 
14 412 
15 17 
15 18 
15 27 
15 29 
15 32 
15 38 
15 48 
15 58 
15 78 
15 82 
15 86 
15 90 
15 129 
15 134 
15 137 
15 145 
15 166 
15 184 
15 240 
15 262 
15 274 
15 276 
15 307 
15 340 
15 379 
15 395 
15 411 
15 442 
15 496 
16 28 
16 64 
16 134 
16 219 
16 245 
16 316 
17 328 
18 230 
18 242 
18 272 
18 394 
19 24 
19 37 
19 41 
19 43 
19 54 
19 63 
19 81 
19 90 
19 98 
19 100 
19 126 
19 136 
19 146 
19 191 
19 193 
19 220 
19 228 
19 278 
19 287 
19 345 
19 349 
19 360 
19 366 
19 397 
19 424 
19 436 
19 441 
19 487 
20 27 
20 33 
20 36 
20 38 
20 47 
20 48 
20 49 
20 67 
20 85 
20 109 
20 119 
20 121 
20 127 
20 155 
20 172 
20 205 
20 209 
20 264 
20 270 
20 286 
20 287 
20 313 
20 315 
20 317 
20 327 
20 329 
20 337 
20 357 
20 377 
20 450 
21 23 
21 28 
21 33 
21 35 
21 118 
21 141 
21 147 
21 171 
21 174 
21 190 
21 236 
21 281 
21 284 
21 298 
21 312 
21 369 
21 371 
21 441 
21 467 
21 473 
21 496 
22 60 
22 437 
23 140 
23 153 
23 176 
23 186 
23 194 
23 257 
23 326 
23 476 
24 39 
24 101 
24 123 
24 180 
24 205 
24 292 
24 324 
24 342 
24 410 
25 43 
25 52 
25 59 
25 68 
25 82 
25 91 
25 93 
25 151 
25 182 
25 249 
25 254 
25 287 
25 432 
25 449 
25 455 
26 29 
26 37 
26 38 
26 43 
26 65 
26 66 
26 73 
26 74 
26 76 
26 77 
26 78 
26 82 
26 83 
26 91 
26 109 
26 148 
26 168 
26 175 
26 225 
26 233 
26 240 
26 260 
26 298 
26 322 
26 335 
26 336 
26 347 
26 348 
26 351 
26 398 
26 408 
26 409 
26 428 
26 457 
26 471 
27 35 
27 47 
27 72 
27 80 
27 84 
27 120 
27 131 
27 162 
27 173 
27 190 
27 206 
27 222 
27 261 
27 272 
27 382 
27 400 
27 490 
28 33 
28 34 
28 42 
28 51 
28 57 
28 61 
28 64 
28 116 
28 130 
28 207 
28 218 
28 261 
28 268 
28 283 
28 309 
28 413 
29 31 
29 36 
29 41 
29 140 
29 179 
29 190 
29 198 
29 213 
29 312 
29 317 
29 338 
29 376 
30 39 
30 40 
30 42 
30 50 
30 60 
30 74 
30 86 
30 110 
30 121 
30 169 
30 174 
30 199 
30 202 
30 210 
30 245 
30 255 
30 260 
30 280 
30 282 
30 292 
30 299 
30 326 
30 356 
30 456 
31 35 
31 45 
31 65 
31 82 
31 84 
31 87 
31 142 
31 210 
31 257 
31 265 
31 325 
31 359 
31 370 
31 375 
31 383 
31 437 
32 40 
32 79 
32 81 
32 103 
32 193 
32 202 
32 286 
32 424 
32 434 
32 439 
33 42 
33 46 
33 66 
33 77 
33 124 
33 160 
33 192 
33 199 
33 253 
33 290 
33 311 
33 330 
33 421 
33 480 
33 494 
34 62 
34 102 
34 145 
34 152 
34 198 
34 226 
34 273 
34 295 
34 334 
34 423 
34 443 
34 494 
35 46 
35 104 
35 243 
35 400 
36 103 
36 147 
36 174 
36 217 
36 415 
36 437 
37 73 
37 79 
37 144 
37 155 
37 170 
37 253 
37 256 
37 262 
37 295 
37 366 
37 425 
37 498 
38 53 
38 69 
38 96 
38 152 
38 157 
38 181 
38 244 
38 283 
38 300 
38 304 
38 311 
38 334 
38 335 
38 402 
38 495 
39 61 
39 76 
39 87 
39 105 
39 148 
39 209 
39 296 
39 354 
39 361 
39 365 
39 373 
39 405 
39 409 
39 414 
40 131 
40 238 
41 55 
41 149 
41 201 
41 214 
41 258 
41 401 
42 44 
42 79 
42 83 
42 104 
42 138 
42 175 
42 177 
42 183 
42 216 
42 256 
42 268 
42 325 
42 393 
42 416 
43 45 
43 70 
43 75 
43 139 
43 201 
43 230 
43 483 
44 50 
44 54 
44 58 
44 75 
44 86 
44 87 
44 88 
44 102 
44 104 
44 128 
44 129 
44 132 
44 147 
44 161 
44 192 
44 220 
44 234 
44 240 
44 256 
44 304 
44 309 
44 319 
44 346 
44 443 
44 452 
44 456 
44 472 
44 486 
45 56 
45 57 
45 65 
45 75 
45 114 
45 124 
45 142 
45 180 
45 203 
45 459 
46 53 
46 72 
46 131 
46 161 
46 177 
46 232 
46 270 
46 277 
46 283 
46 309 
46 314 
46 434 
46 441 
46 464 
46 473 
47 78 
47 107 
47 206 
47 246 
48 66 
48 108 
48 129 
48 254 
48 404 
48 438 
49 79 
49 112 
49 128 
49 135 
49 235 
49 248 
49 251 
49 321 
49 361 
49 375 
50 119 
50 141 
50 204 
50 218 
50 231 
50 306 
51 59 
51 113 
51 130 
51 132 
51 244 
51 274 
51 300 
52 63 
52 101 
52 149 
52 197 
52 253 
52 403 
52 444 
52 484 
53 56 
53 58 
53 100 
53 167 
53 172 
53 195 
53 263 
53 294 
53 316 
53 464 
54 69 
54 70 
54 72 
54 116 
54 144 
54 160 
54 224 
54 267 
54 294 
54 352 
54 374 
54 399 
54 405 
54 416 
54 445 
55 142 
55 197 
55 200 
55 223 
55 275 
55 278 
55 372 
55 482 
55 497 
56 81 
56 111 
56 167 
57 88 
57 92 
57 111 
57 133 
57 134 
57 135 
57 137 
57 321 
57 325 
57 447 
58 70 
58 363 
58 413 
59 99 
59 176 
59 207 
59 238 
60 62 
60 68 
60 74 
60 83 
60 105 
60 126 
60 128 
60 132 
60 141 
60 156 
60 178 
60 179 
60 191 
60 195 
60 209 
60 260 
60 310 
60 318 
60 368 
60 374 
60 402 
60 447 
60 465 
61 65 
61 93 
61 139 
61 159 
61 223 
61 252 
62 94 
62 268 
62 320 
62 348 
62 458 
63 93 
63 100 
63 126 
63 363 
63 434 
64 106 
64 216 
64 247 
64 319 
64 353 
64 364 
65 138 
65 183 
65 336 
66 227 
66 270 
67 76 
67 125 
67 264 
67 495 
68 96 
68 115 
68 137 
68 162 
68 176 
68 194 
68 204 
68 208 
68 355 
68 430 
69 113 
69 115 
69 116 
69 131 
69 135 
69 162 
69 200 
69 238 
69 254 
69 289 
69 290 
69 302 
69 343 
69 388 
70 71 
70 75 
70 77 
70 115 
70 219 
70 241 
70 266 
70 278 
70 351 
70 424 
70 455 
71 157 
71 252 
71 427 
72 101 
72 425 
73 117 
73 218 
73 274 
73 312 
73 481 
73 487 
73 494 
74 112 
74 127 
74 264 
74 468 
75 85 
75 253 
75 383 
76 91 
76 151 
76 154 
76 308 
76 365 
76 455 
77 194 
77 228 
77 257 
77 395 
77 428 
77 430 
78 231 
78 313 
78 325 
78 342 
78 364 
78 373 
78 385 
78 439 
79 91 
79 109 
79 143 
79 152 
79 187 
79 207 
79 454 
79 497 
80 121 
80 165 
80 208 
80 338 
81 122 
81 180 
81 196 
81 354 
81 357 
81 419 
81 461 
81 486 
82 168 
82 394 
82 419 
82 440 
82 465 
83 346 
83 391 
83 392 
83 468 
83 480 
84 233 
84 239 
84 293 
84 401 
84 422 
85 153 
85 212 
85 227 
85 248 
85 249 
85 307 
85 339 
85 385 
85 450 
86 328 
86 418 
87 119 
87 133 
87 158 
87 179 
87 258 
87 276 
87 291 
87 404 
87 473 
88 89 
88 124 
88 159 
88 239 
88 482 
89 98 
89 178 
89 212 
89 224 
89 330 
89 361 
89 407 
89 439 
90 101 
90 117 
90 290 
90 373 
91 138 
91 167 
91 394 
91 462 
92 148 
92 180 
92 322 
92 378 
92 440 
93 184 
93 206 
93 271 
93 346 
93 349 
94 95 
94 107 
94 130 
94 163 
94 172 
94 217 
94 246 
94 310 
94 359 
94 393 
94 403 
94 419 
95 105 
95 156 
95 223 
95 340 
95 391 
95 420 
96 99 
96 160 
96 181 
96 185 
96 189 
96 211 
96 214 
96 232 
96 306 
96 313 
96 326 
96 385 
96 399 
97 110 
97 161 
97 187 
97 189 
97 200 
97 205 
97 261 
97 273 
97 371 
97 431 
98 165 
99 285 
100 123 
100 320 
100 352 
100 361 
100 365 
100 415 
100 460 
101 109 
101 125 
101 137 
101 144 
101 177 
101 244 
101 263 
101 411 
101 436 
101 467 
101 475 
101 490 
102 119 
102 140 
102 178 
102 246 
103 111 
103 164 
103 167 
103 215 
103 226 
103 250 
103 280 
103 369 
103 386 
103 397 
103 402 
103 449 
103 482 
105 153 
105 185 
105 248 
105 404 
105 430 
106 122 
106 232 
106 275 
106 276 
106 344 
106 432 
107 160 
107 344 
108 143 
108 340 
108 360 
109 121 
109 158 
109 212 
109 407 
110 192 
110 247 
110 451 
110 481 
111 150 
111 156 
111 159 
111 196 
111 197 
111 229 
111 250 
111 288 
111 335 
111 384 
111 402 
111 427 
111 480 
111 491 
112 162 
112 163 
112 232 
113 151 
113 166 
113 317 
113 321 
114 214 
114 238 
114 271 
114 299 
115 184 
116 118 
116 182 
116 223 
116 319 
117 138 
117 145 
117 231 
117 265 
117 331 
117 398 
117 414 
117 433 
117 459 
118 295 
119 124 
119 184 
119 233 
119 280 
119 450 
119 451 
119 463 
119 473 
121 156 
121 251 
121 273 
124 147 
124 169 
124 244 
124 389 
124 405 
124 417 
125 289 
125 331 
126 214 
126 318 
126 331 
126 362 
126 379 
126 490 
127 133 
127 163 
127 191 
127 226 
127 476 
128 130 
128 263 
129 154 
129 186 
129 305 
129 311 
130 175 
130 267 
130 327 
130 375 
131 198 
131 291 
132 306 
133 169 
133 359 
133 401 
133 444 
133 453 
134 245 
134 267 
134 341 
134 396 
135 236 
135 252 
135 285 
135 458 
136 139 
136 403 
137 143 
137 229 
137 252 
137 341 
137 347 
138 221 
138 279 
138 296 
138 318 
138 323 
139 150 
139 464 
140 233 
140 408 
141 401 
141 418 
142 211 
142 438 
143 220 
143 323 
144 150 
144 153 
144 221 
144 243 
144 335 
145 479 
146 187 
146 288 
146 297 
146 389 
146 439 
146 483 
147 166 
147 205 
147 209 
147 266 
147 267 
147 286 
147 381 
147 468 
148 489 
149 212 
149 423 
149 466 
150 445 
153 383 
153 409 
155 208 
156 202 
156 227 
156 332 
156 358 
156 436 
157 171 
157 172 
157 434 
157 445 
158 199 
158 291 
158 314 
158 357 
158 469 
158 471 
160 164 
160 343 
161 168 
161 178 
161 294 
161 336 
162 201 
162 203 
162 339 
162 453 
163 435 
164 237 
165 413 
166 195 
166 243 
166 422 
166 433 
166 457 
167 196 
167 228 
167 332 
167 499 
168 191 
168 213 
168 348 
168 469 
169 188 
169 324 
169 478 
170 459 
171 188 
171 275 
171 298 
171 398 
171 435 
171 453 
172 183 
173 175 
173 297 
174 277 
174 302 
175 331 
176 211 
176 350 
176 403 
177 420 
178 282 
178 395 
179 421 
180 264 
181 215 
181 399 
182 219 
182 357 
183 333 
184 198 
184 290 
184 291 
184 381 
184 385 
184 441 
184 474 
185 409 
185 470 
186 320 
186 414 
187 216 
187 423 
188 387 
188 390 
188 431 
188 460 
189 202 
189 219 
189 340 
189 377 
189 417 
189 435 
190 225 
190 305 
190 342 
190 389 
191 277 
191 284 
191 343 
192 387 
192 497 
193 251 
193 295 
193 326 
193 427 
193 429 
194 356 
194 437 
195 203 
195 408 
195 498 
196 356 
197 368 
198 410 
199 225 
199 250 
199 362 
200 464 
202 294 
202 367 
202 410 
202 426 
203 251 
203 433 
204 235 
204 250 
204 283 
204 285 
204 303 
204 353 
204 380 
204 388 
204 399 
206 225 
206 358 
207 221 
208 296 
209 364 
210 363 
211 279 
211 282 
211 332 
211 334 
212 289 
213 236 
213 458 
214 272 
215 235 
215 255 
215 281 
216 423 
218 350 
218 373 
218 426 
218 472 
219 286 
219 339 
219 446 
220 289 
220 310 
222 259 
223 227 
223 303 
223 428 
223 486 
224 371 
225 312 
225 406 
225 417 
226 453 
227 324 
227 410 
227 498 
230 491 
231 308 
231 338 
231 396 
231 485 
232 234 
232 242 
232 349 
232 411 
232 422 
234 301 
234 353 
235 488 
236 300 
237 443 
238 381 
238 483 
239 353 
239 360 
240 246 
240 367 
241 303 
241 349 
243 274 
244 271 
244 330 
244 442 
246 467 
249 352 
250 448 
250 456 
251 258 
254 334 
255 262 
255 365 
255 406 
256 258 
256 337 
256 370 
256 424 
256 478 
256 488 
259 446 
260 418 
260 432 
260 470 
261 354 
261 444 
261 484 
262 461 
263 301 
263 420 
263 432 
263 435 
264 493 
265 342 
265 431 
266 338 
266 354 
266 358 
267 308 
268 320 
269 414 
269 425 
270 323 
270 462 
270 475 
271 275 
271 355 
271 407 
273 317 
273 329 
273 332 
273 351 
273 429 
275 377 
275 426 
276 306 
276 415 
276 448 
278 329 
278 395 
278 488 
279 367 
280 358 
281 485 
282 314 
283 313 
283 321 
283 366 
285 487 
286 413 
287 493 
289 415 
290 307 
290 446 
291 430 
291 452 
291 485 
292 443 
292 492 
293 302 
293 315 
293 366 
293 376 
293 384 
293 386 
293 390 
295 368 
297 316 
297 372 
297 396 
299 406 
299 444 
299 470 
300 421 
300 466 
302 474 
303 452 
307 499 
309 333 
309 350 
309 442 
319 345 
319 448 
319 454 
320 388 
320 491 
321 339 
321 386 
323 363 
323 445 
324 378 
325 477 
326 429 
326 438 
327 429 
327 460 
328 333 
328 412 
331 484 
334 348 
334 378 
334 462 
336 469 
338 382 
338 431 
340 379 
342 376 
343 418 
349 378 
349 392 
349 419 
354 438 
354 481 
355 450 
356 390 
356 408 
356 490 
357 360 
358 451 
359 474 
359 484 
361 436 
361 455 
364 428 
367 459 
369 456 
370 374 
370 406 
370 416 
371 452 
371 496 
374 449 
376 440 
378 386 
378 465 
385 491 
387 398 
388 471 
397 479 
401 475 
404 477 
407 485 
411 460 
411 461 
417 468 
421 426 
427 458 
428 483 
429 488 
433 492 
441 466 
443 463 
450 463 
451 466 
460 476 
464 479 
467 481 
468 495 
471 476 
472 499 
485 486 
