false
false
500
1988
0 1 
0 3 
0 4 
0 5 
0 6 
0 9 
0 10 
0 11 
0 12 
0 15 
0 19 
0 20 
0 23 
0 30 
0 38 
0 52 
0 54 
0 65 
0 75 
0 82 
0 99 
0 101 
0 117 
0 147 
0 149 
0 150 
0 152 
0 153 
0 159 
0 163 
0 196 
0 205 
0 210 
0 211 
0 237 
0 242 
0 284 
0 292 
0 304 
0 328 
0 343 
0 366 
0 376 
0 422 
0 424 
0 432 
0 439 
0 441 
0 455 
0 465 
1 2 
1 4 
1 5 
1 6 
1 7 
1 8 
1 9 
1 10 
1 13 
1 15 
1 16 
1 18 
1 22 
1 28 
1 30 
1 35 
1 41 
1 42 
1 43 
1 45 
1 46 
1 50 
1 51 
1 53 
1 56 
1 58 
1 60 
1 61 
1 74 
1 77 
1 78 
1 80 
1 81 
1 83 
1 86 
1 94 
1 97 
1 101 
1 103 
1 104 
1 106 
1 109 
1 114 
1 116 
1 118 
1 125 
1 131 
1 132 
1 139 
1 156 
1 164 
1 171 
1 173 
1 176 
1 182 
1 185 
1 191 
1 195 
1 223 
1 235 
1 236 
1 238 
1 265 
1 275 
1 291 
1 329 
1 339 
1 365 
1 370 
1 380 
1 385 
1 392 
1 403 
1 427 
1 428 
1 456 
1 462 
1 473 
1 489 
2 3 
2 4 
2 6 
2 7 
2 10 
2 12 
2 16 
2 60 
2 63 
2 64 
2 67 
2 88 
2 104 
2 111 
2 130 
2 181 
2 201 
2 228 
2 229 
2 239 
2 280 
2 322 
2 324 
2 338 
2 368 
2 427 
2 428 
2 437 
2 456 
3 4 
3 5 
3 6 
3 7 
3 8 
3 11 
3 13 
3 14 
3 15 
3 16 
3 17 
3 19 
3 21 
3 22 
3 23 
3 27 
3 37 
3 41 
3 59 
3 68 
3 70 
3 80 
3 85 
3 86 
3 93 
3 135 
3 177 
3 188 
3 213 
3 221 
3 224 
3 242 
3 253 
3 255 
3 267 
3 272 
3 274 
3 276 
3 278 
3 280 
3 292 
3 310 
3 323 
3 353 
3 378 
3 443 
3 445 
3 465 
4 5 
4 8 
4 9 
4 14 
4 20 
4 33 
4 38 
4 56 
4 66 
4 86 
4 91 
4 98 
4 105 
4 112 
4 115 
4 117 
4 118 
4 127 
4 156 
4 168 
4 176 
4 182 
4 209 
4 218 
4 223 
4 235 
4 261 
4 303 
4 312 
4 315 
4 335 
4 401 
4 407 
4 448 
4 462 
5 8 
5 15 
5 16 
5 17 
5 21 
5 26 
5 27 
5 28 
5 36 
5 37 
5 42 
5 59 
5 60 
5 67 
5 72 
5 94 
5 108 
5 113 
5 115 
5 122 
5 126 
5 133 
5 154 
5 158 
5 160 
5 198 
5 202 
5 214 
5 263 
5 283 
5 354 
5 383 
5 391 
5 392 
5 425 
5 449 
5 490 
6 7 
6 10 
6 12 
6 13 
6 14 
6 18 
6 22 
6 26 
6 28 
6 32 
6 36 
6 47 
6 56 
6 67 
6 71 
6 73 
6 75 
6 78 
6 85 
6 95 
6 100 
6 108 
6 120 
6 129 
6 130 
6 140 
6 161 
6 163 
6 206 
6 222 
6 229 
6 235 
6 236 
6 248 
6 251 
6 265 
6 328 
6 346 
6 367 
6 379 
6 383 
6 400 
6 401 
6 426 
6 429 
6 466 
6 469 
7 11 
7 12 
7 18 
7 20 
7 31 
7 33 
7 34 
7 59 
7 69 
7 101 
7 103 
7 107 
7 126 
7 164 
7 178 
7 191 
7 246 
7 257 
7 306 
7 317 
7 324 
7 327 
7 328 
7 337 
7 346 
7 350 
7 373 
7 432 
7 442 
7 491 
7 499 
8 9 
8 23 
8 25 
8 34 
8 40 
8 52 
8 53 
8 55 
8 58 
8 93 
8 98 
8 112 
8 114 
8 135 
8 160 
8 167 
8 189 
8 221 
8 246 
8 247 
8 251 
8 253 
8 306 
8 333 
8 417 
8 424 
8 426 
8 450 
8 457 
9 18 
9 24 
9 25 
9 36 
9 37 
9 50 
9 55 
9 61 
9 62 
9 67 
9 109 
9 123 
9 125 
9 183 
9 202 
9 213 
9 237 
9 347 
9 399 
9 404 
9 432 
9 464 
9 471 
9 492 
10 11 
10 13 
10 17 
10 20 
10 25 
10 26 
10 27 
10 31 
10 36 
10 38 
10 40 
10 43 
10 44 
10 45 
10 52 
10 62 
10 73 
10 76 
10 78 
10 83 
10 91 
10 92 
10 96 
10 98 
10 99 
10 100 
10 118 
10 121 
10 123 
10 124 
10 125 
10 126 
10 138 
10 140 
10 143 
10 162 
10 163 
10 195 
10 196 
10 198 
10 200 
10 213 
10 219 
10 221 
10 227 
10 229 
10 243 
10 244 
10 259 
10 261 
10 274 
10 281 
10 285 
10 313 
10 325 
10 337 
10 338 
10 346 
10 370 
10 398 
10 399 
10 407 
10 408 
10 419 
10 421 
10 422 
10 458 
10 469 
10 477 
10 498 
10 499 
11 29 
11 50 
11 51 
11 122 
11 127 
11 175 
11 207 
11 283 
11 492 
12 14 
12 26 
12 31 
12 37 
12 43 
12 49 
12 51 
12 60 
12 69 
12 77 
12 79 
12 80 
12 92 
12 101 
12 129 
12 141 
12 151 
12 153 
12 160 
12 163 
12 170 
12 185 
12 282 
12 296 
12 338 
12 353 
12 357 
12 385 
12 388 
12 404 
12 452 
13 29 
13 30 
13 39 
13 54 
13 122 
13 130 
13 179 
13 232 
13 236 
13 413 
14 21 
14 25 
14 42 
14 53 
14 57 
14 64 
14 100 
14 146 
14 166 
14 202 
14 203 
14 292 
14 328 
14 336 
14 358 
14 483 
15 19 
15 31 
15 35 
15 43 
15 47 
15 53 
15 78 
15 89 
15 97 
15 102 
15 137 
15 141 
15 178 
15 198 
15 202 
15 223 
15 278 
15 316 
15 330 
15 343 
15 361 
15 362 
15 377 
15 403 
15 414 
15 486 
16 17 
16 19 
16 24 
16 29 
16 42 
16 52 
16 64 
16 66 
16 76 
16 85 
16 90 
16 111 
16 113 
16 119 
16 123 
16 155 
16 186 
16 192 
16 207 
16 216 
16 217 
16 220 
16 240 
16 248 
16 275 
16 292 
16 302 
16 352 
16 375 
16 390 
17 24 
17 27 
17 28 
17 32 
17 44 
17 48 
17 50 
17 55 
17 63 
17 94 
17 105 
17 110 
17 131 
17 136 
17 150 
17 167 
17 168 
17 171 
17 187 
17 206 
17 230 
17 256 
17 286 
17 307 
17 335 
17 378 
17 386 
17 437 
17 444 
17 454 
17 471 
17 475 
18 21 
18 22 
18 23 
18 30 
18 32 
18 54 
18 57 
18 74 
18 92 
18 129 
18 132 
18 133 
18 148 
18 149 
18 156 
18 177 
18 216 
18 228 
18 230 
18 309 
18 330 
18 359 
18 364 
18 366 
18 380 
18 437 
19 128 
19 135 
19 158 
19 184 
19 204 
19 212 
19 234 
19 239 
19 249 
19 260 
19 264 
19 369 
19 384 
19 393 
19 397 
20 24 
20 29 
20 32 
20 69 
20 188 
20 190 
20 215 
20 219 
20 246 
20 290 
20 295 
20 367 
20 389 
20 401 
20 403 
21 33 
21 57 
21 71 
21 120 
21 197 
21 204 
21 206 
21 243 
21 362 
21 414 
21 434 
21 440 
21 441 
21 447 
22 35 
22 44 
22 49 
22 72 
22 96 
22 151 
22 155 
22 229 
22 394 
22 427 
22 443 
22 495 
23 47 
23 68 
23 76 
23 129 
23 168 
23 177 
23 184 
23 199 
23 363 
24 72 
24 88 
24 102 
24 143 
24 190 
24 288 
24 336 
24 348 
24 388 
24 394 
25 48 
25 59 
25 66 
25 143 
25 213 
25 299 
25 340 
25 430 
25 494 
26 33 
26 39 
26 45 
26 49 
26 169 
26 173 
26 195 
26 196 
26 201 
26 207 
26 232 
26 236 
26 243 
26 336 
26 364 
26 446 
27 40 
27 54 
27 62 
27 79 
27 93 
27 124 
27 146 
27 150 
27 161 
27 182 
27 205 
27 258 
27 438 
28 35 
28 165 
28 240 
28 291 
28 300 
28 381 
28 478 
29 46 
29 48 
29 82 
29 84 
29 106 
29 137 
29 140 
29 157 
29 158 
29 170 
29 176 
29 194 
29 200 
29 310 
29 330 
29 393 
29 448 
29 466 
29 494 
29 495 
30 40 
30 41 
30 58 
30 70 
30 73 
30 79 
30 84 
30 116 
30 146 
30 241 
30 242 
30 252 
30 254 
30 260 
30 291 
30 304 
30 351 
30 477 
31 34 
31 44 
31 61 
31 62 
31 70 
31 76 
31 77 
31 81 
31 82 
31 87 
31 119 
31 149 
31 172 
31 214 
31 234 
31 280 
31 298 
31 318 
31 326 
31 347 
31 364 
31 372 
31 375 
31 382 
31 387 
31 438 
31 448 
31 464 
32 34 
32 65 
32 73 
32 139 
32 179 
32 244 
32 295 
32 332 
33 38 
33 41 
33 46 
33 61 
33 84 
33 151 
33 180 
33 194 
33 266 
33 308 
33 387 
33 441 
34 39 
34 64 
34 80 
34 91 
34 227 
34 254 
34 309 
35 74 
35 153 
35 164 
35 187 
35 193 
35 198 
35 250 
35 278 
35 410 
35 415 
35 479 
35 484 
35 486 
36 39 
36 142 
36 144 
36 320 
36 344 
36 359 
36 368 
37 57 
37 72 
37 81 
37 97 
37 126 
37 152 
37 184 
37 190 
37 191 
37 195 
37 234 
37 270 
37 341 
37 404 
37 434 
37 437 
38 45 
38 75 
38 87 
38 89 
38 105 
38 119 
38 144 
38 145 
38 170 
38 203 
38 271 
38 327 
38 356 
38 359 
38 361 
38 365 
38 409 
38 413 
38 440 
38 444 
38 447 
38 455 
38 463 
38 487 
38 496 
38 499 
39 82 
39 83 
39 138 
39 173 
39 375 
39 417 
40 109 
40 136 
40 241 
41 214 
41 374 
42 69 
42 70 
42 98 
42 108 
42 174 
42 212 
42 226 
42 252 
42 265 
42 344 
42 384 
42 485 
43 48 
43 55 
43 68 
43 71 
43 74 
43 81 
43 112 
43 118 
43 120 
43 153 
43 154 
43 180 
43 208 
43 244 
43 249 
43 281 
43 290 
43 344 
43 346 
43 395 
43 443 
43 453 
43 455 
43 461 
43 470 
44 83 
44 90 
44 110 
44 183 
44 217 
44 325 
44 412 
45 46 
45 58 
45 85 
45 96 
45 110 
45 133 
45 145 
45 150 
45 190 
45 211 
45 267 
45 271 
45 344 
45 365 
45 394 
45 402 
45 411 
46 47 
46 49 
46 51 
46 84 
46 88 
46 134 
46 199 
46 247 
46 253 
46 472 
47 106 
47 182 
47 208 
47 301 
47 316 
47 382 
47 423 
47 453 
47 461 
48 107 
48 157 
48 408 
49 103 
49 106 
49 173 
49 205 
49 231 
49 267 
49 278 
49 347 
49 398 
49 415 
49 450 
50 160 
50 224 
51 65 
51 90 
51 104 
51 115 
51 120 
51 169 
51 216 
51 276 
51 343 
51 382 
51 431 
52 56 
52 107 
52 119 
52 208 
52 256 
52 298 
52 320 
52 454 
53 63 
53 154 
53 358 
53 417 
54 66 
54 89 
54 90 
54 301 
54 476 
55 88 
55 152 
55 218 
55 225 
55 244 
55 289 
55 300 
55 334 
55 387 
55 415 
55 420 
55 444 
56 124 
56 134 
57 65 
57 77 
57 105 
57 428 
58 71 
58 96 
58 108 
58 110 
58 111 
58 121 
58 130 
58 152 
58 233 
58 288 
58 345 
58 351 
58 357 
58 393 
58 395 
58 402 
58 491 
58 497 
59 91 
59 138 
59 211 
59 260 
59 262 
59 264 
59 273 
59 277 
59 302 
59 307 
59 467 
59 493 
60 171 
60 270 
60 297 
60 303 
60 322 
60 337 
60 427 
61 63 
61 68 
61 87 
61 102 
61 128 
61 157 
61 233 
61 285 
61 294 
61 312 
61 316 
61 393 
61 412 
61 425 
61 470 
63 95 
63 113 
63 141 
63 172 
63 226 
63 263 
63 343 
63 381 
63 397 
63 451 
63 457 
63 463 
63 497 
64 148 
64 307 
64 342 
64 396 
65 95 
65 132 
65 159 
65 181 
65 199 
65 222 
65 257 
65 260 
65 410 
66 145 
66 246 
66 300 
66 305 
66 408 
66 458 
66 481 
67 89 
67 253 
67 303 
67 485 
68 117 
68 197 
68 276 
68 435 
68 442 
68 445 
69 134 
69 241 
69 436 
70 79 
70 93 
70 103 
70 104 
70 121 
70 127 
70 128 
70 142 
70 174 
70 231 
70 289 
70 314 
70 315 
70 316 
70 484 
71 86 
71 147 
71 256 
71 279 
71 449 
72 166 
72 245 
72 257 
72 496 
73 75 
73 144 
73 188 
73 323 
73 374 
73 405 
74 158 
74 199 
74 210 
74 220 
74 249 
74 352 
74 445 
74 459 
74 467 
75 137 
75 177 
75 187 
75 192 
75 273 
75 385 
76 92 
76 99 
76 124 
76 141 
76 162 
76 319 
76 390 
77 117 
77 142 
77 197 
77 320 
77 372 
77 455 
77 470 
78 136 
78 174 
78 183 
78 207 
78 215 
78 259 
78 262 
78 268 
78 293 
78 349 
78 414 
79 123 
79 174 
79 406 
80 100 
80 128 
80 223 
80 231 
80 286 
80 309 
80 333 
81 178 
81 180 
81 318 
81 377 
82 140 
82 261 
82 360 
82 375 
83 99 
83 319 
83 325 
83 445 
83 463 
83 480 
84 87 
84 94 
84 143 
84 189 
85 215 
85 441 
86 185 
86 222 
86 225 
86 277 
87 95 
87 109 
87 125 
87 148 
87 175 
87 233 
87 282 
87 296 
87 425 
87 466 
88 112 
88 183 
88 218 
88 279 
88 354 
88 474 
89 203 
90 356 
91 138 
91 255 
91 264 
91 450 
91 473 
91 499 
92 133 
92 151 
92 165 
92 216 
92 218 
92 221 
92 228 
92 237 
92 281 
92 430 
92 436 
92 487 
93 97 
93 131 
93 132 
93 139 
93 416 
94 155 
94 317 
94 349 
94 382 
95 102 
95 114 
95 196 
95 200 
95 272 
95 300 
95 379 
95 408 
95 421 
95 497 
96 115 
96 192 
96 257 
96 263 
97 111 
97 113 
97 116 
97 264 
97 387 
97 416 
97 481 
98 287 
99 142 
99 288 
99 368 
99 390 
100 178 
100 275 
100 314 
100 345 
101 170 
101 269 
101 453 
102 121 
102 313 
102 321 
102 371 
102 389 
102 430 
103 434 
104 204 
104 475 
104 482 
105 116 
105 135 
105 148 
105 164 
105 179 
105 279 
105 357 
106 107 
106 187 
106 215 
106 251 
106 252 
106 279 
106 287 
106 289 
106 293 
106 319 
106 369 
106 370 
106 448 
106 462 
106 473 
107 169 
107 270 
107 275 
107 372 
107 438 
107 464 
108 114 
108 131 
108 154 
109 146 
109 248 
109 259 
109 268 
109 305 
109 311 
109 345 
109 396 
109 497 
110 144 
110 161 
110 172 
110 186 
110 219 
110 422 
110 423 
110 491 
111 234 
111 254 
111 324 
111 333 
111 424 
112 490 
113 149 
113 220 
114 155 
114 296 
114 419 
114 471 
116 488 
117 122 
117 137 
117 262 
117 273 
117 295 
117 312 
117 332 
117 335 
117 483 
118 127 
118 355 
118 373 
118 489 
119 175 
119 192 
119 367 
119 407 
119 493 
120 167 
120 284 
120 334 
120 376 
121 430 
121 432 
122 166 
122 356 
123 134 
123 147 
123 194 
123 201 
123 206 
123 232 
123 248 
123 252 
123 299 
123 345 
123 496 
124 145 
124 238 
124 270 
124 323 
124 349 
124 465 
125 360 
126 136 
126 147 
126 349 
126 355 
126 418 
126 487 
128 165 
128 179 
128 245 
128 311 
128 329 
128 335 
128 498 
129 159 
129 274 
129 331 
129 371 
129 494 
130 219 
131 157 
131 159 
131 186 
131 208 
131 308 
131 429 
131 431 
132 255 
132 354 
132 420 
135 162 
135 212 
135 250 
135 293 
135 339 
136 191 
136 247 
136 459 
136 477 
137 156 
137 165 
137 189 
137 217 
137 224 
137 298 
137 385 
137 413 
137 433 
137 435 
137 439 
137 452 
138 139 
138 185 
138 283 
138 326 
138 358 
139 231 
139 238 
139 239 
139 383 
141 313 
141 350 
141 406 
141 418 
142 166 
142 233 
142 372 
143 193 
143 226 
144 222 
144 238 
144 267 
145 230 
145 475 
146 188 
146 287 
146 311 
146 347 
146 472 
146 493 
147 186 
147 397 
147 412 
148 201 
148 268 
148 304 
149 209 
150 212 
150 321 
151 369 
152 167 
152 172 
152 175 
152 241 
152 247 
152 258 
152 294 
152 359 
152 367 
152 381 
152 407 
152 468 
153 330 
154 210 
155 209 
155 271 
155 324 
155 340 
155 423 
156 180 
156 348 
156 414 
156 426 
157 205 
157 358 
157 396 
157 489 
158 161 
158 193 
158 211 
158 423 
158 480 
159 168 
159 176 
159 269 
159 288 
159 354 
160 162 
162 194 
164 171 
164 266 
164 411 
164 456 
164 484 
166 169 
166 339 
166 412 
167 184 
167 209 
167 227 
167 266 
167 417 
167 418 
168 181 
168 245 
168 332 
168 377 
170 197 
170 320 
170 415 
170 483 
171 285 
171 453 
172 409 
173 353 
174 189 
174 225 
174 237 
174 277 
174 283 
174 284 
174 299 
174 317 
174 384 
174 397 
174 406 
174 457 
175 220 
175 243 
175 271 
175 487 
176 235 
176 274 
176 355 
176 366 
176 429 
176 439 
178 210 
178 399 
178 431 
178 465 
179 181 
179 342 
180 268 
180 475 
180 476 
181 250 
181 438 
182 269 
182 293 
183 290 
184 225 
184 262 
184 265 
184 287 
184 477 
184 483 
185 306 
185 321 
185 405 
186 224 
186 468 
187 276 
187 411 
189 226 
189 284 
189 391 
189 452 
190 193 
190 239 
190 240 
190 258 
190 302 
190 323 
191 273 
191 351 
191 482 
192 266 
192 310 
192 467 
192 489 
193 228 
193 269 
194 203 
194 256 
194 291 
194 341 
194 364 
194 482 
195 204 
195 230 
195 308 
195 327 
196 411 
196 433 
196 476 
197 214 
197 425 
198 200 
198 357 
199 435 
200 313 
201 458 
202 232 
203 242 
203 360 
203 463 
204 249 
204 386 
205 386 
206 217 
206 399 
207 474 
208 254 
208 255 
208 350 
208 446 
209 245 
209 400 
209 416 
209 486 
212 391 
212 422 
213 250 
213 261 
213 263 
213 334 
213 419 
214 251 
214 388 
216 290 
216 297 
216 315 
216 321 
216 421 
217 318 
218 322 
220 240 
220 308 
220 352 
222 227 
223 295 
223 297 
224 282 
224 286 
225 258 
225 306 
225 326 
225 459 
225 485 
226 282 
226 305 
226 378 
226 467 
227 361 
228 297 
228 365 
228 447 
230 406 
231 281 
231 315 
232 286 
232 420 
233 409 
235 289 
235 374 
235 424 
236 311 
236 340 
238 309 
238 326 
238 362 
239 303 
239 337 
239 360 
239 384 
241 294 
241 451 
242 454 
243 329 
244 362 
244 429 
245 312 
246 259 
246 272 
246 380 
247 310 
247 350 
247 363 
247 392 
247 449 
247 460 
250 280 
252 277 
252 436 
253 304 
253 342 
253 355 
253 392 
254 383 
254 402 
255 331 
255 386 
257 314 
259 395 
260 378 
260 389 
263 371 
263 468 
265 338 
265 351 
266 416 
268 325 
269 336 
269 400 
270 272 
270 426 
271 298 
271 301 
271 331 
272 305 
272 348 
272 376 
272 379 
273 294 
273 318 
274 436 
274 442 
274 468 
275 410 
275 446 
277 301 
277 307 
277 478 
278 333 
280 299 
280 329 
281 285 
281 381 
281 418 
283 439 
284 473 
284 476 
284 496 
285 296 
285 401 
287 377 
287 394 
287 400 
289 319 
289 398 
289 456 
290 339 
290 368 
290 484 
290 498 
291 302 
291 479 
292 490 
293 340 
295 322 
295 341 
295 402 
296 366 
296 443 
297 331 
298 348 
298 373 
298 376 
300 363 
300 390 
300 474 
302 317 
302 341 
302 420 
306 314 
306 388 
306 389 
306 404 
309 327 
309 332 
309 431 
311 474 
313 479 
315 361 
316 428 
316 488 
317 334 
317 342 
319 356 
319 470 
320 479 
321 491 
322 457 
322 492 
323 379 
323 442 
327 370 
327 380 
328 488 
328 498 
330 374 
330 454 
332 363 
334 371 
334 488 
335 446 
340 460 
341 440 
342 353 
342 369 
342 373 
342 458 
343 447 
343 461 
344 395 
348 352 
348 405 
354 391 
354 450 
359 478 
361 433 
362 419 
363 413 
363 433 
364 396 
364 471 
368 409 
371 403 
371 405 
371 460 
371 462 
372 472 
372 485 
375 451 
376 410 
380 398 
381 481 
387 434 
387 490 
389 449 
397 493 
404 444 
408 459 
413 421 
419 461 
421 480 
421 492 
422 435 
422 440 
422 460 
422 466 
423 452 
424 464 
433 451 
443 469 
446 469 
447 480 
447 481 
447 494 
463 478 
463 495 
465 486 
466 472 
481 482 
485 495 
