false
false
500
1988
0 1 
0 3 
0 4 
0 5 
0 9 
0 13 
0 17 
0 18 
0 22 
0 23 
0 30 
0 32 
0 34 
0 39 
0 41 
0 43 
0 76 
0 84 
0 110 
0 111 
0 118 
0 124 
0 173 
0 174 
0 184 
0 187 
0 207 
0 224 
0 265 
0 300 
0 314 
0 325 
0 379 
0 434 
0 445 
0 457 
0 462 
0 466 
0 478 
1 2 
1 4 
1 5 
1 6 
1 7 
1 8 
1 9 
1 12 
1 15 
1 23 
1 25 
1 28 
1 32 
1 35 
1 36 
1 41 
1 42 
1 43 
1 49 
1 53 
1 56 
1 62 
1 64 
1 66 
1 88 
1 109 
1 114 
1 129 
1 136 
1 144 
1 155 
1 156 
1 157 
1 159 
1 171 
1 191 
1 211 
1 213 
1 227 
1 249 
1 252 
1 254 
1 256 
1 288 
1 298 
1 300 
1 336 
1 343 
1 345 
1 357 
1 361 
1 371 
1 375 
1 380 
1 394 
1 401 
1 410 
1 419 
1 435 
1 458 
1 462 
1 471 
1 476 
1 482 
2 3 
2 4 
2 7 
2 8 
2 10 
2 16 
2 23 
2 25 
2 27 
2 34 
2 38 
2 49 
2 60 
2 65 
2 71 
2 78 
2 88 
2 93 
2 115 
2 118 
2 123 
2 139 
2 142 
2 173 
2 204 
2 213 
2 225 
2 239 
2 244 
2 251 
2 276 
2 282 
2 296 
2 301 
2 313 
2 331 
2 431 
2 444 
2 479 
2 481 
2 485 
3 4 
3 5 
3 6 
3 8 
3 9 
3 10 
3 11 
3 12 
3 13 
3 14 
3 16 
3 17 
3 18 
3 20 
3 22 
3 24 
3 28 
3 31 
3 52 
3 55 
3 56 
3 59 
3 61 
3 62 
3 69 
3 70 
3 72 
3 77 
3 81 
3 103 
3 105 
3 116 
3 118 
3 125 
3 130 
3 131 
3 132 
3 141 
3 148 
3 158 
3 162 
3 165 
3 170 
3 171 
3 181 
3 185 
3 197 
3 216 
3 222 
3 247 
3 283 
3 310 
3 328 
3 366 
3 394 
3 408 
3 413 
3 422 
3 472 
3 485 
3 486 
4 5 
4 6 
4 7 
4 8 
4 9 
4 12 
4 13 
4 14 
4 15 
4 20 
4 25 
4 29 
4 31 
4 32 
4 35 
4 36 
4 37 
4 47 
4 49 
4 50 
4 62 
4 75 
4 84 
4 88 
4 90 
4 93 
4 98 
4 99 
4 103 
4 106 
4 107 
4 108 
4 110 
4 112 
4 128 
4 131 
4 136 
4 138 
4 139 
4 141 
4 143 
4 172 
4 178 
4 192 
4 204 
4 214 
4 231 
4 237 
4 245 
4 250 
4 267 
4 276 
4 329 
4 333 
4 335 
4 342 
4 344 
4 358 
4 367 
4 369 
4 371 
4 377 
4 383 
4 385 
4 406 
4 415 
4 420 
4 425 
4 438 
4 442 
4 447 
4 448 
5 6 
5 7 
5 11 
5 21 
5 37 
5 38 
5 54 
5 66 
5 83 
5 89 
5 95 
5 112 
5 116 
5 127 
5 135 
5 137 
5 138 
5 148 
5 194 
5 198 
5 212 
5 245 
5 285 
5 319 
5 321 
5 336 
5 347 
5 359 
5 363 
5 404 
5 467 
5 497 
6 10 
6 19 
6 39 
6 42 
6 51 
6 55 
6 73 
6 75 
6 79 
6 117 
6 130 
6 146 
6 161 
6 165 
6 188 
6 214 
6 221 
6 232 
6 292 
6 294 
6 307 
6 330 
6 333 
6 375 
6 377 
6 406 
6 411 
6 426 
6 474 
7 10 
7 11 
7 13 
7 14 
7 17 
7 18 
7 30 
7 37 
7 47 
7 50 
7 74 
7 101 
7 110 
7 111 
7 113 
7 156 
7 167 
7 183 
7 206 
7 213 
7 218 
7 242 
7 243 
7 245 
7 248 
7 261 
7 273 
7 277 
7 310 
7 345 
7 353 
7 361 
7 393 
7 400 
7 407 
7 415 
7 445 
7 446 
7 458 
8 24 
8 27 
8 44 
8 53 
8 60 
8 65 
8 87 
8 91 
8 98 
8 104 
8 124 
8 130 
8 137 
8 146 
8 164 
8 167 
8 195 
8 241 
8 258 
8 260 
8 270 
8 273 
8 275 
8 295 
8 324 
8 325 
8 326 
8 366 
8 411 
8 431 
8 440 
8 477 
8 489 
9 11 
9 12 
9 16 
9 31 
9 37 
9 38 
9 46 
9 58 
9 61 
9 86 
9 96 
9 119 
9 160 
9 163 
9 168 
9 193 
9 204 
9 228 
9 236 
9 267 
9 292 
9 299 
9 332 
9 357 
9 360 
9 404 
9 413 
9 457 
9 473 
10 15 
10 18 
10 20 
10 23 
10 24 
10 51 
10 57 
10 67 
10 77 
10 79 
10 144 
10 161 
10 183 
10 222 
10 252 
10 274 
10 295 
10 338 
10 398 
10 419 
10 422 
10 430 
10 499 
11 16 
11 17 
11 22 
11 26 
11 39 
11 42 
11 45 
11 53 
11 90 
11 100 
11 125 
11 127 
11 157 
11 171 
11 174 
11 175 
11 196 
11 219 
11 238 
11 255 
11 271 
11 285 
11 318 
11 320 
11 340 
11 348 
11 350 
11 380 
11 437 
11 440 
11 471 
11 480 
12 15 
12 20 
12 22 
12 26 
12 39 
12 43 
12 44 
12 51 
12 56 
12 57 
12 58 
12 61 
12 68 
12 100 
12 102 
12 108 
12 117 
12 129 
12 155 
12 165 
12 168 
12 180 
12 189 
12 196 
12 204 
12 212 
12 247 
12 253 
12 263 
12 265 
12 272 
12 290 
12 312 
12 356 
12 359 
12 443 
12 451 
12 455 
12 467 
12 470 
12 483 
12 484 
12 490 
13 14 
13 19 
13 21 
13 26 
13 27 
13 30 
13 50 
13 96 
13 114 
13 149 
13 151 
13 215 
13 237 
13 300 
13 465 
14 19 
14 27 
14 40 
14 52 
14 54 
14 57 
14 61 
14 63 
14 70 
14 82 
14 111 
14 115 
14 124 
14 143 
14 157 
14 164 
14 172 
14 188 
14 189 
14 192 
14 207 
14 239 
14 251 
14 263 
14 266 
14 306 
14 378 
14 418 
14 442 
14 462 
15 19 
15 35 
15 40 
15 60 
15 126 
15 153 
15 162 
15 191 
15 200 
15 217 
15 241 
15 283 
15 313 
15 337 
15 344 
15 456 
15 469 
15 489 
16 21 
16 34 
16 35 
16 55 
16 59 
16 86 
16 95 
16 103 
16 108 
16 112 
16 196 
16 213 
16 275 
16 277 
16 377 
16 379 
16 433 
17 25 
17 38 
17 59 
17 73 
17 74 
17 76 
17 102 
17 149 
17 194 
17 195 
17 209 
17 249 
17 271 
17 373 
17 459 
17 466 
18 33 
18 45 
18 69 
18 78 
18 80 
18 134 
18 150 
18 151 
18 179 
18 180 
18 201 
18 285 
18 296 
18 369 
18 379 
18 396 
18 438 
18 441 
18 458 
19 21 
19 26 
19 29 
19 33 
19 36 
19 40 
19 43 
19 49 
19 82 
19 89 
19 92 
19 107 
19 113 
19 114 
19 118 
19 136 
19 151 
19 152 
19 167 
19 168 
19 186 
19 200 
19 201 
19 210 
19 227 
19 247 
19 249 
19 270 
19 280 
19 287 
19 360 
19 389 
19 392 
19 397 
19 429 
19 444 
19 445 
19 459 
19 492 
19 494 
19 498 
20 24 
20 32 
20 44 
20 154 
20 178 
20 201 
20 205 
20 207 
20 368 
20 479 
21 29 
21 63 
21 91 
21 96 
21 145 
21 206 
21 228 
21 291 
21 339 
21 410 
22 44 
22 47 
22 80 
22 94 
22 107 
22 109 
22 157 
22 165 
22 233 
22 280 
22 327 
22 362 
22 409 
22 454 
22 496 
23 28 
23 34 
23 71 
23 86 
23 87 
23 117 
23 147 
23 208 
23 225 
23 250 
23 272 
23 432 
23 443 
24 33 
24 52 
24 97 
24 125 
24 145 
24 153 
24 174 
24 176 
24 203 
24 221 
24 275 
24 291 
24 293 
24 323 
24 454 
25 55 
25 64 
25 74 
25 76 
25 99 
25 106 
25 179 
25 190 
25 234 
25 269 
25 484 
26 28 
26 30 
26 52 
26 67 
26 72 
26 86 
26 101 
26 120 
26 123 
26 129 
26 141 
26 146 
26 153 
26 175 
26 181 
26 183 
26 199 
26 200 
26 210 
26 216 
26 219 
26 274 
26 289 
26 400 
26 408 
26 409 
26 434 
26 478 
27 31 
27 54 
27 137 
27 189 
27 388 
27 451 
28 29 
28 63 
28 68 
28 71 
28 115 
28 197 
28 208 
28 227 
28 230 
28 246 
28 247 
28 263 
28 376 
28 432 
28 479 
29 33 
29 48 
29 91 
29 127 
29 169 
29 284 
29 316 
29 321 
29 328 
29 392 
30 46 
30 48 
30 67 
30 75 
30 79 
30 83 
30 94 
30 104 
30 140 
30 144 
30 148 
30 164 
30 195 
30 206 
30 231 
30 256 
30 270 
30 286 
30 306 
30 339 
30 340 
30 371 
30 460 
30 463 
30 488 
31 40 
31 41 
31 60 
31 68 
31 84 
31 95 
31 143 
31 156 
31 162 
31 170 
31 184 
31 215 
31 222 
31 229 
31 241 
31 258 
31 259 
31 263 
31 318 
31 391 
31 402 
32 92 
32 93 
32 203 
32 220 
32 380 
33 36 
33 104 
33 120 
33 154 
33 226 
33 425 
34 89 
34 98 
34 223 
35 45 
35 59 
35 69 
35 114 
35 121 
35 125 
35 155 
35 182 
35 210 
35 297 
35 301 
35 306 
35 315 
35 353 
35 451 
35 453 
35 455 
36 45 
36 64 
36 80 
36 135 
36 205 
36 235 
36 256 
36 264 
36 368 
36 405 
36 439 
37 54 
37 87 
37 92 
37 150 
37 240 
37 372 
38 74 
38 198 
38 217 
38 387 
38 402 
39 41 
39 48 
39 129 
39 191 
39 284 
40 51 
40 120 
40 216 
40 237 
41 42 
41 48 
41 56 
41 76 
41 82 
41 97 
41 121 
41 169 
41 194 
41 334 
41 401 
41 437 
41 450 
41 474 
42 46 
42 50 
42 53 
42 80 
42 96 
42 97 
42 99 
42 159 
42 186 
42 243 
42 253 
42 257 
42 269 
42 281 
42 301 
42 318 
42 319 
42 329 
42 362 
42 370 
42 373 
42 409 
42 497 
43 85 
43 93 
43 105 
43 108 
43 116 
43 132 
43 134 
43 186 
43 313 
43 349 
43 369 
43 436 
43 460 
43 487 
44 46 
44 47 
44 64 
44 65 
44 69 
44 72 
44 77 
44 99 
44 112 
44 144 
44 149 
44 201 
44 229 
44 233 
44 240 
44 259 
44 260 
44 268 
44 322 
44 355 
44 360 
44 384 
44 412 
44 442 
45 58 
45 102 
45 178 
45 221 
45 262 
45 279 
45 294 
45 348 
45 427 
45 478 
45 483 
45 485 
46 65 
46 137 
46 322 
46 358 
47 79 
47 185 
47 424 
47 450 
48 58 
48 63 
48 91 
48 115 
48 123 
48 180 
48 182 
48 217 
48 219 
48 240 
48 277 
48 305 
48 370 
48 406 
48 419 
48 433 
49 66 
49 85 
49 138 
49 158 
49 223 
49 261 
49 262 
49 280 
49 482 
50 71 
50 88 
50 106 
50 143 
50 184 
50 205 
50 218 
50 293 
50 309 
50 336 
50 368 
51 101 
51 109 
51 164 
51 187 
51 254 
51 272 
51 339 
51 405 
52 68 
52 90 
52 147 
52 151 
52 190 
52 271 
52 425 
52 429 
52 466 
53 250 
54 57 
54 67 
54 72 
54 119 
54 133 
54 158 
54 177 
54 216 
54 218 
54 220 
54 224 
54 235 
54 256 
54 264 
54 274 
54 279 
54 320 
54 327 
54 334 
54 354 
55 77 
55 92 
55 94 
55 105 
55 109 
55 117 
55 132 
55 166 
55 246 
55 348 
55 427 
55 444 
56 87 
56 90 
56 128 
56 173 
56 260 
56 267 
56 284 
56 299 
56 324 
56 364 
56 390 
56 392 
56 404 
56 463 
57 62 
57 83 
57 116 
57 135 
57 163 
57 293 
57 338 
57 389 
57 496 
58 293 
58 349 
59 70 
59 73 
59 83 
59 152 
59 259 
59 375 
59 382 
60 66 
60 95 
60 100 
60 221 
60 230 
60 307 
60 417 
60 498 
61 98 
61 122 
61 126 
61 127 
61 153 
62 107 
62 140 
62 295 
62 299 
62 352 
63 483 
64 75 
64 82 
64 120 
64 123 
64 185 
64 261 
64 280 
64 290 
64 350 
64 369 
65 135 
65 223 
65 255 
65 278 
65 304 
65 437 
65 481 
65 482 
66 182 
67 70 
67 106 
67 126 
67 150 
67 278 
67 279 
67 312 
67 390 
67 427 
67 435 
67 488 
68 81 
68 97 
68 274 
68 308 
68 372 
68 399 
69 73 
69 142 
69 171 
69 184 
69 244 
69 428 
70 102 
70 131 
70 190 
70 454 
71 199 
71 253 
71 443 
72 148 
72 251 
73 78 
73 103 
73 126 
73 175 
73 177 
73 367 
73 376 
73 377 
73 386 
73 469 
73 476 
73 477 
74 226 
74 281 
74 351 
74 378 
74 382 
74 393 
74 448 
74 472 
75 81 
75 163 
76 130 
76 131 
76 166 
77 78 
77 160 
77 219 
77 455 
78 81 
78 113 
78 139 
78 324 
78 380 
78 444 
79 84 
79 122 
79 181 
79 235 
79 295 
79 363 
80 242 
80 268 
80 302 
80 337 
80 439 
81 287 
81 296 
81 348 
81 408 
82 85 
82 94 
82 101 
82 119 
82 132 
82 140 
82 177 
82 193 
82 288 
82 335 
82 340 
82 355 
82 384 
82 387 
82 434 
82 451 
83 122 
83 136 
83 152 
83 176 
83 197 
83 217 
83 290 
83 321 
83 341 
83 374 
84 85 
84 128 
84 133 
84 166 
84 238 
84 253 
84 265 
84 282 
84 307 
84 311 
85 321 
85 351 
85 358 
85 374 
86 325 
86 362 
87 220 
87 282 
87 325 
87 330 
87 368 
87 432 
88 89 
88 142 
88 149 
88 199 
88 246 
88 264 
88 283 
88 285 
88 332 
88 339 
88 473 
89 104 
89 145 
90 185 
91 352 
91 374 
91 404 
91 422 
91 472 
92 111 
92 176 
92 266 
92 269 
92 440 
93 154 
93 214 
93 334 
94 110 
94 169 
94 362 
95 121 
95 128 
95 452 
96 100 
96 196 
96 278 
96 341 
96 410 
96 428 
97 113 
97 194 
97 215 
97 495 
98 162 
98 209 
98 224 
98 242 
98 323 
98 349 
98 351 
98 473 
99 134 
99 243 
99 417 
99 429 
99 494 
100 105 
100 122 
100 238 
100 246 
100 258 
100 286 
100 385 
100 416 
101 161 
101 202 
101 231 
101 341 
101 366 
101 401 
102 195 
103 176 
103 475 
104 173 
104 445 
104 452 
105 134 
105 226 
105 257 
105 299 
106 138 
106 178 
106 240 
106 464 
106 491 
107 119 
107 163 
107 180 
107 202 
107 242 
107 310 
107 333 
107 457 
107 461 
107 477 
108 156 
108 191 
108 229 
109 124 
109 133 
109 188 
109 189 
109 208 
109 223 
109 298 
109 326 
109 330 
109 356 
109 365 
109 378 
109 402 
109 414 
109 448 
110 306 
110 469 
111 197 
111 249 
111 303 
111 438 
112 175 
112 220 
113 192 
113 257 
113 495 
114 452 
115 140 
115 239 
116 222 
116 226 
116 244 
116 291 
116 353 
116 370 
116 447 
117 229 
117 381 
117 385 
117 476 
118 139 
118 208 
118 238 
118 340 
118 491 
119 121 
119 145 
119 155 
119 205 
119 210 
119 312 
119 318 
119 403 
119 450 
119 466 
119 490 
120 169 
120 311 
120 412 
121 172 
121 302 
121 351 
121 403 
122 211 
122 290 
122 317 
122 319 
123 159 
123 160 
123 168 
123 237 
123 244 
123 338 
123 403 
123 461 
123 462 
123 489 
124 188 
124 427 
125 147 
125 203 
125 305 
125 309 
125 331 
125 381 
125 385 
127 147 
127 167 
127 260 
127 317 
127 337 
128 154 
128 187 
128 364 
128 430 
129 161 
129 255 
130 288 
130 309 
131 160 
131 303 
131 334 
131 347 
131 495 
132 133 
132 146 
132 181 
132 316 
132 342 
132 396 
133 230 
133 319 
133 497 
134 206 
134 294 
134 390 
134 423 
135 141 
135 355 
136 248 
136 346 
137 172 
137 398 
138 142 
138 215 
138 252 
138 269 
138 373 
138 416 
138 435 
139 190 
139 234 
139 252 
139 296 
139 300 
139 394 
139 439 
139 492 
140 235 
140 283 
140 311 
140 357 
141 228 
141 458 
142 198 
142 233 
142 245 
142 387 
142 470 
143 468 
143 469 
145 475 
146 158 
146 231 
146 302 
146 473 
147 150 
147 152 
147 198 
147 241 
148 286 
149 271 
149 281 
150 346 
151 400 
151 490 
153 174 
153 179 
153 209 
153 257 
153 323 
153 386 
153 414 
153 421 
154 159 
154 193 
154 211 
154 267 
154 400 
154 426 
154 436 
155 297 
156 177 
157 166 
157 304 
157 342 
157 450 
157 465 
159 182 
159 207 
159 262 
159 416 
159 464 
160 179 
160 199 
160 250 
160 343 
160 416 
160 431 
161 297 
161 310 
162 374 
164 186 
164 187 
164 202 
164 214 
164 232 
164 258 
165 170 
165 192 
165 225 
165 227 
165 248 
165 308 
165 424 
165 452 
165 491 
166 305 
166 476 
167 225 
167 287 
167 446 
167 465 
167 492 
168 322 
168 391 
168 441 
168 446 
169 170 
170 277 
170 320 
171 266 
172 200 
172 315 
173 232 
173 259 
173 493 
174 183 
174 228 
174 234 
174 391 
174 407 
176 294 
176 309 
176 484 
176 494 
177 202 
177 218 
179 234 
180 333 
180 417 
180 418 
181 193 
182 236 
182 499 
183 398 
184 273 
185 331 
185 421 
186 243 
186 314 
186 354 
186 367 
186 430 
187 273 
188 327 
188 387 
188 449 
189 343 
190 378 
190 397 
190 428 
190 447 
191 350 
191 403 
192 254 
192 486 
192 496 
193 233 
193 291 
193 298 
193 487 
194 236 
194 363 
195 209 
195 212 
196 251 
196 459 
196 498 
197 429 
198 203 
198 308 
198 388 
198 390 
198 414 
198 474 
198 490 
200 418 
200 480 
202 254 
202 270 
202 375 
202 397 
202 460 
202 496 
203 211 
203 395 
204 356 
204 475 
205 379 
205 461 
206 230 
206 248 
206 255 
206 386 
206 499 
207 266 
207 292 
207 345 
208 212 
208 239 
208 322 
208 323 
208 342 
208 384 
208 414 
210 289 
212 303 
216 317 
216 433 
217 288 
217 326 
218 479 
219 236 
219 278 
219 287 
219 336 
219 383 
222 232 
222 276 
222 324 
222 493 
223 224 
223 298 
223 327 
223 349 
223 395 
225 276 
227 268 
227 289 
228 262 
228 312 
228 434 
230 268 
230 428 
231 391 
235 303 
235 330 
236 360 
237 305 
237 328 
237 361 
239 265 
242 286 
242 313 
242 346 
243 264 
243 409 
245 418 
246 353 
246 480 
247 320 
247 463 
248 372 
249 281 
249 354 
249 367 
249 382 
250 384 
250 423 
253 316 
253 357 
253 413 
254 307 
254 331 
255 261 
255 301 
255 314 
255 316 
255 350 
255 411 
255 488 
256 304 
256 421 
256 467 
257 289 
257 344 
258 292 
258 421 
259 343 
261 431 
262 279 
262 282 
262 329 
262 344 
262 352 
264 304 
264 315 
265 359 
265 397 
266 401 
266 456 
267 272 
270 363 
271 275 
271 284 
271 332 
273 308 
273 386 
273 407 
274 477 
275 315 
275 317 
275 352 
275 359 
275 425 
275 435 
275 453 
275 463 
275 464 
275 495 
276 356 
277 420 
278 297 
278 376 
278 398 
278 410 
280 355 
281 365 
281 383 
282 302 
282 314 
285 337 
288 436 
288 449 
288 468 
289 420 
289 464 
290 311 
290 415 
291 388 
291 432 
292 389 
294 405 
294 447 
294 497 
296 338 
296 475 
297 370 
297 411 
297 456 
299 383 
299 426 
301 491 
305 341 
305 417 
307 347 
307 407 
310 335 
310 347 
310 405 
310 441 
312 443 
312 455 
314 332 
314 420 
315 326 
316 345 
317 328 
320 439 
321 392 
321 481 
323 474 
324 329 
325 381 
325 412 
325 426 
325 436 
326 335 
326 366 
327 364 
327 494 
329 484 
333 364 
333 395 
333 419 
334 373 
334 396 
334 399 
334 456 
334 499 
335 346 
336 354 
337 372 
340 393 
341 389 
343 394 
345 449 
347 361 
347 396 
348 406 
348 471 
349 365 
349 371 
350 358 
351 399 
351 422 
352 424 
353 365 
353 437 
355 433 
360 487 
361 438 
364 453 
365 423 
365 430 
366 493 
368 395 
368 441 
370 402 
371 376 
371 424 
371 478 
371 485 
372 482 
373 486 
375 393 
376 381 
376 382 
376 472 
376 498 
382 408 
382 465 
382 468 
383 446 
385 460 
386 388 
386 399 
387 454 
387 470 
390 415 
393 467 
395 413 
395 423 
396 412 
404 471 
409 440 
423 483 
424 459 
425 448 
425 468 
426 481 
427 486 
431 442 
431 493 
433 480 
437 489 
438 449 
438 461 
441 453 
441 470 
442 457 
443 487 
446 492 
480 488 
