false
false
500
1988
0 1 
0 3 
0 4 
0 5 
0 6 
0 7 
0 11 
0 12 
0 13 
0 16 
0 17 
0 19 
0 20 
0 24 
0 46 
0 49 
0 60 
0 64 
0 66 
0 68 
0 84 
0 98 
0 102 
0 109 
0 110 
0 134 
0 141 
0 173 
0 175 
0 226 
0 244 
0 278 
0 292 
0 297 
0 302 
0 357 
0 374 
0 376 
0 394 
0 395 
0 427 
0 499 
1 2 
1 4 
1 5 
1 6 
1 7 
1 8 
1 9 
1 10 
1 14 
1 15 
1 23 
1 24 
1 26 
1 28 
1 29 
1 32 
1 34 
1 35 
1 38 
1 42 
1 49 
1 51 
1 54 
1 56 
1 63 
1 74 
1 79 
1 83 
1 87 
1 88 
1 90 
1 97 
1 105 
1 107 
1 112 
1 120 
1 124 
1 126 
1 131 
1 133 
1 138 
1 142 
1 149 
1 155 
1 157 
1 158 
1 169 
1 173 
1 174 
1 187 
1 193 
1 194 
1 197 
1 199 
1 200 
1 201 
1 210 
1 217 
1 223 
1 256 
1 264 
1 267 
1 284 
1 303 
1 304 
1 310 
1 326 
1 331 
1 338 
1 344 
1 352 
1 402 
1 422 
1 424 
1 438 
1 456 
1 459 
1 467 
1 482 
1 491 
1 492 
2 3 
2 4 
2 5 
2 6 
2 8 
2 9 
2 10 
2 11 
2 15 
2 18 
2 24 
2 28 
2 29 
2 39 
2 40 
2 55 
2 58 
2 69 
2 75 
2 82 
2 85 
2 95 
2 103 
2 111 
2 121 
2 161 
2 175 
2 177 
2 184 
2 201 
2 236 
2 245 
2 255 
2 274 
2 330 
2 355 
2 363 
2 380 
2 401 
2 406 
2 429 
2 432 
2 439 
2 448 
2 484 
3 4 
3 8 
3 23 
3 30 
3 34 
3 49 
3 57 
3 58 
3 65 
3 94 
3 130 
3 135 
3 190 
3 192 
3 222 
3 233 
3 241 
3 243 
3 295 
3 312 
3 322 
3 433 
3 455 
3 461 
4 5 
4 7 
4 8 
4 9 
4 11 
4 15 
4 23 
4 25 
4 28 
4 32 
4 35 
4 39 
4 41 
4 42 
4 48 
4 52 
4 62 
4 83 
4 85 
4 93 
4 96 
4 106 
4 115 
4 125 
4 131 
4 134 
4 148 
4 151 
4 152 
4 165 
4 180 
4 216 
4 228 
4 229 
4 236 
4 240 
4 247 
4 273 
4 276 
4 277 
4 296 
4 301 
4 313 
4 322 
4 349 
4 366 
4 367 
4 374 
4 426 
4 430 
4 448 
4 497 
5 6 
5 10 
5 12 
5 13 
5 14 
5 17 
5 19 
5 24 
5 26 
5 29 
5 30 
5 31 
5 36 
5 39 
5 41 
5 47 
5 55 
5 58 
5 60 
5 65 
5 69 
5 73 
5 80 
5 85 
5 87 
5 89 
5 94 
5 97 
5 110 
5 118 
5 124 
5 143 
5 150 
5 160 
5 163 
5 174 
5 183 
5 188 
5 204 
5 205 
5 230 
5 237 
5 258 
5 261 
5 271 
5 276 
5 285 
5 288 
5 300 
5 313 
5 334 
5 339 
5 345 
5 358 
5 368 
5 385 
5 387 
5 400 
5 412 
5 438 
5 439 
5 443 
5 463 
5 468 
5 476 
5 484 
5 497 
6 7 
6 10 
6 11 
6 12 
6 14 
6 16 
6 18 
6 26 
6 29 
6 33 
6 37 
6 44 
6 54 
6 78 
6 96 
6 109 
6 113 
6 125 
6 133 
6 156 
6 167 
6 171 
6 195 
6 196 
6 212 
6 222 
6 246 
6 254 
6 269 
6 287 
6 297 
6 301 
6 312 
6 315 
6 343 
6 349 
6 365 
6 388 
6 450 
6 461 
6 471 
6 474 
6 482 
6 495 
7 9 
7 13 
7 14 
7 22 
7 27 
7 28 
7 37 
7 38 
7 52 
7 62 
7 65 
7 66 
7 73 
7 74 
7 75 
7 80 
7 83 
7 86 
7 88 
7 96 
7 98 
7 100 
7 138 
7 148 
7 160 
7 197 
7 214 
7 218 
7 227 
7 299 
7 323 
7 370 
7 385 
7 387 
7 404 
7 406 
7 438 
7 458 
7 477 
7 487 
8 20 
8 37 
8 53 
8 63 
8 128 
8 158 
8 161 
8 163 
8 282 
8 289 
8 299 
8 305 
8 337 
8 414 
8 475 
8 488 
9 15 
9 32 
9 41 
9 69 
9 72 
9 116 
9 202 
9 271 
9 274 
9 291 
9 296 
9 297 
9 307 
9 317 
9 320 
9 339 
9 352 
9 355 
9 366 
9 367 
9 369 
9 378 
9 404 
9 413 
9 435 
10 12 
10 18 
10 20 
10 27 
10 30 
10 31 
10 35 
10 48 
10 53 
10 54 
10 63 
10 71 
10 90 
10 98 
10 110 
10 119 
10 130 
10 137 
10 140 
10 145 
10 165 
10 166 
10 167 
10 174 
10 179 
10 198 
10 212 
10 232 
10 266 
10 279 
10 284 
10 309 
10 333 
10 341 
10 343 
10 357 
10 372 
10 380 
10 420 
10 466 
10 469 
10 481 
11 17 
11 18 
11 19 
11 21 
11 22 
11 31 
11 36 
11 37 
11 47 
11 59 
11 64 
11 76 
11 77 
11 82 
11 88 
11 104 
11 119 
11 141 
11 169 
11 173 
11 192 
11 204 
11 208 
11 221 
11 233 
11 253 
11 265 
11 268 
11 348 
11 354 
11 362 
11 371 
11 393 
11 397 
11 428 
11 437 
11 451 
11 461 
11 463 
11 467 
11 478 
11 480 
11 496 
12 13 
12 16 
12 27 
12 33 
12 34 
12 36 
12 43 
12 69 
12 106 
12 120 
12 130 
12 166 
12 181 
12 183 
12 198 
12 230 
12 241 
12 250 
12 257 
12 262 
12 273 
12 282 
12 291 
12 310 
12 316 
12 319 
12 395 
12 417 
12 420 
12 430 
13 45 
13 50 
13 64 
13 72 
13 91 
13 100 
13 105 
13 114 
13 139 
13 142 
13 147 
13 154 
13 207 
13 225 
13 235 
13 239 
13 244 
13 262 
13 321 
13 388 
13 390 
13 462 
13 486 
14 21 
14 23 
14 26 
14 36 
14 43 
14 46 
14 51 
14 56 
14 87 
14 95 
14 99 
14 108 
14 123 
14 124 
14 141 
14 154 
14 177 
14 205 
14 206 
14 208 
14 210 
14 285 
14 295 
14 303 
14 308 
14 331 
14 362 
14 379 
14 383 
14 399 
14 401 
14 429 
14 449 
14 457 
14 470 
14 483 
14 487 
14 494 
15 16 
15 17 
15 20 
15 22 
15 25 
15 33 
15 44 
15 49 
15 51 
15 61 
15 104 
15 112 
15 122 
15 135 
15 136 
15 150 
15 191 
15 214 
15 219 
15 224 
15 226 
15 231 
15 242 
15 270 
15 317 
15 318 
15 351 
15 402 
15 403 
16 19 
16 21 
16 22 
16 42 
16 44 
16 50 
16 57 
16 66 
16 74 
16 84 
16 103 
16 108 
16 113 
16 123 
16 223 
16 236 
16 249 
16 269 
16 335 
16 336 
16 383 
16 396 
16 406 
16 426 
17 54 
17 59 
17 75 
17 80 
17 84 
17 102 
17 105 
17 153 
17 181 
17 185 
17 235 
17 244 
17 273 
17 282 
17 447 
17 478 
18 25 
18 53 
18 101 
18 132 
18 156 
18 261 
18 272 
18 285 
18 372 
18 440 
18 442 
18 465 
19 25 
19 70 
19 73 
19 95 
19 107 
19 114 
19 116 
19 136 
19 162 
19 229 
19 294 
19 387 
19 403 
19 489 
19 496 
20 21 
20 35 
20 50 
20 88 
20 147 
20 152 
20 216 
20 217 
20 229 
20 300 
20 319 
20 341 
20 394 
20 404 
20 474 
20 477 
20 490 
21 30 
21 32 
21 99 
21 139 
21 195 
21 251 
21 262 
21 293 
21 320 
21 450 
22 45 
22 48 
22 58 
22 77 
22 81 
22 98 
22 101 
22 122 
22 140 
22 146 
22 237 
22 324 
22 338 
22 393 
22 397 
23 43 
23 44 
23 186 
23 214 
23 377 
23 378 
23 391 
23 427 
23 437 
24 34 
24 40 
24 94 
24 168 
24 180 
24 283 
24 311 
24 313 
24 336 
24 366 
24 394 
24 433 
24 463 
25 33 
25 40 
25 68 
25 79 
25 120 
25 250 
25 267 
25 279 
25 289 
25 414 
26 27 
26 71 
26 90 
26 122 
26 190 
26 194 
26 224 
26 228 
26 356 
26 378 
26 384 
26 446 
26 487 
27 47 
27 50 
27 68 
27 101 
27 148 
27 196 
27 267 
27 333 
27 342 
27 346 
28 31 
28 55 
28 60 
28 63 
28 67 
28 76 
28 80 
28 103 
28 143 
28 159 
28 219 
28 229 
28 243 
28 266 
28 316 
28 334 
28 372 
29 38 
29 41 
29 42 
29 126 
29 132 
29 138 
29 167 
29 211 
29 263 
29 264 
29 275 
29 415 
29 451 
29 452 
29 496 
30 51 
30 92 
30 93 
30 116 
30 268 
30 405 
30 453 
31 39 
31 40 
31 45 
31 56 
31 78 
31 79 
31 177 
31 195 
31 401 
31 421 
32 60 
32 182 
32 239 
32 270 
32 308 
32 354 
32 362 
32 403 
33 38 
33 59 
33 67 
33 81 
33 93 
33 133 
33 136 
33 161 
33 162 
33 201 
33 232 
33 271 
33 364 
33 428 
33 492 
34 55 
34 70 
34 76 
34 106 
34 171 
34 180 
34 189 
34 200 
34 243 
34 250 
34 306 
34 308 
34 346 
34 365 
34 402 
34 403 
34 408 
34 416 
34 446 
35 56 
35 81 
35 129 
35 213 
35 232 
35 248 
35 249 
35 269 
35 276 
35 412 
35 478 
36 46 
36 57 
36 72 
36 135 
36 144 
36 193 
36 199 
36 243 
36 377 
36 378 
36 449 
37 45 
37 115 
37 149 
37 153 
37 167 
37 176 
37 187 
37 204 
37 234 
37 245 
37 263 
37 387 
37 396 
37 409 
37 446 
37 465 
38 70 
38 84 
38 89 
38 100 
38 170 
38 312 
38 349 
38 390 
38 441 
38 493 
39 43 
39 46 
39 61 
39 64 
39 68 
39 75 
39 78 
39 228 
39 276 
39 345 
39 404 
39 468 
40 67 
40 81 
40 90 
40 154 
40 156 
40 220 
40 303 
40 329 
40 339 
40 431 
40 454 
41 164 
41 211 
41 381 
41 456 
42 71 
42 83 
42 112 
42 114 
42 115 
42 132 
42 152 
42 183 
42 282 
42 487 
43 52 
43 126 
43 127 
43 279 
43 283 
43 338 
43 353 
44 62 
44 147 
44 172 
44 199 
44 210 
44 258 
44 415 
44 429 
45 82 
45 131 
45 144 
45 164 
45 169 
45 178 
45 201 
45 214 
45 215 
45 216 
45 257 
45 274 
45 295 
45 366 
45 382 
46 47 
46 53 
46 106 
46 153 
46 232 
46 262 
46 274 
46 324 
46 333 
46 348 
46 363 
46 371 
46 392 
46 439 
46 495 
47 48 
47 120 
47 128 
47 207 
47 233 
47 237 
47 251 
47 371 
47 435 
47 489 
48 111 
48 150 
48 234 
48 393 
49 66 
49 86 
49 127 
49 207 
49 209 
49 217 
49 228 
49 247 
49 465 
50 52 
50 77 
50 150 
50 191 
50 242 
51 77 
51 99 
51 134 
51 157 
51 182 
51 189 
51 272 
51 373 
51 432 
51 440 
52 70 
52 86 
52 89 
52 105 
52 107 
52 111 
52 156 
52 166 
52 172 
52 195 
52 273 
52 284 
52 459 
52 481 
52 485 
52 497 
53 119 
53 146 
53 177 
53 290 
53 455 
54 62 
54 73 
54 94 
54 100 
54 121 
54 163 
54 188 
54 238 
54 287 
54 353 
54 380 
54 381 
55 95 
55 109 
55 129 
55 145 
55 165 
55 219 
55 241 
55 321 
55 348 
55 430 
56 57 
56 65 
56 118 
56 295 
56 302 
57 59 
57 91 
57 93 
57 125 
57 141 
57 174 
57 179 
57 185 
57 188 
57 203 
57 210 
57 218 
57 291 
57 307 
57 440 
57 452 
57 469 
57 493 
57 494 
58 61 
58 79 
58 96 
58 203 
58 327 
58 360 
58 394 
58 412 
58 464 
59 61 
59 67 
59 125 
59 260 
59 270 
59 305 
59 473 
60 91 
60 149 
60 212 
60 246 
60 326 
60 373 
60 468 
61 112 
61 143 
61 155 
61 259 
61 266 
61 315 
61 351 
62 137 
62 172 
62 211 
62 220 
62 260 
62 361 
62 444 
62 473 
63 92 
63 101 
63 102 
63 110 
63 146 
63 159 
63 230 
63 361 
63 380 
63 383 
63 454 
63 476 
65 142 
65 227 
65 244 
65 379 
66 82 
66 85 
66 117 
66 136 
66 147 
66 296 
66 298 
66 310 
66 335 
66 359 
67 72 
67 92 
67 130 
67 184 
67 245 
67 265 
67 299 
67 374 
67 377 
67 382 
67 409 
67 488 
68 78 
68 222 
68 321 
68 350 
68 351 
69 71 
69 191 
69 240 
70 74 
70 92 
70 218 
70 223 
70 277 
70 312 
70 318 
70 334 
70 370 
71 76 
71 89 
71 124 
71 126 
71 128 
71 134 
71 137 
71 146 
71 149 
71 164 
71 198 
71 225 
71 236 
71 323 
71 330 
71 367 
71 472 
72 109 
72 173 
72 209 
72 242 
72 247 
72 258 
72 326 
72 411 
72 415 
73 158 
74 116 
74 155 
74 159 
74 160 
74 424 
75 91 
75 97 
75 117 
75 135 
75 159 
75 160 
75 176 
75 197 
75 213 
75 220 
75 309 
75 328 
76 102 
76 132 
76 187 
76 192 
76 323 
76 384 
77 376 
77 447 
78 205 
78 238 
78 416 
78 417 
78 423 
79 86 
79 310 
79 489 
80 103 
80 168 
80 182 
80 239 
80 326 
81 87 
81 107 
81 108 
81 115 
81 153 
81 224 
81 248 
81 252 
81 314 
81 327 
81 391 
81 452 
81 483 
81 489 
82 151 
82 152 
82 216 
82 343 
83 151 
83 249 
84 266 
84 291 
84 298 
84 436 
85 325 
86 111 
86 113 
86 226 
86 259 
86 307 
87 137 
87 252 
87 315 
87 332 
87 340 
87 410 
87 471 
87 480 
88 113 
88 254 
88 256 
88 329 
88 362 
88 395 
88 413 
88 417 
88 490 
89 118 
89 157 
89 259 
89 314 
89 400 
89 411 
90 479 
91 190 
91 217 
91 258 
91 302 
91 491 
92 247 
92 254 
93 196 
93 221 
93 278 
93 340 
94 170 
94 208 
94 327 
94 351 
94 442 
94 493 
95 99 
95 114 
95 117 
95 119 
95 142 
95 175 
95 279 
95 298 
95 329 
95 443 
96 97 
96 108 
96 123 
96 129 
96 140 
96 144 
96 235 
96 327 
96 337 
96 364 
96 370 
96 385 
96 389 
96 435 
97 127 
97 184 
97 253 
97 286 
97 330 
97 377 
97 381 
97 419 
98 123 
98 340 
99 181 
99 199 
99 257 
99 371 
99 375 
99 425 
100 157 
101 129 
101 154 
102 104 
102 145 
102 186 
102 194 
102 202 
102 367 
102 382 
102 399 
103 104 
103 151 
103 172 
103 181 
103 205 
103 212 
103 332 
103 346 
103 374 
103 421 
103 442 
103 476 
104 118 
104 131 
104 179 
104 200 
104 251 
104 253 
104 290 
104 350 
105 264 
105 332 
105 345 
105 453 
105 470 
105 492 
106 144 
106 179 
106 238 
108 185 
108 388 
109 121 
109 139 
109 143 
109 196 
109 231 
109 294 
109 356 
110 121 
110 122 
110 213 
111 178 
111 268 
112 189 
112 209 
112 239 
112 246 
112 259 
112 280 
112 307 
112 473 
113 169 
113 264 
114 178 
114 363 
115 178 
116 117 
116 138 
116 208 
116 355 
116 498 
117 168 
117 261 
117 376 
118 265 
119 139 
119 155 
119 202 
119 428 
119 475 
120 311 
121 148 
121 158 
121 162 
121 166 
121 198 
121 234 
121 272 
121 292 
121 315 
121 352 
121 368 
121 438 
122 133 
122 164 
122 203 
122 222 
122 252 
122 294 
122 313 
122 325 
122 340 
122 347 
122 361 
122 364 
122 369 
122 419 
122 499 
123 162 
123 191 
123 221 
123 240 
123 324 
123 419 
124 127 
124 128 
124 140 
124 163 
124 171 
124 328 
124 423 
124 447 
125 263 
125 280 
125 334 
125 345 
125 441 
125 497 
126 190 
127 193 
127 194 
127 197 
127 231 
127 470 
128 175 
128 460 
128 469 
129 170 
129 185 
130 206 
130 281 
130 359 
130 398 
130 421 
131 186 
131 479 
132 187 
132 219 
132 260 
132 305 
132 423 
133 365 
133 381 
134 230 
134 431 
134 432 
135 184 
135 235 
135 391 
135 434 
136 145 
136 188 
136 218 
136 278 
136 280 
136 392 
137 161 
137 170 
137 202 
137 204 
137 220 
137 250 
137 306 
137 450 
138 207 
138 464 
139 233 
139 275 
139 316 
139 410 
139 454 
140 171 
140 189 
140 409 
141 200 
141 223 
141 225 
141 281 
141 472 
141 490 
143 221 
143 225 
143 321 
143 339 
143 368 
143 425 
143 445 
143 473 
146 418 
146 419 
146 488 
147 249 
147 322 
147 466 
149 272 
150 288 
150 301 
150 343 
150 388 
151 176 
151 183 
151 206 
151 215 
151 231 
151 289 
151 342 
151 386 
153 414 
153 448 
153 455 
154 165 
154 402 
155 328 
155 483 
155 498 
157 386 
157 389 
158 499 
159 203 
159 253 
159 256 
159 275 
159 290 
159 298 
159 347 
159 400 
159 421 
159 427 
159 430 
159 471 
160 386 
160 460 
160 486 
161 246 
161 248 
161 337 
161 408 
161 425 
161 436 
162 182 
163 180 
163 267 
163 304 
163 395 
163 417 
163 474 
164 297 
164 308 
164 389 
165 248 
165 414 
166 168 
166 256 
167 269 
167 372 
167 462 
168 300 
168 306 
168 373 
168 410 
169 215 
169 480 
170 176 
170 211 
170 238 
170 290 
170 455 
170 457 
170 488 
172 209 
173 257 
173 373 
173 411 
174 215 
174 305 
175 311 
176 242 
176 369 
176 408 
177 254 
177 289 
177 428 
177 466 
177 492 
178 193 
179 364 
179 437 
180 227 
180 355 
180 481 
181 284 
182 265 
182 292 
182 349 
182 357 
183 186 
183 206 
183 319 
184 341 
184 460 
185 192 
185 213 
186 482 
187 435 
187 439 
187 441 
188 498 
189 263 
189 287 
190 227 
190 303 
190 347 
190 399 
190 416 
192 237 
192 245 
192 319 
192 443 
192 478 
193 382 
193 407 
193 418 
194 255 
194 281 
194 436 
194 449 
195 314 
196 437 
197 392 
198 350 
199 277 
201 323 
202 324 
202 418 
202 453 
203 278 
204 234 
204 322 
205 304 
206 469 
207 288 
207 423 
208 255 
208 352 
209 224 
209 252 
209 424 
210 275 
211 251 
211 370 
211 398 
212 342 
217 392 
217 434 
217 444 
217 494 
218 383 
219 416 
219 486 
220 226 
220 241 
221 294 
221 451 
221 486 
222 286 
222 360 
223 261 
224 293 
224 332 
225 286 
225 287 
225 301 
225 433 
226 446 
226 457 
226 467 
230 270 
230 285 
230 358 
231 337 
231 344 
231 445 
234 309 
234 470 
234 485 
236 458 
237 240 
237 317 
238 427 
239 347 
239 393 
240 292 
241 330 
241 396 
243 354 
243 422 
243 443 
244 325 
244 358 
245 271 
245 356 
245 363 
245 397 
245 483 
248 331 
250 255 
250 318 
252 444 
253 260 
253 328 
253 399 
254 283 
254 296 
254 300 
254 354 
254 397 
254 408 
254 456 
256 317 
256 384 
257 280 
257 325 
257 336 
258 299 
259 481 
260 288 
261 314 
261 336 
261 368 
261 386 
261 472 
261 495 
262 433 
263 482 
264 450 
265 277 
265 320 
265 465 
266 283 
266 286 
266 401 
266 447 
267 268 
267 281 
267 348 
267 485 
268 331 
268 360 
268 461 
268 495 
270 376 
271 304 
273 306 
273 335 
273 361 
273 422 
274 357 
274 407 
274 475 
275 311 
276 350 
277 359 
278 375 
279 309 
279 491 
280 302 
280 432 
282 398 
284 412 
284 462 
285 454 
287 293 
288 445 
289 320 
290 293 
290 329 
292 479 
295 342 
295 415 
295 460 
297 369 
297 398 
297 405 
298 464 
301 318 
301 407 
302 379 
303 406 
304 434 
306 389 
308 356 
308 468 
310 459 
311 316 
311 484 
313 477 
315 341 
315 467 
315 476 
317 426 
317 444 
317 490 
319 453 
320 344 
321 335 
321 359 
321 472 
322 333 
325 410 
326 375 
327 474 
328 420 
329 353 
330 385 
330 449 
331 338 
331 411 
332 407 
339 344 
339 346 
339 353 
339 445 
342 429 
343 365 
344 440 
345 358 
347 499 
348 493 
349 466 
350 360 
350 420 
352 457 
354 425 
355 405 
355 418 
356 400 
357 409 
357 464 
360 436 
363 496 
364 384 
365 379 
366 396 
370 375 
370 391 
370 413 
373 390 
373 494 
375 448 
381 413 
383 405 
383 462 
384 390 
384 424 
385 484 
389 491 
393 431 
393 442 
395 479 
395 498 
396 475 
397 426 
397 463 
405 434 
409 471 
409 480 
413 456 
415 458 
415 485 
419 422 
422 459 
427 452 
430 431 
439 441 
444 451 
451 458 
457 477 
