false
false
500
1988
0 1 
0 3 
0 4 
0 8 
0 9 
0 10 
0 17 
0 18 
0 50 
0 52 
0 58 
0 75 
0 79 
0 81 
0 91 
0 112 
0 116 
0 130 
0 145 
0 152 
0 160 
0 169 
0 223 
0 239 
0 266 
0 394 
0 443 
0 448 
1 2 
1 4 
1 5 
1 6 
1 9 
1 10 
1 15 
1 19 
1 24 
1 25 
1 31 
1 34 
1 37 
1 39 
1 41 
1 53 
1 60 
1 72 
1 107 
1 112 
1 123 
1 149 
1 150 
1 152 
1 166 
1 189 
1 205 
1 222 
1 230 
1 231 
1 238 
1 264 
1 312 
1 313 
1 334 
1 366 
1 381 
1 400 
1 416 
1 466 
1 468 
1 492 
2 3 
2 4 
2 5 
2 7 
2 8 
2 9 
2 11 
2 12 
2 19 
2 22 
2 23 
2 26 
2 30 
2 33 
2 36 
2 38 
2 41 
2 49 
2 50 
2 53 
2 59 
2 60 
2 62 
2 66 
2 67 
2 68 
2 84 
2 93 
2 95 
2 96 
2 101 
2 103 
2 108 
2 111 
2 123 
2 125 
2 132 
2 143 
2 145 
2 147 
2 157 
2 162 
2 169 
2 172 
2 179 
2 192 
2 197 
2 201 
2 206 
2 207 
2 208 
2 215 
2 220 
2 241 
2 255 
2 263 
2 267 
2 269 
2 274 
2 281 
2 288 
2 300 
2 310 
2 320 
2 330 
2 332 
2 334 
2 341 
2 355 
2 366 
2 367 
2 371 
2 379 
2 392 
2 397 
2 410 
2 412 
2 422 
2 447 
2 463 
2 478 
3 4 
3 5 
3 6 
3 7 
3 8 
3 9 
3 11 
3 12 
3 15 
3 16 
3 20 
3 21 
3 25 
3 27 
3 30 
3 32 
3 34 
3 35 
3 36 
3 45 
3 47 
3 52 
3 54 
3 55 
3 64 
3 74 
3 77 
3 82 
3 104 
3 128 
3 129 
3 135 
3 137 
3 163 
3 165 
3 167 
3 184 
3 198 
3 216 
3 230 
3 235 
3 262 
3 274 
3 292 
3 326 
3 332 
3 339 
3 345 
3 360 
3 394 
3 428 
3 439 
3 449 
3 452 
3 453 
3 470 
3 473 
4 5 
4 6 
4 7 
4 10 
4 13 
4 14 
4 20 
4 24 
4 25 
4 27 
4 30 
4 31 
4 34 
4 38 
4 40 
4 41 
4 51 
4 63 
4 80 
4 83 
4 87 
4 91 
4 103 
4 104 
4 108 
4 136 
4 137 
4 140 
4 162 
4 171 
4 175 
4 179 
4 195 
4 200 
4 213 
4 225 
4 237 
4 263 
4 287 
4 291 
4 293 
4 312 
4 326 
4 350 
4 400 
4 404 
4 410 
4 431 
4 432 
4 439 
4 440 
4 444 
4 447 
4 453 
4 455 
4 456 
4 461 
4 479 
4 482 
4 484 
4 488 
5 6 
5 17 
5 18 
5 29 
5 45 
5 49 
5 79 
5 93 
5 96 
5 99 
5 108 
5 130 
5 138 
5 178 
5 220 
5 254 
5 293 
5 326 
5 354 
5 372 
5 436 
5 465 
5 477 
5 484 
6 7 
6 10 
6 11 
6 13 
6 16 
6 19 
6 26 
6 27 
6 32 
6 43 
6 44 
6 45 
6 56 
6 57 
6 60 
6 62 
6 68 
6 71 
6 77 
6 78 
6 86 
6 87 
6 95 
6 108 
6 113 
6 119 
6 128 
6 129 
6 130 
6 141 
6 143 
6 147 
6 154 
6 158 
6 159 
6 160 
6 162 
6 167 
6 180 
6 187 
6 202 
6 217 
6 229 
6 246 
6 249 
6 261 
6 263 
6 265 
6 300 
6 306 
6 321 
6 343 
6 361 
6 362 
6 373 
6 387 
6 393 
6 402 
6 409 
6 420 
6 426 
6 431 
6 457 
6 464 
6 469 
7 8 
7 12 
7 14 
7 18 
7 22 
7 23 
7 25 
7 26 
7 40 
7 44 
7 53 
7 55 
7 70 
7 73 
7 81 
7 88 
7 94 
7 106 
7 109 
7 121 
7 135 
7 149 
7 180 
7 194 
7 206 
7 263 
7 283 
7 289 
7 306 
7 317 
7 331 
7 339 
7 359 
7 380 
7 421 
7 422 
7 437 
7 451 
7 459 
7 477 
8 12 
8 13 
8 14 
8 17 
8 24 
8 31 
8 58 
8 61 
8 67 
8 73 
8 82 
8 94 
8 110 
8 117 
8 134 
8 150 
8 153 
8 174 
8 214 
8 216 
8 234 
8 257 
8 259 
8 273 
8 277 
8 296 
8 310 
8 335 
8 368 
8 402 
8 423 
9 16 
9 23 
9 32 
9 38 
9 49 
9 53 
9 92 
9 124 
9 128 
9 150 
9 261 
9 289 
9 351 
9 405 
9 436 
9 447 
10 11 
10 13 
10 14 
10 15 
10 16 
10 18 
10 26 
10 27 
10 28 
10 33 
10 37 
10 42 
10 48 
10 49 
10 54 
10 66 
10 75 
10 85 
10 91 
10 92 
10 96 
10 100 
10 102 
10 104 
10 110 
10 114 
10 122 
10 124 
10 138 
10 139 
10 147 
10 148 
10 178 
10 185 
10 191 
10 207 
10 209 
10 223 
10 226 
10 244 
10 248 
10 260 
10 283 
10 292 
10 295 
10 296 
10 303 
10 315 
10 325 
10 331 
10 343 
10 361 
10 362 
10 367 
10 376 
10 394 
10 408 
10 409 
10 411 
10 412 
10 427 
10 446 
10 449 
10 497 
11 22 
11 36 
11 43 
11 121 
11 127 
11 285 
11 430 
11 441 
11 498 
12 21 
12 23 
12 59 
12 65 
12 72 
12 74 
12 142 
12 151 
12 157 
12 221 
12 270 
12 310 
12 332 
12 371 
12 389 
12 412 
12 420 
12 480 
12 487 
12 489 
12 497 
13 17 
13 19 
13 20 
13 30 
13 42 
13 44 
13 69 
13 71 
13 73 
13 85 
13 90 
13 132 
13 137 
13 152 
13 164 
13 165 
13 169 
13 176 
13 177 
13 208 
13 212 
13 226 
13 243 
13 248 
13 251 
13 273 
13 288 
13 290 
13 333 
13 338 
13 376 
13 393 
13 403 
13 426 
14 15 
14 20 
14 21 
14 29 
14 46 
14 48 
14 61 
14 65 
14 69 
14 76 
14 89 
14 118 
14 133 
14 143 
14 144 
14 163 
14 185 
14 196 
14 244 
14 252 
14 256 
14 270 
14 272 
14 274 
14 291 
14 297 
14 300 
14 302 
14 303 
14 309 
14 327 
14 337 
14 364 
14 401 
14 450 
14 456 
14 464 
14 485 
15 62 
15 104 
15 264 
15 367 
15 398 
15 406 
15 461 
15 495 
16 56 
16 93 
16 98 
16 143 
16 154 
16 165 
16 193 
16 218 
16 224 
16 253 
16 279 
16 291 
16 377 
16 379 
16 434 
17 34 
17 35 
17 42 
17 51 
17 76 
17 101 
17 106 
17 124 
17 135 
17 155 
17 156 
17 208 
17 266 
17 271 
17 289 
17 316 
17 336 
17 340 
17 348 
17 415 
18 21 
18 33 
18 61 
18 75 
18 141 
18 239 
18 406 
18 467 
18 469 
19 35 
19 54 
19 67 
19 68 
19 86 
19 127 
19 128 
19 132 
19 170 
19 190 
19 230 
19 244 
19 316 
19 359 
19 426 
20 28 
20 36 
20 40 
20 48 
20 58 
20 62 
20 70 
20 72 
20 84 
20 115 
20 183 
20 214 
20 218 
20 221 
20 252 
20 358 
20 385 
20 401 
20 403 
20 410 
20 419 
20 482 
21 22 
21 39 
21 42 
21 46 
21 50 
21 52 
21 80 
21 102 
21 114 
21 115 
21 121 
21 134 
21 166 
21 181 
21 211 
21 213 
21 249 
21 268 
21 277 
21 321 
21 337 
21 350 
21 388 
21 392 
21 404 
21 428 
22 24 
22 67 
22 84 
22 245 
22 300 
22 308 
22 318 
23 51 
23 95 
23 124 
23 182 
23 252 
23 275 
23 304 
23 361 
23 437 
23 487 
24 29 
24 39 
24 106 
24 144 
24 176 
24 255 
24 320 
24 385 
25 28 
25 37 
25 46 
25 57 
25 60 
25 119 
25 247 
25 270 
25 285 
25 370 
25 374 
25 421 
26 31 
26 101 
26 116 
26 122 
26 131 
26 146 
26 148 
26 166 
26 167 
26 169 
26 194 
26 233 
26 234 
26 242 
26 299 
26 305 
26 371 
26 417 
27 28 
27 32 
27 39 
27 51 
27 63 
27 68 
27 81 
27 100 
27 101 
27 105 
27 109 
27 139 
27 170 
27 204 
27 231 
27 240 
27 282 
27 299 
27 308 
27 391 
27 407 
28 29 
28 33 
28 35 
28 44 
28 45 
28 145 
28 226 
28 234 
28 243 
28 258 
28 262 
28 284 
28 296 
28 355 
28 382 
28 417 
28 421 
28 435 
28 495 
29 59 
29 217 
29 275 
29 302 
29 314 
29 471 
30 77 
30 140 
30 168 
30 175 
30 190 
30 250 
30 460 
31 38 
31 43 
31 105 
31 209 
31 433 
32 40 
32 50 
32 61 
32 71 
32 72 
32 83 
32 199 
32 239 
32 298 
32 322 
32 347 
32 414 
32 479 
32 495 
33 55 
33 63 
33 102 
33 121 
33 126 
33 221 
33 253 
33 350 
33 432 
33 437 
33 444 
33 478 
33 486 
34 46 
34 106 
34 134 
34 266 
34 315 
35 98 
35 102 
35 125 
35 126 
35 195 
35 258 
35 273 
35 303 
35 319 
35 329 
35 445 
36 37 
36 47 
36 64 
36 74 
36 79 
36 137 
36 150 
36 157 
36 174 
36 207 
36 247 
36 277 
36 322 
36 438 
37 56 
37 66 
37 125 
37 142 
37 160 
37 178 
37 181 
37 198 
37 211 
38 41 
38 65 
38 259 
38 278 
38 442 
39 43 
39 57 
39 73 
39 78 
39 83 
39 123 
39 209 
39 220 
39 305 
39 314 
39 338 
39 344 
39 357 
39 370 
39 403 
40 156 
41 56 
41 76 
41 87 
41 139 
41 278 
41 280 
41 327 
41 383 
41 408 
41 418 
42 52 
42 55 
42 63 
42 65 
42 85 
42 98 
42 113 
42 114 
42 148 
42 159 
42 199 
42 328 
42 463 
43 47 
43 48 
43 86 
43 184 
43 188 
43 219 
43 270 
43 398 
43 441 
44 47 
44 89 
44 92 
44 111 
44 152 
44 177 
44 192 
44 265 
44 305 
44 369 
44 448 
44 449 
44 466 
45 57 
45 100 
45 151 
45 186 
45 192 
45 211 
45 323 
45 342 
45 402 
46 70 
46 103 
46 210 
46 299 
46 331 
47 66 
47 105 
47 115 
47 153 
47 173 
47 232 
47 243 
47 253 
47 317 
47 436 
47 461 
47 475 
47 483 
48 74 
48 76 
48 130 
48 136 
48 240 
48 269 
48 320 
48 413 
48 492 
49 54 
49 78 
49 82 
49 92 
49 95 
49 116 
49 153 
49 155 
49 158 
49 160 
49 206 
49 214 
49 273 
49 303 
49 324 
49 427 
49 476 
49 489 
50 82 
50 97 
50 112 
50 131 
50 141 
50 218 
50 227 
50 243 
50 311 
50 460 
51 58 
51 81 
51 136 
51 158 
51 196 
51 223 
51 293 
51 299 
51 399 
51 440 
52 70 
52 71 
52 232 
52 386 
53 64 
53 308 
53 380 
53 475 
54 77 
54 85 
54 116 
54 247 
54 489 
55 89 
55 141 
55 181 
55 196 
56 237 
56 413 
57 69 
57 133 
57 189 
57 262 
57 328 
58 59 
58 90 
58 97 
58 197 
58 252 
58 287 
58 307 
59 64 
59 120 
59 237 
60 69 
60 75 
60 93 
60 161 
60 233 
60 260 
60 282 
60 291 
60 352 
60 399 
60 404 
60 430 
60 446 
60 451 
60 454 
60 496 
61 78 
61 79 
61 94 
61 129 
61 138 
61 375 
61 378 
61 383 
61 474 
62 80 
62 146 
62 158 
62 176 
62 188 
62 193 
62 232 
62 288 
62 304 
62 312 
62 364 
62 396 
62 493 
63 88 
63 126 
63 144 
63 201 
63 209 
63 429 
64 111 
64 191 
64 211 
64 236 
64 366 
64 376 
64 429 
65 97 
65 99 
65 107 
65 168 
65 176 
65 282 
65 301 
66 139 
66 146 
66 159 
66 194 
66 204 
66 227 
66 274 
66 347 
66 438 
66 447 
66 454 
66 467 
66 481 
67 84 
67 110 
67 133 
67 445 
67 450 
68 144 
68 266 
68 267 
68 292 
68 301 
68 346 
68 403 
68 419 
68 485 
69 86 
69 107 
69 119 
69 161 
69 286 
69 393 
70 83 
70 185 
71 377 
72 184 
72 329 
73 90 
73 131 
73 146 
73 313 
73 425 
73 459 
74 140 
74 149 
74 157 
75 87 
75 134 
75 193 
75 210 
75 297 
75 364 
75 399 
75 486 
75 488 
76 80 
76 90 
76 107 
76 142 
76 244 
76 281 
76 283 
76 294 
76 316 
76 360 
76 389 
76 481 
77 149 
79 246 
79 327 
79 360 
79 370 
80 89 
80 99 
80 100 
80 163 
80 177 
80 194 
80 229 
80 265 
80 353 
80 396 
81 88 
81 94 
81 96 
81 185 
81 195 
81 282 
81 283 
81 298 
81 375 
81 476 
82 98 
82 103 
82 109 
82 153 
82 189 
82 328 
82 425 
83 133 
83 145 
83 182 
83 241 
83 408 
83 424 
83 459 
83 460 
83 473 
84 109 
84 120 
84 161 
84 172 
84 222 
84 245 
85 88 
85 110 
85 115 
85 118 
85 131 
85 164 
85 173 
85 183 
85 203 
85 236 
85 268 
85 336 
85 379 
85 422 
85 478 
86 113 
86 255 
86 290 
86 294 
86 355 
86 368 
86 406 
86 440 
86 469 
87 97 
87 105 
87 125 
87 168 
87 177 
87 224 
87 227 
87 268 
87 308 
87 325 
87 340 
87 342 
87 411 
87 496 
88 91 
88 226 
88 345 
89 99 
89 117 
89 168 
89 202 
89 212 
89 216 
89 356 
89 484 
90 136 
90 201 
90 257 
90 276 
90 315 
91 191 
91 207 
91 217 
91 224 
91 238 
91 349 
91 366 
91 382 
92 151 
92 179 
92 214 
92 254 
92 390 
92 415 
92 471 
93 215 
93 228 
93 249 
93 324 
93 340 
93 344 
93 367 
94 127 
94 173 
94 193 
94 470 
94 472 
94 474 
95 178 
95 200 
95 386 
95 443 
95 488 
96 117 
96 118 
96 174 
96 295 
96 357 
96 401 
96 445 
97 330 
97 390 
98 117 
98 120 
98 138 
98 171 
98 250 
98 353 
98 356 
98 363 
98 420 
98 474 
99 191 
99 257 
99 320 
99 351 
99 421 
99 465 
99 494 
100 119 
101 122 
101 127 
101 132 
101 171 
101 180 
101 197 
101 202 
101 210 
101 233 
101 295 
101 369 
101 405 
101 418 
102 170 
102 307 
102 349 
102 379 
102 400 
102 415 
104 111 
104 234 
104 238 
104 256 
104 287 
104 335 
104 338 
104 428 
105 122 
105 156 
105 279 
105 396 
107 114 
107 118 
107 120 
107 140 
107 250 
107 260 
107 390 
107 472 
108 242 
109 112 
109 159 
109 213 
109 230 
109 256 
109 309 
109 428 
109 462 
110 224 
110 245 
110 251 
110 458 
111 351 
112 113 
112 192 
112 205 
112 217 
112 225 
112 238 
112 250 
112 256 
112 333 
112 358 
112 395 
112 401 
112 433 
112 480 
113 126 
113 197 
113 280 
113 365 
113 373 
113 426 
114 173 
115 174 
115 334 
115 356 
115 378 
116 162 
116 205 
116 218 
116 343 
116 465 
116 498 
117 123 
117 142 
117 239 
117 427 
118 184 
118 287 
118 346 
119 151 
119 204 
119 254 
120 212 
120 246 
120 364 
121 129 
121 163 
121 187 
121 190 
121 225 
121 298 
121 377 
121 380 
121 412 
122 155 
122 161 
122 195 
122 203 
122 216 
122 242 
122 477 
123 148 
123 279 
123 289 
123 373 
123 422 
124 147 
124 247 
124 286 
125 363 
125 382 
126 275 
126 378 
127 199 
127 241 
127 281 
127 442 
128 240 
128 258 
128 281 
128 411 
129 248 
129 276 
129 306 
130 156 
130 166 
130 304 
130 322 
130 386 
130 392 
131 135 
131 154 
131 221 
132 172 
132 345 
132 444 
133 171 
133 183 
133 215 
133 222 
133 257 
133 258 
133 349 
133 483 
134 155 
134 200 
134 204 
134 219 
134 241 
134 268 
134 290 
134 337 
134 406 
134 486 
135 167 
135 459 
135 488 
136 186 
136 432 
136 491 
137 267 
138 328 
138 353 
138 417 
139 199 
139 202 
139 206 
139 277 
139 393 
139 479 
140 370 
141 259 
141 448 
142 164 
142 188 
142 259 
142 286 
142 392 
142 423 
143 154 
143 312 
143 457 
144 356 
145 385 
145 472 
146 165 
146 319 
146 365 
147 232 
147 424 
148 344 
148 399 
149 186 
149 342 
149 427 
149 497 
150 394 
151 255 
151 278 
152 189 
152 219 
152 493 
153 339 
153 384 
154 187 
154 348 
155 182 
155 205 
155 235 
155 253 
155 377 
155 400 
155 451 
156 172 
156 181 
156 212 
156 310 
156 331 
156 352 
156 424 
156 472 
157 324 
157 389 
157 391 
158 251 
158 337 
158 391 
158 395 
158 432 
159 164 
159 170 
159 175 
159 456 
160 242 
160 249 
161 467 
162 183 
162 198 
162 297 
162 347 
162 409 
163 467 
164 245 
164 330 
164 397 
165 235 
165 374 
166 190 
166 220 
166 374 
166 387 
167 231 
167 262 
167 285 
167 348 
167 350 
167 352 
167 369 
167 446 
168 222 
168 246 
168 265 
168 272 
168 452 
169 182 
169 203 
169 251 
169 313 
169 333 
169 372 
170 180 
170 201 
170 231 
171 175 
171 228 
171 254 
171 264 
171 271 
172 293 
172 304 
172 464 
174 301 
174 321 
174 332 
174 336 
175 179 
175 203 
175 215 
175 296 
175 434 
176 227 
176 229 
176 298 
176 321 
176 455 
176 471 
176 486 
177 335 
178 198 
178 237 
179 302 
179 319 
179 338 
180 228 
180 290 
180 301 
180 323 
180 339 
180 477 
180 491 
183 208 
183 260 
183 341 
183 342 
183 363 
183 387 
183 443 
183 476 
183 484 
184 186 
184 188 
184 354 
185 187 
185 355 
185 411 
187 267 
187 294 
187 492 
187 493 
188 235 
188 485 
190 359 
190 425 
190 440 
191 223 
192 419 
192 493 
193 196 
193 210 
194 414 
194 457 
197 424 
198 200 
198 294 
198 323 
199 269 
201 413 
202 236 
202 429 
203 272 
203 468 
204 225 
205 276 
205 323 
205 357 
205 387 
207 327 
207 407 
208 213 
208 229 
208 240 
208 271 
208 318 
208 344 
208 351 
208 458 
208 473 
208 485 
209 275 
209 276 
209 390 
209 462 
209 496 
210 261 
210 378 
210 452 
212 405 
213 313 
213 329 
213 353 
214 365 
214 457 
215 228 
215 363 
215 438 
216 305 
216 333 
217 325 
217 381 
218 219 
219 295 
219 309 
219 429 
220 233 
220 280 
220 475 
221 284 
221 297 
221 480 
222 373 
222 381 
222 456 
222 497 
222 498 
223 272 
225 383 
227 284 
228 476 
229 345 
229 404 
230 236 
230 334 
230 362 
230 413 
230 419 
230 454 
230 498 
232 261 
232 368 
232 442 
233 348 
233 496 
235 314 
235 329 
235 340 
235 352 
235 354 
235 365 
235 388 
235 434 
235 492 
237 309 
238 324 
238 481 
239 248 
239 315 
239 446 
241 343 
241 349 
241 389 
242 418 
243 375 
243 491 
244 322 
245 397 
246 269 
248 317 
249 330 
249 369 
249 372 
250 264 
250 460 
251 382 
251 448 
251 490 
252 307 
253 285 
253 336 
253 499 
254 380 
255 284 
255 384 
255 388 
255 491 
256 388 
257 271 
257 311 
257 317 
257 433 
257 468 
257 482 
258 318 
258 442 
258 483 
259 430 
260 414 
261 466 
262 311 
263 302 
264 311 
264 384 
265 375 
266 314 
267 325 
270 439 
270 441 
270 455 
270 475 
270 479 
270 487 
271 279 
271 280 
271 371 
272 286 
274 278 
274 292 
274 346 
274 374 
274 462 
276 318 
276 384 
277 307 
277 437 
278 358 
278 466 
280 306 
280 357 
282 347 
283 288 
283 346 
283 397 
283 423 
287 335 
288 326 
288 423 
291 449 
292 464 
293 431 
293 470 
294 316 
294 416 
294 473 
295 395 
295 418 
295 434 
296 372 
297 462 
299 341 
299 385 
299 482 
299 483 
300 441 
301 469 
305 398 
308 319 
308 395 
310 430 
318 376 
320 471 
325 450 
326 425 
326 461 
329 478 
331 359 
332 416 
333 490 
334 454 
334 455 
335 341 
335 439 
336 358 
336 386 
338 431 
338 499 
340 368 
341 458 
342 474 
343 435 
346 362 
347 360 
350 354 
351 391 
358 435 
359 361 
362 381 
362 453 
362 499 
363 470 
365 383 
365 398 
365 417 
365 489 
368 463 
369 409 
369 420 
369 494 
373 416 
376 408 
377 396 
381 435 
381 450 
382 402 
382 407 
383 438 
386 407 
387 463 
389 494 
396 444 
396 481 
398 405 
398 458 
398 480 
398 490 
399 415 
400 443 
402 410 
403 452 
408 490 
411 414 
411 453 
428 433 
434 445 
434 451 
435 436 
436 468 
438 465 
456 499 
459 494 
462 495 
482 487 
