false
false
500
1988
0 1 
0 3 
0 4 
0 6 
0 7 
0 8 
0 9 
0 10 
0 12 
0 13 
0 14 
0 16 
0 21 
0 25 
0 28 
0 31 
0 35 
0 47 
0 53 
0 54 
0 60 
0 64 
0 65 
0 93 
0 105 
0 109 
0 118 
0 123 
0 127 
0 128 
0 142 
0 143 
0 154 
0 156 
0 161 
0 164 
0 167 
0 174 
0 193 
0 196 
0 212 
0 217 
0 220 
0 224 
0 232 
0 240 
0 242 
0 247 
0 249 
0 266 
0 268 
0 294 
0 300 
0 315 
0 316 
0 322 
0 327 
0 336 
0 371 
0 374 
0 382 
0 387 
0 390 
0 396 
0 398 
0 434 
0 477 
0 483 
0 487 
1 2 
1 4 
1 5 
1 8 
1 10 
1 11 
1 12 
1 17 
1 18 
1 22 
1 25 
1 34 
1 36 
1 40 
1 41 
1 45 
1 48 
1 50 
1 51 
1 55 
1 59 
1 61 
1 62 
1 64 
1 66 
1 67 
1 71 
1 73 
1 74 
1 80 
1 87 
1 89 
1 94 
1 132 
1 136 
1 142 
1 151 
1 159 
1 165 
1 166 
1 173 
1 177 
1 187 
1 199 
1 200 
1 226 
1 232 
1 239 
1 245 
1 249 
1 253 
1 275 
1 276 
1 284 
1 287 
1 290 
1 299 
1 320 
1 345 
1 360 
1 362 
1 363 
1 366 
1 385 
1 394 
1 410 
1 415 
1 416 
1 418 
1 451 
1 468 
1 470 
1 471 
1 480 
1 493 
2 3 
2 4 
2 5 
2 6 
2 7 
2 8 
2 10 
2 12 
2 13 
2 14 
2 15 
2 16 
2 18 
2 19 
2 21 
2 28 
2 41 
2 52 
2 54 
2 80 
2 82 
2 84 
2 91 
2 101 
2 121 
2 135 
2 159 
2 178 
2 195 
2 209 
2 220 
2 223 
2 227 
2 234 
2 239 
2 242 
2 245 
2 248 
2 250 
2 295 
2 304 
2 307 
2 322 
2 330 
2 336 
2 343 
2 348 
2 352 
2 368 
2 380 
2 383 
2 396 
2 404 
2 410 
2 418 
2 425 
2 446 
2 472 
2 478 
2 498 
3 4 
3 5 
3 8 
3 32 
3 56 
3 129 
3 170 
3 188 
3 192 
3 241 
3 262 
3 275 
3 357 
3 384 
3 456 
4 5 
4 6 
4 7 
4 9 
4 11 
4 12 
4 13 
4 14 
4 18 
4 20 
4 24 
4 26 
4 34 
4 35 
4 39 
4 44 
4 46 
4 47 
4 49 
4 50 
4 56 
4 60 
4 61 
4 66 
4 84 
4 92 
4 96 
4 103 
4 105 
4 112 
4 123 
4 134 
4 137 
4 155 
4 160 
4 161 
4 190 
4 196 
4 200 
4 256 
4 258 
4 271 
4 272 
4 273 
4 276 
4 281 
4 286 
4 290 
4 299 
4 335 
4 344 
4 365 
4 369 
4 371 
4 389 
4 395 
4 407 
4 445 
4 447 
4 485 
4 487 
5 6 
5 9 
5 10 
5 16 
5 17 
5 19 
5 20 
5 22 
5 27 
5 32 
5 42 
5 44 
5 45 
5 55 
5 58 
5 62 
5 77 
5 79 
5 92 
5 95 
5 97 
5 113 
5 121 
5 124 
5 131 
5 149 
5 157 
5 162 
5 193 
5 207 
5 208 
5 223 
5 227 
5 238 
5 241 
5 252 
5 271 
5 274 
5 288 
5 293 
5 305 
5 331 
5 342 
5 358 
5 380 
5 382 
5 396 
5 404 
5 452 
5 457 
5 465 
5 475 
5 479 
5 482 
5 492 
5 495 
6 7 
6 11 
6 38 
6 62 
6 86 
6 91 
6 103 
6 127 
6 160 
6 181 
6 229 
6 249 
6 411 
6 417 
6 439 
6 452 
6 499 
7 9 
7 16 
7 17 
7 35 
7 37 
7 44 
7 46 
7 47 
7 49 
7 53 
7 57 
7 61 
7 80 
7 104 
7 125 
7 140 
7 148 
7 163 
7 188 
7 192 
7 255 
7 264 
7 276 
7 280 
7 333 
7 339 
7 363 
7 425 
7 481 
7 497 
8 11 
8 23 
8 53 
8 59 
8 125 
8 131 
8 142 
8 144 
8 193 
8 209 
8 210 
8 237 
8 258 
8 323 
8 339 
8 431 
9 14 
9 18 
9 23 
9 37 
9 39 
9 40 
9 75 
9 78 
9 146 
9 179 
9 198 
9 199 
9 222 
9 255 
9 275 
9 302 
9 318 
9 350 
9 379 
9 386 
9 395 
9 438 
9 479 
10 13 
10 28 
10 38 
10 46 
10 71 
10 72 
10 75 
10 82 
10 88 
10 93 
10 112 
10 130 
10 145 
10 146 
10 155 
10 182 
10 230 
10 236 
10 250 
10 255 
10 263 
10 282 
10 293 
10 300 
10 330 
10 335 
10 360 
10 380 
10 385 
10 456 
10 463 
11 15 
11 20 
11 24 
11 29 
11 65 
11 70 
11 100 
11 124 
11 168 
11 172 
11 300 
11 441 
11 450 
11 453 
12 20 
12 29 
12 33 
12 52 
12 56 
12 145 
12 163 
12 305 
12 319 
12 350 
13 15 
13 19 
13 22 
13 23 
13 26 
13 27 
13 29 
13 31 
13 33 
13 36 
13 51 
13 53 
13 54 
13 82 
13 96 
13 122 
13 143 
13 147 
13 150 
13 164 
13 174 
13 190 
13 225 
13 238 
13 253 
13 254 
13 257 
13 278 
13 286 
13 309 
13 344 
13 360 
13 364 
13 365 
13 368 
13 369 
13 402 
13 425 
13 461 
13 491 
14 15 
14 21 
14 22 
14 34 
14 41 
14 42 
14 52 
14 71 
14 109 
14 115 
14 118 
14 162 
14 307 
14 356 
14 377 
14 420 
14 428 
15 17 
15 21 
15 23 
15 24 
15 25 
15 36 
15 39 
15 65 
15 89 
15 106 
15 134 
15 158 
15 202 
15 287 
15 325 
15 370 
15 371 
15 462 
15 466 
16 73 
16 209 
16 321 
16 327 
16 449 
17 19 
17 36 
17 68 
17 99 
17 115 
17 240 
17 244 
17 420 
17 436 
17 464 
18 27 
18 30 
18 31 
18 42 
18 43 
18 55 
18 77 
18 88 
18 200 
18 264 
18 345 
18 396 
18 409 
18 499 
19 24 
19 28 
19 29 
19 30 
19 66 
19 81 
19 83 
19 87 
19 137 
19 152 
19 191 
19 203 
19 207 
19 238 
19 257 
19 258 
19 271 
19 280 
19 297 
19 307 
19 358 
19 417 
19 441 
20 26 
20 40 
20 48 
20 130 
20 141 
20 161 
20 169 
20 173 
20 211 
20 215 
20 272 
20 308 
20 328 
20 343 
20 346 
20 350 
20 478 
21 32 
21 33 
21 50 
21 51 
21 67 
21 76 
21 84 
21 140 
21 157 
21 158 
21 277 
21 322 
21 411 
21 412 
21 416 
21 417 
21 420 
21 448 
22 57 
22 59 
22 87 
22 93 
22 123 
22 128 
22 187 
22 189 
22 351 
23 25 
23 34 
23 37 
23 47 
23 69 
23 90 
23 95 
23 98 
23 120 
23 138 
23 168 
23 172 
23 206 
23 226 
23 229 
23 232 
23 265 
23 270 
23 335 
23 404 
23 465 
24 26 
24 27 
24 32 
24 35 
24 41 
24 43 
24 79 
24 86 
24 102 
24 116 
24 123 
24 126 
24 148 
24 150 
24 152 
24 216 
24 228 
24 233 
24 268 
24 302 
24 304 
24 308 
24 311 
24 334 
24 351 
24 429 
24 464 
24 471 
24 496 
25 30 
25 45 
25 69 
25 101 
25 103 
25 110 
25 140 
25 153 
25 165 
25 173 
25 192 
25 205 
25 206 
25 222 
25 251 
25 303 
25 305 
25 326 
25 332 
25 341 
25 375 
25 385 
25 409 
25 460 
25 468 
26 110 
26 117 
26 121 
26 249 
26 470 
27 69 
27 70 
27 106 
27 113 
27 139 
27 144 
27 172 
27 218 
27 235 
27 301 
27 326 
27 412 
28 31 
28 146 
28 174 
28 327 
28 391 
28 487 
29 30 
29 33 
29 38 
29 49 
29 59 
29 63 
29 72 
29 78 
29 83 
29 98 
29 139 
29 167 
29 184 
29 201 
29 254 
29 299 
29 347 
29 372 
29 410 
29 442 
29 461 
29 484 
30 52 
30 81 
30 83 
30 98 
30 119 
30 137 
30 148 
30 153 
30 155 
30 183 
30 192 
30 222 
30 257 
30 266 
30 284 
30 325 
30 331 
30 340 
30 347 
30 415 
31 51 
31 85 
31 92 
31 108 
31 147 
31 233 
31 381 
31 429 
32 57 
32 214 
32 392 
33 66 
33 96 
33 298 
33 359 
33 426 
33 498 
34 44 
34 108 
34 120 
34 248 
34 297 
34 430 
34 441 
34 489 
35 37 
35 38 
35 73 
35 138 
35 159 
35 171 
35 457 
36 39 
36 42 
36 55 
36 56 
36 63 
36 121 
36 126 
36 179 
36 185 
36 323 
36 336 
36 359 
36 364 
36 388 
36 447 
36 463 
36 488 
37 45 
37 46 
37 49 
37 58 
37 77 
37 79 
37 91 
37 133 
37 141 
37 304 
37 318 
37 345 
37 392 
37 419 
37 464 
38 40 
38 48 
38 58 
38 61 
38 62 
38 68 
38 76 
38 89 
38 102 
38 117 
38 125 
38 136 
38 160 
38 178 
38 181 
38 203 
38 207 
38 213 
38 242 
38 244 
38 260 
38 285 
38 302 
38 314 
38 322 
38 326 
38 348 
38 365 
38 366 
38 376 
38 378 
38 383 
38 400 
38 466 
39 43 
39 68 
39 134 
39 175 
39 230 
39 411 
39 496 
40 67 
40 165 
40 181 
40 228 
40 241 
40 242 
40 244 
40 317 
40 337 
40 356 
40 473 
41 88 
41 122 
41 152 
41 195 
41 337 
41 389 
41 428 
41 481 
42 43 
42 64 
42 94 
42 148 
42 185 
42 189 
42 269 
42 290 
42 297 
42 332 
42 393 
42 400 
42 409 
43 57 
43 79 
43 177 
43 212 
43 224 
43 226 
43 256 
43 263 
43 264 
43 301 
43 303 
43 308 
43 333 
43 353 
43 405 
44 50 
44 72 
44 78 
44 165 
44 176 
44 178 
44 262 
44 272 
44 370 
44 388 
44 438 
45 54 
45 175 
45 408 
45 489 
45 499 
46 68 
46 72 
46 81 
46 86 
46 105 
46 208 
46 254 
46 277 
46 379 
46 458 
46 466 
46 497 
47 48 
47 85 
47 102 
47 143 
47 212 
47 219 
47 259 
47 260 
47 344 
47 348 
47 439 
48 124 
48 217 
49 60 
49 67 
49 97 
49 126 
49 156 
49 188 
49 222 
49 294 
49 352 
49 459 
50 145 
50 215 
50 218 
50 221 
50 272 
50 306 
50 394 
50 432 
51 90 
51 132 
51 146 
51 163 
51 171 
51 187 
51 214 
51 251 
51 306 
51 382 
51 408 
52 60 
52 149 
52 309 
52 312 
53 58 
53 70 
53 76 
53 84 
53 107 
53 116 
53 130 
53 136 
53 159 
53 215 
53 253 
53 317 
53 356 
53 363 
53 393 
53 404 
53 434 
53 439 
54 63 
54 74 
54 75 
54 110 
54 136 
54 139 
54 197 
54 267 
54 269 
54 304 
54 338 
54 349 
54 358 
54 367 
54 415 
54 421 
54 479 
54 484 
55 64 
55 71 
55 86 
55 111 
55 119 
55 210 
55 267 
55 283 
55 369 
55 388 
55 413 
55 433 
55 440 
55 444 
56 92 
56 114 
56 115 
56 119 
56 122 
57 74 
57 75 
57 77 
57 83 
57 85 
57 95 
57 107 
57 144 
57 151 
57 161 
57 183 
57 194 
57 251 
57 261 
57 279 
57 307 
57 321 
57 367 
57 394 
57 432 
57 444 
58 186 
58 217 
58 223 
58 298 
58 314 
58 337 
58 426 
59 63 
59 65 
59 89 
59 93 
59 107 
59 237 
59 372 
59 381 
60 82 
60 99 
60 101 
60 129 
60 147 
60 157 
60 171 
60 180 
60 184 
60 198 
60 205 
60 214 
60 288 
60 289 
60 320 
60 333 
60 372 
60 379 
60 487 
60 498 
61 70 
61 73 
61 88 
61 111 
61 166 
61 185 
61 209 
61 263 
61 265 
61 310 
61 328 
61 397 
61 431 
62 116 
62 120 
62 149 
62 168 
62 340 
62 341 
62 424 
63 69 
63 107 
63 211 
63 282 
64 74 
64 186 
64 274 
64 280 
64 370 
64 477 
65 76 
65 108 
65 269 
65 387 
66 80 
66 106 
66 122 
66 128 
66 144 
66 150 
66 219 
66 230 
66 252 
66 330 
66 368 
66 423 
66 443 
66 474 
67 109 
67 167 
67 345 
67 368 
67 493 
68 96 
68 97 
68 102 
68 104 
68 106 
68 113 
68 164 
68 166 
68 182 
68 213 
68 218 
68 313 
68 393 
68 474 
69 90 
69 206 
69 254 
69 357 
69 373 
70 78 
70 100 
70 104 
70 138 
70 158 
70 160 
70 163 
70 175 
70 201 
70 203 
70 291 
70 414 
70 426 
70 476 
71 99 
71 100 
71 103 
71 111 
71 117 
71 172 
71 175 
71 176 
71 180 
71 196 
71 203 
71 225 
71 243 
71 273 
71 294 
71 310 
71 321 
71 331 
71 332 
71 462 
71 476 
71 485 
71 488 
71 490 
71 491 
72 94 
73 154 
73 476 
74 87 
74 90 
74 98 
74 99 
74 114 
74 145 
74 176 
74 184 
74 212 
74 235 
74 237 
74 271 
74 320 
74 324 
74 337 
74 406 
74 453 
74 466 
74 482 
74 493 
75 129 
75 156 
75 186 
75 234 
75 237 
75 262 
75 289 
75 354 
75 413 
75 424 
75 430 
75 478 
76 131 
76 135 
76 147 
76 151 
76 189 
77 127 
77 390 
77 419 
77 482 
78 81 
78 85 
78 118 
78 128 
78 137 
78 138 
78 174 
78 287 
78 327 
78 336 
78 348 
78 386 
79 109 
79 127 
79 225 
79 287 
79 427 
79 461 
80 132 
80 309 
80 325 
80 475 
81 97 
81 101 
81 125 
81 153 
81 247 
81 262 
81 448 
81 470 
82 94 
82 131 
82 139 
82 149 
82 166 
82 454 
82 481 
83 113 
83 295 
83 492 
84 169 
84 210 
84 221 
85 150 
85 154 
85 283 
86 114 
86 124 
86 143 
86 229 
86 256 
86 273 
86 328 
86 332 
86 344 
86 377 
86 383 
86 391 
86 446 
86 452 
87 91 
87 188 
87 283 
87 408 
88 117 
89 95 
89 110 
89 112 
89 116 
89 133 
89 229 
89 250 
89 279 
89 318 
89 326 
89 397 
90 105 
90 126 
90 170 
90 177 
90 360 
90 431 
91 168 
91 183 
91 387 
92 100 
92 108 
92 152 
92 155 
92 228 
92 288 
92 427 
94 171 
94 183 
94 221 
94 276 
94 330 
94 388 
94 420 
94 494 
96 169 
97 111 
97 173 
97 195 
97 199 
97 354 
98 277 
98 289 
99 114 
99 202 
99 219 
100 134 
100 140 
100 195 
100 221 
100 239 
100 246 
100 312 
100 349 
100 427 
101 104 
101 156 
101 194 
101 378 
101 435 
101 451 
102 130 
102 170 
102 296 
102 303 
102 325 
102 339 
102 354 
102 469 
104 191 
104 200 
104 245 
104 300 
104 331 
104 347 
105 118 
105 120 
105 197 
105 269 
105 469 
106 112 
106 153 
106 182 
106 347 
106 391 
106 465 
106 471 
107 278 
107 441 
108 133 
108 261 
108 303 
109 157 
109 201 
109 205 
110 197 
110 211 
110 217 
110 341 
110 387 
110 443 
110 485 
110 486 
111 312 
111 346 
111 435 
112 115 
112 119 
112 129 
112 141 
112 204 
112 301 
113 178 
113 216 
113 495 
114 181 
114 185 
114 349 
115 135 
115 169 
115 170 
115 180 
115 350 
115 374 
115 424 
116 132 
116 133 
116 187 
116 278 
116 291 
117 180 
117 252 
117 256 
117 301 
117 443 
118 135 
118 274 
118 291 
118 423 
119 202 
120 190 
120 367 
120 422 
120 433 
121 164 
121 257 
121 338 
122 351 
122 412 
122 413 
123 162 
123 236 
123 241 
123 418 
123 450 
123 469 
124 206 
124 219 
124 342 
124 425 
124 458 
125 154 
125 310 
125 419 
126 142 
126 179 
126 182 
126 198 
126 286 
126 309 
126 472 
126 490 
127 177 
127 189 
127 247 
127 260 
127 302 
127 359 
127 440 
127 457 
128 198 
128 274 
128 275 
128 282 
128 284 
128 317 
128 437 
129 216 
130 234 
131 265 
131 483 
132 151 
132 158 
132 162 
132 193 
132 194 
132 197 
132 251 
132 279 
132 293 
132 377 
132 405 
133 205 
133 281 
133 366 
133 375 
134 220 
134 235 
134 334 
134 339 
134 353 
134 405 
134 459 
135 258 
135 293 
135 296 
136 430 
136 486 
137 260 
137 376 
137 424 
137 445 
138 458 
139 141 
139 231 
139 273 
139 278 
139 317 
139 423 
139 429 
139 435 
139 488 
141 313 
141 401 
142 296 
142 389 
142 434 
143 176 
143 186 
143 235 
143 472 
143 488 
144 190 
144 223 
144 268 
144 290 
145 399 
146 201 
146 314 
146 384 
147 244 
147 246 
147 261 
147 379 
147 386 
147 407 
148 210 
148 298 
149 232 
150 261 
151 234 
151 324 
153 167 
153 245 
153 356 
153 445 
154 213 
154 263 
155 285 
157 371 
158 227 
158 283 
160 353 
160 367 
160 494 
161 202 
161 295 
162 196 
163 266 
163 412 
164 208 
164 240 
164 270 
164 333 
164 349 
164 494 
165 390 
165 460 
165 475 
166 294 
166 295 
167 191 
167 342 
167 406 
168 224 
168 268 
168 437 
168 449 
169 179 
169 199 
169 215 
169 378 
169 403 
170 194 
170 204 
170 380 
170 413 
171 207 
171 289 
171 498 
172 342 
172 406 
173 250 
173 361 
173 364 
173 397 
173 405 
174 370 
175 184 
175 204 
175 216 
175 220 
175 236 
175 352 
175 358 
175 402 
177 343 
178 191 
179 280 
180 474 
181 208 
181 253 
181 310 
182 204 
182 451 
182 478 
183 224 
183 286 
184 316 
184 389 
184 497 
185 264 
185 343 
185 369 
185 374 
185 381 
185 386 
185 465 
185 475 
186 416 
186 421 
187 225 
187 227 
187 375 
187 376 
187 442 
189 308 
189 365 
189 410 
189 450 
191 231 
191 255 
191 277 
191 446 
191 492 
192 266 
192 426 
192 444 
193 228 
193 239 
193 311 
193 398 
193 462 
195 231 
196 414 
199 211 
199 284 
199 334 
200 259 
201 265 
201 318 
201 359 
201 390 
201 393 
201 460 
202 267 
202 305 
202 313 
202 319 
203 213 
205 442 
205 482 
206 285 
207 243 
207 392 
208 247 
208 403 
208 452 
209 218 
209 246 
209 376 
209 402 
210 226 
210 361 
210 446 
211 214 
211 231 
212 357 
212 473 
213 243 
213 285 
213 298 
213 315 
213 323 
213 392 
213 436 
214 236 
214 240 
214 259 
214 292 
215 447 
215 458 
215 494 
218 279 
218 292 
218 383 
219 259 
219 362 
219 363 
221 233 
222 238 
222 267 
222 281 
222 319 
222 377 
222 454 
222 456 
222 469 
223 432 
224 395 
226 230 
226 233 
226 281 
226 311 
228 328 
228 329 
228 437 
229 248 
229 423 
231 243 
231 329 
233 400 
233 449 
233 480 
234 402 
235 455 
235 462 
235 491 
236 421 
236 499 
237 445 
238 270 
239 248 
239 434 
240 355 
242 246 
242 282 
242 414 
242 453 
244 312 
246 252 
246 316 
249 270 
250 403 
251 457 
253 374 
253 398 
253 427 
253 455 
255 311 
255 316 
255 323 
255 340 
255 355 
255 391 
255 459 
255 461 
256 288 
256 361 
256 433 
257 324 
257 372 
259 399 
260 483 
261 297 
261 324 
261 439 
261 455 
262 334 
263 299 
264 476 
265 492 
267 292 
268 354 
269 306 
269 406 
270 385 
270 401 
270 417 
270 440 
272 291 
272 319 
272 419 
272 431 
273 399 
273 430 
275 329 
277 407 
277 468 
278 292 
279 495 
280 313 
283 407 
284 315 
284 373 
285 329 
285 415 
287 314 
288 306 
289 296 
290 346 
290 447 
294 460 
296 490 
297 355 
299 489 
300 411 
301 450 
305 315 
306 353 
306 467 
308 401 
309 438 
310 321 
310 435 
311 485 
312 338 
312 495 
313 448 
314 340 
314 395 
314 467 
315 320 
315 399 
316 480 
317 422 
317 480 
318 384 
319 361 
319 362 
319 364 
319 436 
321 351 
322 484 
323 398 
324 335 
324 338 
324 451 
326 400 
326 433 
326 491 
327 362 
327 414 
328 422 
328 454 
328 470 
330 341 
330 352 
330 438 
331 486 
333 346 
334 382 
334 477 
336 418 
336 456 
338 381 
339 378 
339 428 
340 355 
346 373 
346 443 
347 496 
348 444 
349 357 
349 403 
350 442 
350 474 
351 401 
351 416 
352 432 
352 463 
355 373 
356 366 
356 409 
356 436 
356 483 
361 440 
365 467 
367 394 
367 454 
371 375 
371 467 
372 464 
373 429 
373 473 
374 384 
374 421 
374 428 
382 422 
384 397 
389 408 
395 463 
398 455 
402 437 
403 490 
405 473 
412 468 
416 479 
417 453 
422 486 
424 489 
428 477 
429 481 
434 448 
434 472 
441 449 
446 493 
447 484 
451 471 
455 459 
471 497 
492 496 
