false
false
500
1988
0 1 
0 3 
0 4 
0 5 
0 6 
0 7 
0 8 
0 9 
0 14 
0 17 
0 18 
0 25 
0 26 
0 27 
0 36 
0 39 
0 40 
0 42 
0 45 
0 68 
0 71 
0 99 
0 110 
0 116 
0 117 
0 130 
0 134 
0 151 
0 155 
0 163 
0 254 
0 259 
0 274 
0 278 
0 328 
0 371 
0 387 
0 396 
0 409 
0 414 
0 441 
0 487 
1 2 
1 4 
1 5 
1 10 
1 11 
1 21 
1 36 
1 40 
1 120 
1 136 
1 168 
1 272 
1 274 
1 275 
1 280 
1 338 
1 376 
1 462 
1 473 
2 3 
2 4 
2 14 
2 15 
2 22 
2 31 
2 37 
2 47 
2 49 
2 77 
2 98 
2 104 
2 111 
2 132 
2 152 
2 186 
2 283 
2 304 
2 314 
2 352 
2 404 
2 436 
2 494 
3 4 
3 5 
3 6 
3 7 
3 10 
3 13 
3 17 
3 19 
3 21 
3 22 
3 26 
3 27 
3 29 
3 30 
3 34 
3 43 
3 44 
3 53 
3 56 
3 61 
3 67 
3 72 
3 74 
3 77 
3 82 
3 102 
3 104 
3 115 
3 124 
3 128 
3 136 
3 154 
3 156 
3 161 
3 186 
3 200 
3 223 
3 227 
3 235 
3 245 
3 259 
3 284 
3 308 
3 323 
3 350 
3 360 
3 362 
3 370 
3 378 
3 390 
3 426 
3 455 
3 456 
3 469 
3 474 
3 486 
3 489 
4 5 
4 6 
4 7 
4 8 
4 11 
4 15 
4 16 
4 20 
4 23 
4 26 
4 28 
4 32 
4 35 
4 42 
4 44 
4 53 
4 58 
4 59 
4 65 
4 74 
4 80 
4 86 
4 88 
4 90 
4 91 
4 96 
4 97 
4 101 
4 115 
4 116 
4 117 
4 122 
4 142 
4 164 
4 165 
4 173 
4 181 
4 202 
4 210 
4 231 
4 233 
4 244 
4 249 
4 261 
4 275 
4 286 
4 299 
4 302 
4 327 
4 349 
4 368 
4 382 
4 388 
4 400 
4 417 
4 418 
4 423 
4 426 
4 429 
4 431 
4 437 
4 440 
4 447 
4 454 
4 458 
4 470 
4 490 
5 6 
5 7 
5 8 
5 9 
5 11 
5 14 
5 16 
5 17 
5 18 
5 19 
5 24 
5 25 
5 31 
5 33 
5 40 
5 41 
5 45 
5 48 
5 51 
5 56 
5 57 
5 66 
5 69 
5 72 
5 83 
5 88 
5 91 
5 97 
5 115 
5 118 
5 126 
5 133 
5 153 
5 165 
5 172 
5 173 
5 193 
5 197 
5 204 
5 214 
5 221 
5 245 
5 251 
5 254 
5 262 
5 276 
5 281 
5 296 
5 300 
5 309 
5 314 
5 330 
5 351 
5 354 
5 384 
5 390 
5 397 
5 398 
5 402 
5 408 
5 412 
5 443 
5 444 
5 488 
5 495 
5 497 
6 8 
6 9 
6 12 
6 13 
6 18 
6 19 
6 46 
6 48 
6 55 
6 60 
6 72 
6 92 
6 106 
6 110 
6 119 
6 128 
6 130 
6 139 
6 142 
6 157 
6 160 
6 162 
6 163 
6 221 
6 226 
6 252 
6 258 
6 270 
6 274 
6 278 
6 281 
6 283 
6 327 
6 329 
6 340 
6 362 
6 372 
6 415 
6 439 
6 471 
7 9 
7 10 
7 25 
7 32 
7 49 
7 50 
7 51 
7 56 
7 57 
7 68 
7 76 
7 88 
7 91 
7 106 
7 120 
7 127 
7 142 
7 160 
7 170 
7 171 
7 179 
7 198 
7 202 
7 223 
7 249 
7 250 
7 283 
7 288 
7 301 
7 303 
7 305 
7 372 
7 379 
7 388 
7 395 
7 405 
7 410 
7 423 
7 432 
7 449 
7 459 
7 476 
8 10 
8 12 
8 13 
8 15 
8 24 
8 30 
8 32 
8 38 
8 42 
8 47 
8 59 
8 81 
8 122 
8 129 
8 150 
8 155 
8 159 
8 172 
8 191 
8 207 
8 237 
8 277 
8 282 
8 290 
8 343 
8 344 
8 391 
8 401 
8 410 
8 419 
8 481 
8 482 
9 11 
9 12 
9 13 
9 17 
9 20 
9 24 
9 25 
9 31 
9 38 
9 43 
9 54 
9 57 
9 60 
9 62 
9 65 
9 69 
9 70 
9 78 
9 98 
9 103 
9 107 
9 113 
9 125 
9 127 
9 132 
9 141 
9 144 
9 147 
9 153 
9 190 
9 193 
9 212 
9 213 
9 243 
9 248 
9 262 
9 267 
9 277 
9 281 
9 298 
9 316 
9 321 
9 336 
9 347 
9 349 
9 383 
9 400 
9 406 
9 429 
9 435 
9 445 
9 460 
10 14 
10 16 
10 19 
10 20 
10 21 
10 22 
10 23 
10 31 
10 33 
10 35 
10 39 
10 43 
10 46 
10 47 
10 56 
10 57 
10 65 
10 70 
10 79 
10 81 
10 95 
10 96 
10 99 
10 100 
10 105 
10 112 
10 115 
10 119 
10 134 
10 138 
10 149 
10 151 
10 162 
10 164 
10 172 
10 173 
10 181 
10 188 
10 202 
10 220 
10 229 
10 234 
10 239 
10 241 
10 246 
10 249 
10 255 
10 265 
10 279 
10 284 
10 313 
10 314 
10 317 
10 326 
10 338 
10 339 
10 341 
10 348 
10 351 
10 370 
10 375 
10 392 
10 404 
10 405 
10 425 
10 430 
10 437 
10 443 
10 445 
10 458 
10 477 
10 492 
11 12 
11 24 
11 29 
11 63 
11 117 
11 150 
11 155 
11 179 
11 255 
11 266 
11 488 
12 29 
12 52 
12 58 
12 60 
12 74 
12 79 
12 132 
12 153 
12 163 
12 175 
12 271 
12 313 
12 390 
12 421 
13 15 
13 28 
13 29 
13 61 
13 62 
13 145 
13 200 
13 223 
13 291 
13 356 
13 365 
13 441 
13 471 
13 481 
14 16 
14 18 
14 20 
14 21 
14 23 
14 27 
14 44 
14 45 
14 55 
14 69 
14 76 
14 105 
14 106 
14 109 
14 123 
14 136 
14 137 
14 139 
14 185 
14 189 
14 208 
14 211 
14 217 
14 238 
14 244 
14 245 
14 479 
14 488 
15 23 
15 30 
15 32 
15 35 
15 41 
15 45 
15 54 
15 58 
15 77 
15 83 
15 94 
15 95 
15 107 
15 120 
15 126 
15 128 
15 129 
15 138 
15 156 
15 158 
15 174 
15 201 
15 218 
15 224 
15 227 
15 232 
15 240 
15 258 
15 301 
15 307 
15 312 
15 327 
15 362 
15 389 
15 393 
15 395 
15 405 
15 428 
15 434 
15 454 
15 474 
16 61 
16 137 
16 194 
16 263 
16 416 
16 456 
17 28 
17 44 
17 53 
17 63 
17 108 
17 112 
17 161 
17 167 
17 191 
17 209 
17 230 
17 281 
17 308 
17 364 
17 373 
17 416 
17 477 
17 493 
18 26 
18 34 
18 37 
18 66 
18 69 
18 83 
18 110 
18 111 
18 112 
18 126 
18 148 
18 158 
18 166 
18 197 
18 238 
18 290 
18 291 
18 335 
18 347 
18 402 
18 407 
18 460 
18 495 
19 75 
19 122 
19 133 
19 230 
19 443 
20 28 
20 47 
20 54 
20 84 
20 85 
20 89 
20 94 
20 226 
20 253 
20 297 
20 431 
20 441 
20 467 
20 491 
21 22 
21 38 
21 84 
21 92 
21 148 
21 192 
21 194 
21 219 
21 327 
21 332 
21 380 
21 448 
21 461 
22 93 
22 254 
22 255 
22 297 
23 50 
23 67 
23 84 
23 85 
23 95 
23 100 
23 121 
23 193 
23 220 
23 250 
23 276 
23 285 
23 346 
23 433 
23 444 
23 467 
23 493 
23 498 
24 33 
24 48 
24 61 
24 65 
24 68 
24 72 
24 97 
24 103 
24 159 
24 172 
24 181 
24 310 
24 344 
24 350 
24 351 
24 403 
24 410 
24 480 
24 494 
25 41 
25 71 
25 75 
25 123 
25 133 
25 192 
25 201 
25 244 
25 293 
25 324 
25 333 
25 339 
25 378 
25 408 
25 419 
25 438 
26 27 
26 34 
26 39 
26 63 
26 67 
26 73 
26 79 
26 81 
26 84 
26 101 
26 102 
26 273 
26 287 
26 324 
26 427 
27 37 
27 39 
27 99 
27 171 
27 279 
27 357 
27 387 
27 388 
27 396 
27 397 
27 468 
28 35 
28 38 
28 49 
28 51 
28 60 
28 64 
28 68 
28 78 
28 94 
28 98 
28 149 
28 156 
28 181 
28 213 
28 220 
28 221 
28 244 
28 251 
28 269 
28 310 
28 314 
28 331 
28 402 
28 415 
28 421 
28 489 
28 490 
28 491 
29 30 
29 37 
29 52 
29 55 
29 121 
29 131 
29 143 
29 148 
29 218 
29 293 
29 325 
29 333 
29 375 
29 380 
30 43 
30 50 
30 58 
30 70 
30 102 
30 128 
30 148 
30 194 
30 219 
30 451 
30 469 
30 489 
31 33 
31 36 
31 62 
31 73 
31 139 
31 141 
31 160 
31 161 
31 162 
31 169 
31 217 
31 231 
31 233 
31 321 
31 332 
31 358 
31 369 
31 420 
31 422 
31 436 
31 468 
32 50 
32 111 
32 121 
32 127 
32 180 
32 182 
32 399 
32 429 
33 34 
33 48 
33 71 
33 140 
33 147 
33 197 
33 200 
33 365 
34 86 
34 261 
34 272 
35 36 
35 52 
35 63 
35 78 
35 82 
35 90 
35 92 
35 97 
35 123 
35 143 
35 226 
35 261 
35 282 
35 368 
35 431 
36 52 
36 204 
36 420 
36 472 
37 41 
37 113 
37 158 
37 168 
37 170 
37 177 
37 199 
37 210 
37 237 
37 468 
37 492 
38 66 
38 76 
38 137 
38 187 
38 226 
38 246 
38 261 
38 263 
38 298 
38 336 
38 384 
38 495 
39 40 
39 46 
39 54 
39 80 
39 256 
39 302 
39 336 
39 417 
40 77 
40 86 
40 141 
40 147 
40 149 
40 164 
40 280 
41 42 
41 46 
41 53 
41 64 
41 93 
41 105 
41 162 
41 183 
41 200 
41 203 
41 348 
41 367 
41 374 
41 411 
41 414 
41 424 
41 497 
42 49 
42 59 
42 296 
42 376 
42 386 
42 449 
42 453 
43 328 
43 340 
44 159 
44 190 
44 260 
44 269 
44 331 
44 353 
44 409 
45 51 
45 208 
46 90 
46 131 
46 146 
46 225 
46 276 
46 303 
46 492 
47 74 
47 100 
47 104 
47 155 
47 161 
47 169 
47 188 
47 230 
47 294 
47 296 
47 309 
47 328 
47 335 
47 374 
47 437 
48 120 
48 309 
48 386 
49 55 
49 79 
49 85 
49 93 
49 94 
49 101 
49 110 
49 117 
49 124 
49 142 
49 214 
49 223 
49 285 
49 300 
49 306 
49 393 
49 396 
49 436 
49 465 
50 133 
50 136 
50 153 
50 175 
50 176 
50 183 
50 215 
50 227 
50 253 
50 268 
50 307 
50 324 
50 329 
50 335 
50 354 
50 373 
50 400 
50 403 
50 478 
51 62 
51 64 
51 80 
51 82 
51 83 
51 87 
51 157 
51 219 
51 239 
51 302 
51 318 
51 392 
51 487 
52 64 
52 67 
52 91 
52 98 
52 143 
52 192 
52 297 
52 387 
52 391 
53 96 
53 103 
53 152 
53 184 
53 198 
53 357 
53 371 
53 383 
53 450 
53 467 
54 104 
54 176 
55 59 
55 71 
55 111 
55 123 
55 290 
55 308 
55 315 
55 339 
56 107 
56 130 
56 242 
56 285 
57 108 
57 150 
57 165 
57 189 
57 359 
58 66 
58 127 
58 154 
58 184 
58 243 
58 487 
59 70 
59 178 
59 394 
59 417 
60 92 
60 300 
61 75 
61 87 
61 88 
61 89 
61 100 
61 101 
61 167 
61 170 
61 218 
61 228 
61 235 
61 268 
61 286 
61 299 
61 330 
61 337 
61 428 
61 466 
61 478 
62 81 
62 152 
62 257 
62 397 
62 442 
63 301 
63 498 
64 144 
64 198 
64 328 
64 487 
65 105 
65 106 
65 242 
66 135 
66 145 
66 325 
66 478 
67 80 
67 89 
67 109 
67 112 
67 114 
67 124 
67 132 
67 157 
67 158 
67 186 
67 187 
67 207 
67 388 
67 418 
67 435 
67 492 
68 86 
68 108 
68 140 
68 207 
68 211 
68 232 
68 272 
68 292 
68 323 
68 334 
68 338 
68 348 
68 366 
68 373 
69 82 
69 90 
69 102 
69 147 
69 188 
69 196 
69 252 
70 73 
70 85 
70 206 
70 253 
70 384 
70 412 
71 87 
72 73 
72 114 
72 140 
72 144 
72 145 
72 178 
72 198 
72 384 
72 411 
73 76 
73 154 
73 323 
73 451 
74 75 
74 78 
74 134 
74 175 
74 206 
74 213 
74 234 
74 241 
74 364 
74 406 
74 459 
75 103 
75 109 
75 113 
75 118 
75 166 
75 212 
75 252 
75 260 
75 341 
75 345 
75 383 
76 87 
76 89 
76 196 
76 227 
76 301 
76 430 
77 109 
77 131 
77 250 
77 322 
77 470 
78 118 
78 397 
79 129 
79 138 
79 167 
79 173 
79 271 
79 311 
79 416 
79 480 
80 96 
80 134 
80 139 
80 146 
80 185 
80 256 
80 288 
80 289 
80 302 
80 334 
80 335 
80 381 
80 385 
80 436 
80 453 
80 458 
80 466 
81 93 
81 205 
81 475 
81 479 
82 116 
82 119 
82 146 
82 233 
82 235 
82 237 
82 243 
82 358 
82 362 
82 391 
82 402 
83 99 
83 176 
83 236 
83 247 
83 353 
83 370 
84 157 
84 343 
84 475 
84 484 
84 485 
85 452 
85 472 
86 245 
86 461 
88 113 
88 187 
88 306 
88 333 
88 379 
89 190 
89 234 
89 326 
89 361 
90 107 
90 295 
90 319 
90 367 
90 374 
90 457 
90 464 
91 95 
91 108 
91 177 
91 187 
91 203 
91 303 
91 340 
91 368 
92 286 
92 450 
93 114 
93 125 
93 196 
93 237 
93 285 
93 315 
93 385 
93 483 
94 189 
94 209 
94 284 
94 305 
94 369 
94 495 
95 151 
95 183 
95 204 
95 241 
95 248 
95 344 
95 474 
95 489 
96 121 
96 212 
96 426 
96 450 
97 321 
98 116 
98 124 
98 135 
98 392 
98 463 
99 114 
99 118 
99 146 
99 287 
99 358 
100 496 
101 149 
101 189 
101 434 
102 195 
102 249 
102 322 
103 125 
103 171 
103 180 
103 213 
103 266 
103 317 
103 396 
103 457 
103 461 
104 165 
104 169 
104 179 
104 248 
105 185 
105 369 
105 386 
106 163 
106 214 
106 311 
106 403 
106 404 
106 409 
107 229 
107 280 
107 345 
107 355 
107 485 
108 125 
108 126 
108 177 
108 228 
108 252 
108 451 
109 129 
109 156 
109 184 
109 258 
109 322 
109 336 
109 359 
109 413 
109 455 
110 219 
110 232 
110 368 
111 135 
111 247 
111 259 
111 320 
112 399 
113 119 
113 130 
113 145 
113 194 
113 204 
113 246 
113 256 
113 269 
113 345 
113 409 
113 425 
113 445 
114 342 
115 122 
115 205 
115 228 
115 251 
115 444 
116 394 
116 427 
116 434 
117 167 
117 393 
118 141 
118 201 
118 264 
118 343 
119 135 
119 277 
119 326 
119 480 
120 131 
120 224 
120 257 
120 260 
120 377 
120 378 
120 424 
120 476 
121 166 
121 174 
121 205 
121 211 
121 337 
122 154 
123 407 
124 140 
124 144 
124 169 
124 182 
124 424 
125 203 
125 239 
125 299 
125 407 
125 413 
126 160 
126 168 
126 203 
126 352 
126 401 
127 137 
127 184 
127 195 
127 287 
127 295 
127 444 
128 346 
129 166 
129 215 
129 361 
130 152 
130 271 
130 313 
131 151 
131 222 
131 256 
131 266 
131 304 
131 393 
132 159 
132 177 
132 216 
132 234 
132 342 
133 333 
133 358 
134 164 
134 238 
134 317 
134 461 
135 138 
135 180 
135 195 
135 275 
135 324 
135 330 
135 420 
135 452 
136 258 
136 296 
136 482 
137 150 
137 182 
137 432 
138 168 
138 196 
138 340 
138 425 
138 439 
138 496 
139 214 
139 230 
139 385 
139 466 
139 473 
140 264 
140 390 
140 415 
141 143 
141 217 
141 320 
142 199 
142 318 
142 403 
143 255 
143 282 
143 334 
144 199 
144 220 
144 254 
144 264 
144 382 
145 209 
145 270 
145 376 
146 375 
146 391 
146 480 
146 486 
147 183 
147 427 
147 479 
149 202 
149 208 
149 216 
149 425 
149 463 
150 182 
150 225 
150 240 
150 257 
150 260 
150 263 
150 295 
150 304 
150 315 
150 380 
150 472 
151 359 
152 211 
152 382 
152 471 
153 424 
153 491 
154 372 
154 382 
154 446 
154 472 
155 210 
155 229 
155 292 
155 421 
158 170 
158 270 
158 330 
160 171 
160 307 
160 389 
160 428 
161 197 
161 231 
161 291 
161 468 
161 484 
162 174 
162 179 
162 199 
162 216 
162 369 
162 457 
163 297 
163 357 
163 435 
163 442 
163 496 
164 190 
164 286 
164 319 
165 191 
166 367 
167 178 
167 201 
167 430 
168 178 
168 235 
168 292 
168 294 
168 315 
168 360 
169 176 
169 188 
169 216 
169 240 
169 379 
169 455 
170 242 
170 349 
170 442 
170 475 
171 209 
171 365 
172 175 
172 291 
172 399 
172 422 
173 174 
173 267 
173 290 
173 319 
173 496 
174 191 
174 193 
174 292 
174 339 
174 349 
174 360 
174 366 
174 408 
174 429 
174 462 
174 463 
175 207 
175 364 
175 395 
176 266 
177 180 
177 247 
177 268 
177 278 
177 310 
177 313 
177 376 
177 387 
177 454 
177 475 
178 238 
178 247 
178 499 
179 206 
179 275 
180 185 
180 208 
180 236 
181 192 
181 246 
181 467 
182 225 
182 274 
182 357 
182 410 
182 462 
183 306 
184 288 
184 447 
185 186 
186 416 
186 499 
187 212 
187 423 
188 215 
188 228 
188 316 
188 459 
189 229 
190 206 
190 224 
190 270 
190 279 
190 282 
190 293 
191 195 
192 394 
193 401 
193 430 
194 250 
194 262 
194 272 
194 383 
194 464 
195 224 
197 232 
197 318 
198 259 
198 311 
198 377 
198 395 
199 289 
199 308 
199 355 
199 411 
199 448 
199 490 
200 205 
200 210 
200 231 
200 236 
200 239 
200 267 
200 316 
200 366 
201 350 
202 279 
202 321 
202 326 
202 405 
203 218 
203 240 
203 329 
203 332 
203 465 
204 222 
204 310 
204 373 
204 420 
205 265 
205 337 
206 352 
206 363 
207 225 
207 380 
208 215 
209 221 
209 253 
209 484 
210 217 
210 222 
210 251 
210 345 
210 360 
211 242 
211 263 
211 309 
211 415 
212 465 
213 267 
213 442 
213 448 
214 241 
214 374 
214 460 
215 236 
215 248 
215 325 
215 356 
216 298 
216 312 
216 342 
216 347 
216 499 
219 222 
219 269 
219 271 
219 389 
220 459 
221 287 
221 347 
221 361 
221 439 
222 233 
224 464 
225 366 
225 497 
226 414 
226 447 
228 348 
228 446 
230 276 
231 413 
231 428 
231 451 
232 307 
232 320 
232 331 
233 288 
233 304 
233 344 
233 481 
234 294 
235 265 
235 273 
235 284 
235 293 
236 319 
236 452 
237 243 
237 464 
237 499 
238 470 
239 406 
240 378 
241 273 
242 433 
243 278 
243 311 
243 411 
243 482 
244 300 
246 257 
246 265 
246 268 
246 346 
246 389 
246 398 
246 458 
247 338 
247 343 
247 356 
247 422 
247 483 
248 370 
248 449 
249 427 
252 342 
252 386 
252 440 
253 289 
253 316 
253 371 
253 473 
253 477 
254 363 
255 262 
255 318 
255 355 
255 419 
255 431 
256 312 
256 346 
258 264 
259 273 
259 280 
259 317 
259 352 
259 408 
259 497 
260 446 
260 453 
261 417 
261 473 
262 303 
262 474 
262 488 
263 277 
263 295 
263 306 
263 334 
265 407 
265 437 
267 491 
269 289 
269 418 
270 299 
271 418 
271 445 
275 329 
276 298 
277 283 
277 312 
277 372 
277 434 
278 325 
283 469 
284 305 
284 353 
286 361 
286 381 
287 320 
289 381 
289 443 
289 481 
290 332 
290 392 
291 359 
291 498 
292 305 
292 493 
293 294 
293 426 
294 322 
296 323 
297 421 
298 350 
298 379 
299 498 
302 456 
303 363 
303 400 
304 462 
305 399 
305 438 
305 440 
305 477 
310 371 
310 440 
312 341 
312 466 
313 331 
313 465 
314 337 
314 433 
315 398 
316 365 
318 463 
319 363 
319 404 
322 398 
323 355 
323 486 
325 377 
325 432 
326 406 
331 353 
331 412 
332 364 
335 448 
338 341 
339 354 
339 455 
340 351 
340 401 
342 433 
346 354 
346 435 
347 476 
351 381 
351 470 
352 423 
353 356 
355 394 
358 456 
359 367 
361 375 
362 439 
363 413 
366 377 
368 454 
370 385 
373 412 
373 438 
377 414 
379 438 
382 419 
382 483 
382 485 
382 494 
384 422 
387 432 
387 447 
387 450 
396 460 
396 478 
400 494 
401 449 
405 446 
409 441 
416 457 
419 485 
421 471 
429 452 
430 483 
432 469 
435 476 
439 453 
440 486 
443 482 
447 479 
457 490 
472 484 
480 493 
