false
false
500
1988
0 1 
0 3 
0 4 
0 5 
0 7 
0 8 
0 9 
0 10 
0 12 
0 15 
0 17 
0 27 
0 30 
0 33 
0 34 
0 35 
0 36 
0 45 
0 47 
0 48 
0 56 
0 66 
0 67 
0 69 
0 74 
0 89 
0 91 
0 92 
0 95 
0 98 
0 113 
0 124 
0 142 
0 150 
0 158 
0 166 
0 167 
0 171 
0 193 
0 206 
0 207 
0 208 
0 214 
0 221 
0 224 
0 230 
0 240 
0 243 
0 244 
0 253 
0 261 
0 274 
0 300 
0 309 
0 328 
0 352 
0 368 
0 369 
0 378 
0 379 
0 382 
0 385 
0 392 
0 395 
0 396 
0 417 
0 427 
0 440 
0 444 
0 456 
0 460 
0 488 
0 497 
1 2 
1 4 
1 5 
1 6 
1 7 
1 10 
1 21 
1 24 
1 32 
1 33 
1 40 
1 47 
1 63 
1 74 
1 86 
1 96 
1 117 
1 142 
1 153 
1 179 
1 188 
1 217 
1 241 
1 243 
1 253 
1 294 
1 311 
1 342 
1 347 
1 353 
1 463 
1 479 
1 494 
2 3 
2 4 
2 5 
2 6 
2 7 
2 10 
2 11 
2 12 
2 15 
2 16 
2 18 
2 19 
2 20 
2 23 
2 26 
2 27 
2 28 
2 29 
2 31 
2 33 
2 35 
2 38 
2 44 
2 48 
2 65 
2 66 
2 68 
2 69 
2 71 
2 72 
2 75 
2 79 
2 80 
2 81 
2 82 
2 91 
2 94 
2 95 
2 101 
2 105 
2 118 
2 124 
2 125 
2 141 
2 157 
2 163 
2 172 
2 178 
2 190 
2 194 
2 199 
2 200 
2 212 
2 219 
2 222 
2 226 
2 229 
2 239 
2 240 
2 247 
2 265 
2 277 
2 280 
2 304 
2 318 
2 332 
2 336 
2 367 
2 388 
2 402 
2 430 
2 447 
2 454 
2 459 
2 477 
2 481 
3 4 
3 8 
3 13 
3 16 
3 18 
3 23 
3 25 
3 29 
3 33 
3 34 
3 40 
3 41 
3 43 
3 52 
3 53 
3 55 
3 57 
3 58 
3 61 
3 70 
3 80 
3 83 
3 89 
3 93 
3 98 
3 100 
3 101 
3 105 
3 108 
3 110 
3 122 
3 127 
3 128 
3 147 
3 155 
3 160 
3 176 
3 184 
3 201 
3 211 
3 213 
3 215 
3 219 
3 220 
3 227 
3 234 
3 238 
3 255 
3 264 
3 271 
3 285 
3 299 
3 302 
3 303 
3 307 
3 308 
3 309 
3 332 
3 345 
3 348 
3 354 
3 372 
3 374 
3 379 
3 389 
3 393 
3 406 
3 428 
3 436 
3 438 
3 443 
3 455 
3 462 
3 466 
3 472 
3 495 
3 498 
3 499 
4 5 
4 6 
4 8 
4 11 
4 12 
4 14 
4 17 
4 18 
4 20 
4 22 
4 23 
4 24 
4 31 
4 43 
4 44 
4 46 
4 47 
4 52 
4 55 
4 59 
4 74 
4 78 
4 82 
4 87 
4 104 
4 108 
4 120 
4 123 
4 134 
4 136 
4 141 
4 145 
4 153 
4 162 
4 188 
4 194 
4 207 
4 226 
4 229 
4 231 
4 236 
4 238 
4 249 
4 254 
4 255 
4 259 
4 286 
4 299 
4 302 
4 312 
4 321 
4 332 
4 337 
4 360 
4 372 
4 377 
4 390 
4 414 
4 433 
4 434 
4 437 
5 6 
5 7 
5 9 
5 13 
5 25 
5 26 
5 43 
5 48 
5 55 
5 62 
5 107 
5 115 
5 127 
5 140 
5 164 
5 174 
5 206 
5 210 
5 218 
5 287 
5 306 
5 322 
5 343 
5 372 
5 384 
5 390 
5 405 
5 415 
5 430 
5 453 
5 479 
5 487 
6 8 
6 10 
6 11 
6 14 
6 20 
6 21 
6 22 
6 27 
6 45 
6 57 
6 85 
6 93 
6 94 
6 106 
6 108 
6 123 
6 137 
6 154 
6 177 
6 181 
6 209 
6 214 
6 237 
6 255 
6 263 
6 290 
6 301 
6 306 
6 319 
6 342 
6 354 
6 357 
6 396 
6 432 
6 441 
6 488 
6 494 
7 9 
7 11 
7 12 
7 15 
7 21 
7 30 
7 31 
7 37 
7 45 
7 50 
7 57 
7 66 
7 68 
7 73 
7 80 
7 97 
7 146 
7 163 
7 165 
7 191 
7 211 
7 214 
7 215 
7 224 
7 228 
7 232 
7 235 
7 247 
7 266 
7 269 
7 278 
7 281 
7 285 
7 309 
7 310 
7 321 
7 331 
7 339 
7 359 
7 369 
7 379 
7 403 
7 431 
7 435 
7 450 
7 464 
7 471 
7 482 
7 487 
8 9 
8 20 
8 21 
8 25 
8 38 
8 50 
8 52 
8 90 
8 112 
8 114 
8 134 
8 149 
8 154 
8 201 
8 236 
8 261 
8 310 
8 345 
8 364 
8 385 
8 397 
8 426 
8 457 
8 471 
9 13 
9 14 
9 15 
9 16 
9 17 
9 19 
9 22 
9 24 
9 30 
9 62 
9 63 
9 68 
9 72 
9 92 
9 104 
9 115 
9 121 
9 205 
9 232 
9 240 
9 287 
9 346 
9 378 
9 399 
9 401 
9 457 
9 486 
9 489 
10 19 
10 23 
10 25 
10 27 
10 32 
10 39 
10 43 
10 48 
10 60 
10 62 
10 76 
10 90 
10 96 
10 98 
10 103 
10 106 
10 182 
10 200 
10 234 
10 297 
10 304 
10 328 
10 330 
10 334 
10 340 
10 363 
10 375 
10 391 
11 13 
11 17 
11 18 
11 19 
11 24 
11 26 
11 37 
11 40 
11 70 
11 85 
11 106 
11 107 
11 115 
11 120 
11 168 
11 181 
11 194 
11 235 
11 252 
11 285 
11 298 
11 337 
11 349 
11 350 
11 351 
11 370 
11 387 
11 418 
11 438 
11 445 
11 458 
12 14 
12 26 
12 28 
12 32 
12 36 
12 60 
12 64 
12 69 
12 96 
12 102 
12 130 
12 165 
12 173 
12 256 
12 264 
12 292 
12 367 
12 422 
12 473 
12 483 
13 16 
13 22 
13 40 
13 51 
13 56 
13 65 
13 114 
13 124 
13 146 
13 149 
13 152 
13 184 
13 217 
13 382 
13 407 
13 410 
13 411 
13 428 
13 489 
14 29 
14 31 
14 37 
14 41 
14 42 
14 47 
14 50 
14 51 
14 54 
14 58 
14 64 
14 116 
14 137 
14 142 
14 158 
14 169 
14 180 
14 193 
14 239 
14 246 
14 248 
14 266 
14 268 
14 275 
14 281 
14 288 
14 327 
14 329 
14 455 
14 458 
14 481 
15 87 
15 112 
15 116 
15 126 
15 148 
15 159 
15 233 
15 277 
15 382 
15 496 
16 29 
16 42 
16 51 
16 102 
16 135 
16 139 
16 177 
16 204 
16 208 
16 270 
16 338 
16 349 
16 350 
16 358 
16 403 
16 465 
16 470 
16 484 
17 28 
17 44 
17 63 
17 77 
17 103 
17 270 
17 287 
17 345 
17 405 
17 411 
17 474 
17 498 
18 36 
18 46 
18 57 
18 60 
18 81 
18 84 
18 90 
18 132 
18 157 
18 211 
18 240 
18 244 
18 248 
18 251 
18 274 
18 298 
18 321 
18 332 
18 380 
18 384 
18 389 
18 399 
18 416 
18 445 
18 498 
19 35 
19 54 
19 66 
19 71 
19 162 
19 170 
19 215 
19 220 
19 243 
19 289 
19 323 
19 410 
19 437 
20 39 
20 59 
20 60 
20 65 
20 67 
20 114 
20 166 
20 198 
20 272 
20 365 
21 34 
21 35 
21 39 
21 45 
21 49 
21 50 
21 61 
21 73 
21 75 
21 86 
21 95 
21 96 
21 110 
21 111 
21 140 
21 141 
21 159 
21 162 
21 183 
21 262 
21 276 
21 312 
21 386 
21 436 
21 483 
21 487 
22 54 
22 72 
22 89 
22 173 
22 433 
23 34 
23 36 
23 42 
23 46 
23 80 
23 90 
23 101 
23 133 
23 142 
23 148 
23 151 
23 163 
23 190 
23 265 
23 273 
23 283 
23 334 
23 491 
24 28 
24 30 
24 58 
24 83 
24 109 
24 128 
24 138 
24 140 
24 144 
24 153 
24 187 
24 203 
24 234 
24 245 
24 266 
24 294 
24 313 
24 316 
24 340 
24 394 
24 424 
25 49 
25 54 
25 58 
25 77 
25 86 
25 102 
25 104 
25 150 
25 179 
25 186 
25 223 
25 236 
25 249 
25 325 
25 393 
25 476 
26 38 
26 59 
26 97 
26 112 
26 122 
26 129 
26 150 
26 151 
26 155 
26 190 
26 272 
26 319 
26 333 
26 347 
26 356 
26 469 
27 32 
27 41 
27 44 
27 53 
27 56 
27 78 
27 81 
27 83 
27 118 
27 153 
27 156 
27 158 
27 163 
27 213 
27 247 
27 252 
27 264 
27 265 
27 297 
27 328 
27 364 
27 365 
27 381 
27 407 
27 408 
27 416 
27 418 
27 444 
27 463 
27 474 
27 499 
28 38 
28 76 
28 78 
28 82 
28 87 
28 115 
28 143 
28 160 
28 191 
28 196 
28 230 
28 288 
28 365 
28 443 
28 477 
29 59 
29 79 
29 146 
29 159 
29 206 
29 225 
29 232 
29 288 
29 294 
29 320 
29 325 
29 330 
29 361 
29 370 
29 423 
30 37 
30 49 
30 61 
30 67 
30 74 
30 88 
30 95 
30 133 
30 203 
30 325 
30 326 
30 393 
30 406 
30 467 
30 473 
31 51 
31 69 
31 91 
31 117 
31 119 
31 151 
31 154 
31 156 
31 164 
31 188 
31 218 
31 301 
31 465 
31 476 
31 491 
31 499 
32 53 
32 117 
32 254 
32 262 
32 272 
32 335 
32 350 
32 375 
32 386 
32 395 
32 452 
32 486 
33 41 
33 88 
33 121 
33 199 
33 200 
33 286 
33 329 
33 335 
33 472 
33 478 
34 53 
34 82 
34 84 
34 110 
34 147 
34 180 
34 205 
34 492 
35 81 
35 130 
35 136 
35 363 
35 456 
36 67 
36 73 
36 113 
36 119 
36 125 
36 148 
36 161 
36 162 
36 174 
36 248 
36 252 
36 262 
36 277 
36 311 
36 328 
36 366 
36 417 
36 419 
36 440 
36 459 
37 65 
37 105 
37 121 
37 127 
37 132 
37 141 
37 241 
37 249 
37 280 
37 359 
37 402 
37 470 
37 478 
38 39 
38 130 
38 225 
38 296 
38 356 
39 167 
39 373 
40 106 
40 154 
40 182 
40 195 
40 205 
40 260 
40 284 
40 308 
40 321 
40 439 
41 42 
41 109 
41 119 
41 125 
41 170 
41 171 
41 208 
41 227 
41 256 
41 380 
41 421 
42 77 
42 334 
43 46 
43 56 
43 61 
43 99 
43 103 
43 183 
43 194 
43 216 
43 307 
43 320 
43 368 
43 485 
43 490 
44 110 
44 143 
44 183 
44 341 
44 386 
44 414 
44 457 
45 107 
45 149 
45 258 
45 367 
46 52 
46 62 
46 71 
46 76 
46 93 
46 123 
46 127 
46 140 
46 161 
46 167 
46 171 
46 173 
46 190 
46 281 
46 313 
46 323 
46 357 
46 363 
46 373 
46 388 
46 416 
46 439 
46 458 
47 64 
47 176 
47 251 
47 282 
47 285 
47 304 
47 436 
47 495 
48 49 
48 145 
48 201 
48 219 
48 221 
48 324 
48 397 
49 63 
49 64 
49 77 
49 86 
49 92 
49 122 
49 132 
49 136 
49 139 
49 177 
49 202 
49 252 
49 259 
49 269 
49 298 
49 412 
49 420 
50 111 
50 192 
50 368 
51 55 
51 70 
51 73 
51 75 
51 88 
51 116 
51 124 
51 172 
51 178 
51 373 
51 437 
52 75 
52 99 
52 100 
52 129 
52 134 
52 135 
52 147 
52 166 
52 174 
52 175 
52 178 
52 198 
52 233 
52 263 
52 310 
52 352 
52 358 
52 365 
52 371 
52 407 
52 420 
52 464 
53 91 
53 149 
53 165 
53 187 
53 193 
53 195 
53 197 
53 199 
53 207 
53 245 
53 250 
53 281 
53 283 
53 284 
53 315 
53 325 
53 333 
53 387 
53 397 
53 419 
53 456 
53 485 
54 251 
54 299 
54 303 
54 430 
54 434 
55 185 
55 204 
55 212 
55 453 
56 70 
56 126 
56 143 
56 161 
56 197 
56 219 
56 221 
56 265 
56 289 
56 343 
56 355 
56 377 
56 460 
57 72 
57 174 
57 218 
57 222 
57 305 
57 348 
58 94 
58 211 
58 280 
58 300 
58 327 
59 83 
59 89 
59 119 
59 143 
59 168 
59 209 
59 250 
59 263 
59 294 
59 338 
59 433 
60 79 
60 87 
60 98 
60 177 
60 184 
60 258 
60 398 
61 109 
61 273 
61 279 
61 487 
62 101 
62 279 
62 283 
62 302 
63 71 
63 85 
63 360 
63 449 
64 68 
64 99 
64 432 
64 465 
64 493 
65 151 
65 161 
65 203 
65 210 
65 218 
65 303 
65 364 
65 400 
65 468 
66 191 
67 169 
68 84 
68 103 
68 247 
68 335 
69 113 
69 314 
69 390 
69 425 
70 148 
70 209 
70 222 
71 99 
71 131 
71 158 
71 376 
71 447 
72 78 
72 79 
72 85 
72 88 
72 181 
72 185 
72 187 
72 232 
72 275 
73 76 
73 92 
73 120 
73 291 
74 424 
76 94 
76 133 
76 455 
77 111 
77 181 
77 213 
77 220 
77 278 
77 297 
77 384 
77 405 
77 418 
77 432 
77 450 
78 104 
78 116 
78 133 
78 186 
78 413 
80 84 
80 137 
80 138 
80 225 
80 243 
80 249 
80 289 
80 307 
80 430 
80 434 
80 482 
81 100 
81 113 
81 257 
81 291 
81 295 
81 338 
82 102 
82 118 
82 134 
82 271 
82 286 
82 475 
83 93 
83 114 
83 123 
83 132 
83 144 
83 175 
83 192 
83 197 
83 292 
83 301 
83 341 
83 348 
83 385 
83 421 
83 479 
84 97 
84 112 
84 126 
84 169 
84 180 
84 202 
84 228 
84 260 
84 261 
84 268 
84 276 
84 318 
84 356 
84 381 
84 431 
84 433 
84 467 
84 468 
85 267 
86 97 
86 175 
86 429 
87 135 
87 207 
87 295 
87 408 
88 156 
88 169 
88 253 
88 393 
88 485 
88 486 
89 128 
89 157 
89 193 
89 274 
89 280 
89 296 
89 297 
89 361 
89 464 
90 275 
90 402 
91 128 
91 263 
91 417 
92 351 
92 476 
93 242 
93 244 
93 279 
93 283 
93 436 
93 444 
94 126 
94 138 
94 254 
95 139 
95 195 
95 317 
95 380 
95 398 
95 439 
96 315 
97 100 
97 131 
97 146 
97 478 
97 498 
98 155 
98 248 
98 275 
98 362 
98 375 
98 389 
98 432 
98 468 
99 138 
99 144 
99 152 
99 160 
99 172 
99 200 
99 224 
99 245 
99 308 
99 334 
99 412 
99 424 
100 156 
100 159 
100 273 
100 318 
100 371 
100 493 
100 497 
101 267 
101 276 
101 298 
101 346 
101 416 
102 105 
102 108 
102 117 
102 130 
102 137 
102 182 
102 215 
102 223 
102 290 
102 316 
102 331 
102 419 
102 496 
103 107 
103 135 
103 179 
103 237 
103 257 
103 483 
104 145 
104 186 
104 256 
104 257 
104 315 
104 319 
105 109 
105 111 
105 120 
105 125 
105 144 
105 166 
105 168 
105 175 
105 292 
105 371 
105 442 
105 449 
105 454 
106 155 
106 246 
106 399 
107 136 
107 339 
107 454 
108 150 
108 423 
108 448 
109 257 
109 268 
109 330 
109 360 
109 466 
109 491 
110 170 
110 196 
110 208 
110 411 
111 131 
111 195 
111 355 
111 447 
112 198 
112 216 
112 234 
113 129 
113 196 
113 221 
113 276 
113 293 
113 310 
113 316 
113 344 
113 455 
114 184 
114 217 
115 231 
115 331 
116 129 
116 245 
117 118 
117 121 
117 152 
117 179 
117 344 
117 362 
117 429 
117 434 
117 467 
118 300 
119 377 
120 210 
120 212 
120 394 
121 122 
121 152 
121 160 
121 164 
121 165 
121 176 
121 185 
121 189 
121 237 
121 242 
121 324 
121 339 
121 381 
121 398 
122 131 
122 189 
123 296 
123 337 
123 443 
123 447 
124 292 
125 145 
125 173 
125 178 
125 235 
125 237 
125 389 
125 438 
125 444 
125 466 
126 139 
126 391 
126 426 
126 470 
127 314 
127 336 
128 164 
128 170 
128 274 
129 202 
130 206 
131 196 
131 222 
131 230 
131 235 
131 335 
131 343 
131 349 
131 431 
131 450 
132 224 
132 359 
133 223 
133 359 
134 147 
134 369 
134 409 
134 484 
136 210 
136 238 
136 239 
136 273 
136 387 
136 413 
137 317 
137 333 
138 238 
139 183 
139 185 
139 364 
140 192 
140 481 
141 226 
141 271 
141 477 
141 490 
142 204 
143 352 
144 189 
145 189 
145 361 
147 318 
147 449 
148 176 
148 323 
149 187 
149 212 
149 213 
149 259 
149 376 
149 386 
149 493 
150 227 
150 341 
151 282 
151 360 
151 367 
151 451 
151 453 
151 460 
152 201 
152 304 
152 313 
152 413 
153 180 
153 381 
153 451 
154 241 
154 329 
154 421 
154 425 
154 446 
154 468 
155 191 
155 461 
156 157 
156 251 
156 258 
157 366 
158 182 
159 443 
160 167 
160 282 
160 383 
160 407 
160 424 
160 441 
160 453 
160 489 
161 270 
161 394 
162 242 
162 258 
162 262 
162 412 
162 421 
163 198 
163 239 
163 244 
163 278 
163 286 
163 440 
164 366 
164 415 
165 171 
165 231 
165 271 
165 353 
165 357 
165 446 
165 478 
165 497 
166 168 
166 204 
166 214 
166 233 
166 266 
166 341 
167 320 
167 339 
167 351 
168 172 
168 374 
168 464 
169 188 
169 246 
169 396 
169 462 
171 299 
171 338 
171 401 
171 423 
172 371 
172 422 
173 186 
173 250 
173 449 
174 229 
174 282 
174 342 
174 452 
175 499 
177 199 
177 295 
177 316 
177 408 
177 448 
177 469 
178 192 
178 209 
178 236 
178 369 
179 205 
179 305 
179 308 
179 309 
179 317 
179 362 
179 462 
180 260 
180 412 
181 216 
181 256 
181 260 
181 384 
181 391 
182 217 
182 272 
182 397 
183 250 
183 492 
184 202 
184 402 
185 197 
185 228 
185 230 
185 270 
185 438 
185 461 
186 269 
187 474 
187 494 
189 303 
189 362 
189 489 
190 203 
190 223 
190 290 
190 330 
190 355 
190 452 
191 284 
192 220 
193 255 
193 477 
194 267 
194 392 
196 291 
196 495 
197 225 
197 403 
197 490 
198 400 
198 472 
199 296 
199 485 
201 398 
203 259 
206 226 
206 337 
208 216 
208 231 
208 278 
208 324 
210 312 
210 429 
213 302 
214 246 
215 405 
216 284 
216 287 
216 353 
216 377 
216 404 
216 435 
216 480 
217 229 
220 315 
220 403 
222 333 
222 427 
223 233 
223 279 
223 293 
223 486 
224 293 
224 300 
224 322 
224 414 
224 445 
225 227 
226 228 
226 267 
226 326 
226 336 
226 476 
226 480 
227 327 
227 435 
227 481 
228 496 
229 242 
229 329 
229 428 
230 305 
230 313 
230 457 
231 470 
233 241 
233 261 
233 295 
233 324 
233 354 
233 419 
233 460 
234 390 
235 268 
235 370 
236 277 
237 312 
239 314 
239 331 
239 374 
239 427 
239 442 
240 253 
240 305 
240 307 
240 358 
240 411 
241 254 
241 409 
241 437 
241 451 
242 327 
243 269 
243 323 
245 348 
246 445 
247 322 
247 372 
247 446 
249 314 
249 420 
250 475 
251 311 
251 388 
252 311 
252 326 
252 376 
252 461 
252 496 
254 289 
254 399 
255 322 
255 344 
255 395 
255 458 
256 326 
257 347 
259 452 
260 264 
260 290 
260 373 
260 439 
262 291 
263 288 
263 293 
263 400 
263 448 
263 471 
264 394 
264 463 
265 366 
265 378 
265 466 
266 380 
266 446 
268 306 
268 406 
269 441 
269 475 
270 320 
270 467 
271 441 
272 349 
272 352 
273 319 
273 344 
273 383 
273 387 
273 482 
274 346 
274 409 
275 435 
275 440 
277 345 
277 480 
279 301 
283 465 
286 414 
287 317 
287 408 
289 378 
289 383 
289 497 
292 368 
292 410 
293 410 
293 425 
294 370 
294 396 
295 351 
295 361 
296 376 
297 426 
299 343 
301 306 
301 350 
301 363 
301 463 
304 342 
304 382 
304 383 
305 355 
305 423 
305 472 
308 415 
308 418 
310 392 
311 417 
312 340 
315 473 
316 400 
316 484 
319 456 
321 482 
322 427 
322 428 
323 354 
326 448 
326 479 
327 358 
327 388 
329 340 
329 461 
330 375 
330 442 
331 450 
332 346 
333 336 
336 492 
338 347 
338 356 
338 429 
339 401 
343 401 
344 353 
345 420 
348 379 
349 484 
351 357 
359 385 
359 422 
359 469 
360 475 
360 492 
364 395 
365 413 
365 474 
369 488 
370 490 
371 374 
371 406 
371 459 
374 422 
376 404 
381 451 
382 426 
383 391 
384 392 
393 488 
401 404 
402 404 
403 494 
405 409 
408 415 
408 425 
412 483 
416 442 
421 462 
428 491 
430 431 
432 495 
437 454 
438 471 
438 493 
452 459 
463 469 
471 473 
471 480 
