false
false
500
1988
0 1 
0 3 
0 4 
0 5 
0 6 
0 7 
0 8 
0 14 
0 16 
0 17 
0 18 
0 22 
0 23 
0 25 
0 26 
0 28 
0 33 
0 36 
0 40 
0 42 
0 45 
0 53 
0 58 
0 59 
0 63 
0 64 
0 68 
0 70 
0 84 
0 87 
0 93 
0 94 
0 96 
0 103 
0 104 
0 106 
0 113 
0 127 
0 134 
0 140 
0 141 
0 153 
0 157 
0 165 
0 179 
0 180 
0 183 
0 200 
0 213 
0 214 
0 216 
0 226 
0 228 
0 229 
0 244 
0 247 
0 248 
0 263 
0 267 
0 274 
0 278 
0 285 
0 290 
0 308 
0 310 
0 328 
0 337 
0 342 
0 356 
0 368 
0 371 
0 374 
0 387 
0 422 
0 446 
0 459 
0 494 
1 2 
1 4 
1 5 
1 7 
1 8 
1 9 
1 11 
1 13 
1 15 
1 17 
1 19 
1 29 
1 32 
1 37 
1 39 
1 42 
1 44 
1 45 
1 48 
1 55 
1 57 
1 59 
1 60 
1 63 
1 67 
1 80 
1 81 
1 101 
1 115 
1 117 
1 128 
1 129 
1 133 
1 138 
1 142 
1 152 
1 155 
1 167 
1 181 
1 184 
1 187 
1 189 
1 197 
1 198 
1 203 
1 208 
1 224 
1 234 
1 244 
1 250 
1 253 
1 265 
1 295 
1 297 
1 319 
1 320 
1 321 
1 335 
1 376 
1 384 
1 391 
1 400 
1 408 
1 409 
1 426 
1 435 
1 467 
1 472 
1 483 
2 3 
2 4 
2 5 
2 6 
2 10 
2 11 
2 13 
2 14 
2 15 
2 19 
2 22 
2 37 
2 46 
2 54 
2 60 
2 61 
2 62 
2 67 
2 75 
2 88 
2 102 
2 109 
2 115 
2 129 
2 134 
2 141 
2 186 
2 190 
2 193 
2 196 
2 223 
2 226 
2 234 
2 243 
2 267 
2 272 
2 283 
2 289 
2 296 
2 298 
2 337 
2 361 
2 431 
2 475 
3 4 
3 9 
3 12 
3 18 
3 24 
3 32 
3 48 
3 110 
3 181 
3 309 
3 313 
3 316 
3 387 
3 392 
3 448 
4 5 
4 6 
4 7 
4 8 
4 9 
4 10 
4 14 
4 16 
4 17 
4 18 
4 20 
4 22 
4 23 
4 27 
4 34 
4 44 
4 47 
4 49 
4 52 
4 57 
4 71 
4 77 
4 91 
4 102 
4 110 
4 118 
4 125 
4 126 
4 128 
4 132 
4 151 
4 158 
4 164 
4 173 
4 207 
4 211 
4 213 
4 241 
4 243 
4 249 
4 258 
4 267 
4 273 
4 275 
4 284 
4 286 
4 288 
4 291 
4 296 
4 306 
4 319 
4 320 
4 330 
4 364 
4 381 
4 398 
4 399 
4 438 
4 448 
4 454 
4 484 
4 492 
4 496 
5 6 
5 7 
5 10 
5 11 
5 12 
5 15 
5 16 
5 17 
5 21 
5 30 
5 33 
5 36 
5 48 
5 53 
5 56 
5 58 
5 62 
5 76 
5 95 
5 108 
5 119 
5 121 
5 124 
5 131 
5 132 
5 136 
5 147 
5 149 
5 158 
5 168 
5 181 
5 184 
5 197 
5 204 
5 206 
5 215 
5 222 
5 223 
5 228 
5 239 
5 240 
5 251 
5 252 
5 282 
5 285 
5 301 
5 302 
5 325 
5 333 
5 365 
5 384 
5 399 
5 410 
5 415 
5 421 
5 446 
5 449 
5 452 
6 12 
6 16 
6 30 
6 32 
6 35 
6 38 
6 41 
6 47 
6 48 
6 49 
6 50 
6 53 
6 54 
6 55 
6 57 
6 66 
6 69 
6 77 
6 90 
6 91 
6 92 
6 96 
6 98 
6 108 
6 110 
6 112 
6 114 
6 126 
6 137 
6 140 
6 156 
6 158 
6 166 
6 170 
6 171 
6 176 
6 246 
6 259 
6 266 
6 317 
6 332 
6 346 
6 365 
6 373 
6 385 
6 401 
6 432 
6 442 
6 463 
6 484 
7 8 
7 9 
7 12 
7 13 
7 18 
7 19 
7 20 
7 22 
7 33 
7 37 
7 38 
7 39 
7 41 
7 57 
7 63 
7 66 
7 73 
7 75 
7 81 
7 85 
7 95 
7 98 
7 104 
7 120 
7 125 
7 132 
7 152 
7 156 
7 162 
7 165 
7 177 
7 196 
7 201 
7 203 
7 222 
7 233 
7 242 
7 251 
7 266 
7 324 
7 338 
7 339 
7 358 
7 359 
7 371 
7 392 
7 396 
7 430 
8 10 
8 11 
8 24 
8 25 
8 31 
8 34 
8 40 
8 51 
8 55 
8 56 
8 79 
8 93 
8 95 
8 97 
8 113 
8 117 
8 131 
8 142 
8 157 
8 165 
8 178 
8 180 
8 184 
8 186 
8 191 
8 199 
8 202 
8 208 
8 211 
8 215 
8 217 
8 233 
8 274 
8 282 
8 296 
8 305 
8 345 
8 353 
8 360 
8 374 
8 381 
8 406 
8 409 
8 413 
8 432 
8 452 
8 458 
8 476 
8 482 
9 13 
9 15 
9 28 
9 31 
9 36 
9 39 
9 42 
9 43 
9 66 
9 69 
9 70 
9 78 
9 85 
9 92 
9 105 
9 118 
9 119 
9 120 
9 170 
9 174 
9 175 
9 183 
9 198 
9 206 
9 231 
9 263 
9 281 
9 294 
9 314 
9 326 
9 352 
9 363 
9 379 
9 418 
9 442 
9 462 
10 30 
10 83 
10 143 
10 150 
10 197 
10 236 
10 284 
10 456 
11 21 
11 26 
11 34 
11 37 
11 43 
11 52 
11 62 
11 78 
11 179 
11 220 
11 254 
11 265 
11 298 
11 340 
11 343 
11 360 
11 364 
11 382 
11 395 
11 421 
11 482 
12 24 
12 29 
12 55 
12 60 
12 68 
12 76 
12 88 
12 96 
12 130 
12 134 
12 136 
12 159 
12 163 
12 167 
12 177 
12 178 
12 187 
12 227 
12 261 
12 307 
12 315 
12 326 
12 348 
12 351 
12 438 
13 14 
13 21 
13 54 
13 65 
13 97 
13 101 
13 141 
13 148 
13 184 
13 224 
13 229 
13 252 
13 291 
13 298 
13 318 
13 328 
13 410 
13 453 
13 470 
13 483 
13 499 
14 20 
14 35 
14 38 
14 49 
14 54 
14 62 
14 99 
14 116 
14 155 
14 159 
14 224 
14 252 
14 265 
14 285 
14 294 
14 351 
14 353 
14 380 
14 391 
14 418 
14 436 
14 487 
15 19 
15 23 
15 24 
15 25 
15 26 
15 27 
15 30 
15 31 
15 34 
15 40 
15 44 
15 47 
15 67 
15 79 
15 80 
15 83 
15 98 
15 100 
15 105 
15 106 
15 150 
15 151 
15 156 
15 161 
15 165 
15 167 
15 174 
15 185 
15 195 
15 210 
15 223 
15 242 
15 247 
15 269 
15 284 
15 303 
15 304 
15 311 
15 336 
15 344 
15 397 
15 408 
15 411 
15 414 
15 424 
15 455 
15 485 
15 488 
15 497 
16 21 
16 42 
16 50 
16 74 
16 81 
16 126 
16 129 
16 230 
16 248 
16 255 
16 271 
16 306 
16 386 
16 464 
17 23 
17 25 
17 27 
17 28 
17 29 
17 72 
17 97 
17 115 
17 124 
17 139 
17 154 
17 163 
17 195 
17 201 
17 219 
17 236 
17 251 
17 303 
17 336 
17 354 
17 364 
17 394 
17 402 
17 420 
17 474 
18 29 
18 32 
18 58 
18 87 
18 105 
18 191 
18 193 
18 225 
18 443 
18 451 
18 472 
19 20 
19 27 
19 31 
19 41 
19 43 
19 51 
19 52 
19 84 
19 96 
19 100 
19 124 
19 176 
19 254 
19 269 
19 329 
19 363 
19 370 
19 388 
19 418 
19 434 
19 440 
19 448 
19 450 
19 457 
19 461 
19 478 
19 498 
20 26 
20 36 
20 47 
20 61 
20 73 
20 77 
20 86 
20 89 
20 116 
20 130 
20 169 
20 232 
20 242 
20 315 
20 334 
20 358 
20 370 
20 427 
20 473 
21 49 
21 50 
21 52 
21 71 
21 86 
21 89 
21 110 
21 120 
21 125 
21 231 
21 270 
21 290 
21 310 
21 316 
21 322 
21 333 
21 337 
21 426 
21 431 
21 437 
21 474 
21 478 
21 486 
21 488 
22 28 
22 78 
22 200 
22 209 
22 270 
22 294 
22 366 
22 413 
22 435 
23 33 
23 46 
23 107 
23 133 
23 153 
23 170 
23 177 
23 201 
23 238 
23 312 
23 347 
23 383 
23 403 
23 423 
24 72 
24 83 
24 92 
24 93 
24 127 
24 200 
25 56 
25 65 
25 69 
25 73 
25 75 
25 99 
25 109 
25 117 
25 120 
25 125 
25 145 
25 147 
25 164 
25 185 
25 360 
25 367 
26 88 
26 102 
26 117 
26 118 
26 180 
26 237 
26 282 
26 342 
26 362 
26 365 
26 373 
26 391 
26 422 
26 424 
26 429 
26 462 
27 131 
27 173 
27 244 
27 400 
27 405 
27 443 
27 473 
28 41 
28 44 
28 67 
28 109 
28 162 
28 218 
28 236 
28 321 
28 329 
28 357 
28 379 
28 416 
28 475 
28 491 
29 45 
29 59 
29 61 
29 71 
29 78 
29 82 
29 83 
29 95 
29 138 
29 194 
29 205 
29 292 
29 293 
29 317 
29 327 
29 333 
29 335 
29 340 
29 367 
29 421 
29 425 
30 38 
30 43 
30 45 
30 91 
30 135 
30 199 
30 206 
30 239 
30 257 
30 322 
30 323 
30 341 
30 343 
30 372 
30 381 
31 35 
31 64 
31 70 
31 86 
31 103 
31 115 
31 123 
31 129 
31 131 
31 151 
31 154 
31 155 
31 157 
31 168 
31 202 
31 246 
31 275 
31 279 
31 293 
31 377 
31 491 
32 40 
32 56 
32 74 
32 88 
32 112 
32 114 
32 143 
32 163 
32 181 
32 198 
32 204 
32 217 
32 234 
32 252 
32 259 
32 323 
32 350 
32 389 
32 407 
32 408 
32 417 
32 467 
33 77 
33 85 
33 103 
33 123 
33 220 
33 259 
33 268 
33 481 
34 35 
34 105 
34 190 
34 192 
34 329 
34 344 
34 454 
35 65 
35 74 
35 75 
35 93 
35 238 
35 494 
36 102 
36 108 
36 143 
36 190 
36 210 
36 301 
36 305 
36 430 
36 477 
37 46 
37 51 
37 59 
37 132 
37 134 
37 145 
37 160 
37 171 
37 172 
37 218 
37 246 
37 257 
37 260 
37 281 
37 300 
38 39 
38 64 
38 82 
38 215 
38 223 
40 50 
40 68 
40 164 
40 218 
40 235 
40 289 
40 291 
40 350 
40 360 
40 428 
40 450 
41 111 
41 152 
41 199 
42 46 
42 58 
42 104 
42 116 
42 175 
42 209 
42 253 
42 324 
42 379 
42 382 
43 60 
43 64 
43 94 
43 318 
43 385 
43 461 
44 53 
44 89 
44 169 
44 190 
44 329 
44 375 
44 414 
45 87 
45 101 
45 111 
45 192 
45 471 
46 205 
46 458 
47 111 
47 199 
47 307 
47 412 
48 103 
48 109 
48 121 
48 127 
48 147 
48 288 
48 413 
49 217 
49 229 
49 331 
49 440 
50 51 
50 65 
50 106 
50 121 
50 155 
50 158 
50 207 
50 253 
50 266 
50 292 
50 340 
50 419 
51 68 
51 71 
51 153 
51 264 
51 456 
51 494 
52 107 
52 148 
52 222 
52 270 
52 290 
52 299 
52 332 
52 409 
52 442 
53 70 
53 142 
53 179 
53 245 
53 280 
54 140 
54 211 
54 230 
54 254 
54 394 
54 470 
54 491 
55 104 
55 171 
55 458 
56 63 
56 209 
56 219 
56 220 
56 298 
56 388 
56 397 
56 415 
56 429 
56 479 
57 87 
57 149 
57 157 
57 160 
57 263 
57 302 
57 336 
57 362 
57 388 
57 479 
58 61 
58 107 
59 207 
60 74 
60 124 
60 213 
60 221 
60 266 
60 330 
60 371 
60 403 
60 477 
61 72 
61 79 
61 84 
61 86 
61 146 
61 175 
61 213 
61 216 
61 295 
61 340 
61 443 
61 471 
61 491 
61 499 
62 76 
62 90 
62 173 
62 289 
62 312 
63 66 
63 80 
63 126 
63 398 
63 416 
64 94 
64 205 
64 225 
64 272 
65 72 
65 73 
65 130 
65 145 
65 182 
65 187 
65 209 
65 278 
65 313 
65 321 
65 369 
65 375 
65 402 
65 438 
66 112 
66 152 
66 167 
66 178 
66 185 
66 219 
66 243 
66 261 
66 300 
66 457 
66 483 
67 69 
67 100 
67 107 
67 113 
67 137 
67 139 
67 148 
67 196 
67 293 
67 334 
67 468 
67 469 
67 476 
68 89 
68 94 
68 101 
68 113 
68 119 
68 168 
68 307 
68 369 
68 416 
68 496 
69 82 
69 84 
69 90 
69 91 
69 100 
69 111 
69 191 
69 249 
69 273 
69 319 
69 420 
69 441 
69 447 
70 116 
70 138 
70 316 
71 138 
71 171 
72 76 
72 90 
72 221 
72 386 
72 454 
73 79 
73 81 
73 92 
73 118 
73 122 
73 172 
73 176 
73 226 
73 256 
73 279 
73 288 
73 309 
73 310 
73 386 
73 401 
73 402 
73 403 
73 492 
74 80 
74 85 
74 135 
74 161 
75 121 
75 128 
75 135 
75 150 
75 177 
75 274 
75 375 
75 394 
75 434 
75 455 
76 147 
76 188 
76 261 
77 82 
77 149 
77 162 
77 192 
77 325 
77 378 
78 227 
78 231 
78 262 
78 268 
78 275 
78 372 
78 420 
78 486 
79 99 
79 170 
79 247 
79 260 
79 376 
79 424 
79 436 
79 466 
80 316 
80 361 
80 433 
81 204 
81 235 
81 338 
81 456 
82 206 
82 208 
82 212 
82 286 
82 392 
82 455 
83 97 
83 144 
83 326 
84 122 
84 139 
84 197 
84 203 
84 369 
84 390 
84 445 
84 485 
85 144 
85 248 
85 349 
85 430 
85 463 
87 182 
87 303 
87 356 
87 368 
87 390 
87 393 
87 451 
88 136 
88 195 
88 228 
88 245 
88 270 
88 348 
88 430 
88 481 
89 169 
89 204 
89 212 
89 214 
89 247 
89 256 
89 284 
90 112 
90 183 
90 186 
90 224 
90 292 
90 345 
90 368 
90 424 
90 481 
91 99 
91 396 
91 451 
92 106 
92 161 
92 178 
92 193 
92 273 
92 302 
92 471 
93 440 
94 130 
94 137 
94 156 
94 278 
94 372 
94 466 
95 141 
96 137 
96 312 
96 353 
96 354 
97 98 
97 232 
97 306 
97 355 
97 396 
97 485 
98 146 
98 264 
98 332 
98 348 
98 393 
98 410 
98 468 
100 143 
100 144 
100 151 
100 222 
100 287 
100 305 
100 336 
100 338 
100 373 
100 379 
101 114 
101 160 
101 194 
101 221 
101 238 
101 272 
101 287 
101 355 
101 389 
101 490 
102 239 
102 241 
102 354 
102 452 
103 108 
103 123 
103 133 
103 161 
103 188 
103 232 
103 236 
103 237 
103 249 
103 257 
103 269 
103 327 
103 393 
103 435 
103 439 
103 440 
104 175 
104 258 
104 299 
104 386 
105 185 
105 228 
105 487 
107 144 
107 168 
107 240 
107 273 
107 361 
107 423 
107 480 
108 114 
108 139 
108 201 
108 297 
108 304 
108 345 
109 135 
109 210 
109 307 
109 313 
109 327 
109 371 
109 439 
109 486 
110 150 
110 193 
110 207 
110 324 
110 383 
111 122 
111 173 
111 232 
111 248 
112 205 
112 390 
112 450 
113 145 
113 162 
113 251 
113 259 
114 159 
114 476 
115 119 
115 123 
116 122 
116 128 
116 163 
116 174 
116 183 
116 210 
116 295 
116 421 
117 160 
117 166 
117 169 
117 188 
117 233 
117 242 
117 349 
117 427 
117 456 
117 460 
118 469 
118 496 
120 127 
120 136 
120 322 
120 410 
121 240 
121 291 
121 381 
122 279 
122 453 
123 277 
123 309 
123 334 
123 405 
123 462 
123 495 
125 196 
125 200 
125 237 
125 345 
125 433 
125 464 
125 495 
126 337 
126 388 
127 133 
127 146 
127 212 
127 287 
128 148 
128 192 
128 359 
128 367 
128 460 
128 465 
129 188 
129 346 
129 347 
129 359 
130 179 
130 194 
130 301 
130 311 
130 417 
131 140 
131 439 
132 154 
132 276 
133 187 
133 202 
133 255 
133 265 
133 373 
133 374 
133 445 
134 390 
134 481 
135 166 
135 376 
135 465 
135 488 
136 195 
136 281 
137 159 
137 326 
138 146 
138 297 
138 308 
138 359 
138 401 
138 425 
138 474 
139 211 
140 142 
140 218 
141 172 
141 220 
142 154 
142 172 
142 261 
142 330 
142 382 
142 384 
143 286 
144 281 
144 349 
144 382 
144 434 
144 472 
145 189 
145 245 
145 325 
145 407 
146 189 
146 202 
146 219 
146 325 
146 362 
146 401 
147 149 
147 217 
147 262 
148 153 
148 256 
149 241 
149 372 
149 436 
149 499 
150 226 
150 288 
150 475 
150 483 
151 164 
151 276 
151 277 
152 180 
152 230 
152 433 
152 494 
152 498 
154 237 
155 208 
155 264 
155 437 
156 419 
156 495 
157 214 
157 216 
157 234 
158 271 
158 308 
158 428 
158 441 
158 446 
158 453 
161 256 
161 415 
162 182 
162 275 
162 308 
162 320 
162 332 
162 351 
162 462 
163 397 
163 431 
163 445 
163 489 
164 166 
164 277 
165 229 
165 263 
165 478 
165 492 
167 176 
167 235 
167 243 
167 257 
167 312 
167 319 
167 404 
168 189 
168 215 
168 304 
168 356 
168 458 
168 489 
169 283 
169 399 
170 221 
170 245 
170 358 
170 378 
172 174 
172 182 
173 239 
173 415 
174 194 
174 225 
174 317 
175 214 
175 225 
175 240 
175 250 
175 383 
175 451 
177 212 
177 348 
177 350 
177 375 
178 296 
179 286 
179 385 
180 331 
181 186 
181 244 
181 289 
182 250 
182 262 
182 294 
182 377 
182 406 
183 230 
183 463 
184 246 
184 271 
184 280 
184 427 
185 238 
185 295 
185 457 
186 408 
188 191 
188 277 
188 305 
188 405 
189 333 
189 411 
191 203 
191 426 
191 459 
193 258 
193 380 
193 427 
194 472 
195 198 
195 342 
196 254 
197 393 
198 235 
198 302 
198 425 
198 467 
199 346 
199 432 
200 397 
201 250 
201 400 
202 309 
202 315 
203 216 
203 227 
203 258 
203 290 
203 355 
203 398 
204 255 
204 341 
205 297 
206 409 
207 448 
208 274 
208 351 
208 459 
210 264 
210 300 
210 303 
210 342 
210 347 
211 370 
212 276 
214 347 
215 299 
217 231 
217 233 
217 449 
217 479 
219 356 
220 269 
220 280 
220 344 
220 362 
221 262 
221 394 
222 255 
222 283 
222 311 
222 461 
223 280 
223 335 
223 363 
224 227 
224 276 
224 283 
224 322 
224 334 
224 403 
224 412 
224 423 
226 400 
227 429 
227 479 
227 489 
228 318 
228 338 
228 469 
229 285 
230 268 
232 314 
232 404 
233 315 
233 413 
234 339 
235 241 
235 314 
235 331 
235 339 
235 354 
236 260 
236 395 
238 314 
239 267 
239 350 
239 361 
239 478 
240 464 
241 378 
242 249 
243 369 
244 411 
246 493 
247 320 
247 330 
247 346 
247 489 
248 278 
248 447 
248 449 
249 279 
249 300 
249 411 
249 414 
249 493 
250 331 
251 268 
251 310 
252 253 
253 299 
253 323 
254 447 
256 292 
258 271 
258 287 
258 352 
258 470 
259 260 
259 318 
259 341 
259 423 
259 444 
261 377 
261 446 
262 293 
262 366 
262 402 
262 452 
263 377 
263 432 
264 412 
265 376 
265 435 
266 306 
266 353 
266 363 
268 304 
268 374 
268 497 
269 468 
270 272 
270 282 
270 341 
271 404 
274 328 
275 339 
275 493 
276 343 
276 405 
277 461 
277 468 
278 368 
279 420 
280 317 
280 428 
282 370 
283 414 
284 490 
285 311 
286 352 
286 473 
286 499 
287 344 
288 301 
290 482 
293 328 
298 477 
300 476 
303 335 
303 364 
304 417 
305 437 
307 313 
307 407 
308 323 
309 467 
309 480 
312 327 
314 399 
314 406 
315 324 
315 352 
315 444 
317 426 
317 433 
317 438 
319 321 
319 349 
324 343 
324 454 
325 365 
327 398 
328 441 
328 444 
328 484 
330 366 
332 380 
332 395 
333 355 
333 358 
334 367 
341 383 
341 449 
343 442 
344 417 
345 357 
345 395 
346 366 
350 357 
350 378 
350 419 
350 484 
351 387 
351 389 
352 357 
353 490 
354 380 
354 385 
354 485 
355 475 
356 429 
357 387 
359 460 
363 422 
363 496 
366 473 
368 447 
368 464 
368 487 
370 416 
370 434 
371 391 
374 412 
374 425 
375 459 
376 389 
376 465 
377 392 
378 455 
380 384 
380 406 
380 428 
382 396 
382 407 
382 419 
382 487 
384 431 
385 404 
386 497 
386 498 
390 444 
390 463 
390 474 
391 445 
391 498 
392 470 
393 486 
395 495 
400 422 
400 477 
402 466 
404 457 
407 453 
408 418 
416 441 
421 480 
422 436 
425 460 
431 450 
433 466 
435 437 
438 439 
438 443 
444 480 
449 482 
449 493 
450 490 
451 465 
454 497 
460 469 
463 471 
465 488 
477 492 
