false
false
500
1988
0 1 
0 3 
0 4 
0 5 
0 7 
0 8 
0 9 
0 10 
0 17 
0 23 
0 40 
0 49 
0 89 
0 121 
0 168 
0 212 
0 254 
0 264 
0 267 
0 272 
0 302 
0 324 
0 332 
0 406 
0 421 
0 487 
1 2 
1 4 
1 5 
1 6 
1 7 
1 10 
1 11 
1 12 
1 13 
1 14 
1 15 
1 16 
1 17 
1 20 
1 24 
1 26 
1 30 
1 31 
1 33 
1 34 
1 35 
1 44 
1 45 
1 46 
1 48 
1 49 
1 50 
1 65 
1 67 
1 68 
1 75 
1 77 
1 78 
1 85 
1 90 
1 91 
1 92 
1 103 
1 105 
1 111 
1 113 
1 130 
1 131 
1 136 
1 139 
1 142 
1 145 
1 157 
1 163 
1 180 
1 185 
1 189 
1 193 
1 197 
1 203 
1 204 
1 206 
1 209 
1 222 
1 234 
1 239 
1 246 
1 248 
1 280 
1 296 
1 315 
1 331 
1 340 
1 348 
1 349 
1 368 
1 371 
1 390 
1 411 
1 417 
1 418 
1 419 
1 428 
1 430 
1 449 
1 473 
1 477 
1 481 
1 483 
1 492 
1 498 
2 3 
2 4 
2 5 
2 8 
2 12 
2 13 
2 18 
2 19 
2 30 
2 31 
2 33 
2 49 
2 88 
2 95 
2 107 
2 122 
2 137 
2 160 
2 165 
2 209 
2 231 
2 232 
2 278 
2 290 
2 317 
2 318 
2 321 
2 370 
2 387 
2 409 
3 4 
3 5 
3 6 
3 10 
3 11 
3 12 
3 19 
3 20 
3 21 
3 30 
3 57 
3 82 
3 83 
3 90 
3 96 
3 122 
3 126 
3 152 
3 173 
3 191 
3 203 
3 215 
3 269 
3 290 
3 330 
3 336 
3 340 
3 349 
3 356 
3 385 
3 393 
3 396 
3 429 
4 6 
4 7 
4 8 
4 12 
4 13 
4 15 
4 21 
4 23 
4 24 
4 32 
4 33 
4 34 
4 36 
4 37 
4 44 
4 54 
4 59 
4 65 
4 73 
4 85 
4 90 
4 93 
4 114 
4 117 
4 127 
4 170 
4 189 
4 191 
4 194 
4 221 
4 222 
4 232 
4 242 
4 243 
4 244 
4 251 
4 264 
4 309 
4 329 
4 372 
4 373 
4 389 
4 406 
4 418 
4 436 
4 437 
4 464 
4 469 
4 480 
4 487 
4 495 
4 498 
5 6 
5 7 
5 8 
5 9 
5 13 
5 15 
5 16 
5 20 
5 32 
5 35 
5 41 
5 61 
5 62 
5 67 
5 72 
5 76 
5 78 
5 87 
5 112 
5 113 
5 118 
5 124 
5 138 
5 139 
5 146 
5 152 
5 159 
5 167 
5 174 
5 179 
5 184 
5 185 
5 213 
5 221 
5 228 
5 229 
5 246 
5 255 
5 260 
5 279 
5 309 
5 318 
5 343 
5 364 
5 415 
5 424 
5 430 
5 431 
5 435 
5 456 
5 483 
5 495 
6 9 
6 10 
6 14 
6 19 
6 21 
6 22 
6 25 
6 35 
6 46 
6 50 
6 57 
6 61 
6 68 
6 70 
6 84 
6 94 
6 95 
6 109 
6 117 
6 124 
6 162 
6 166 
6 169 
6 206 
6 245 
6 285 
6 306 
6 310 
6 324 
6 355 
6 373 
6 420 
6 431 
6 470 
7 18 
7 27 
7 28 
7 29 
7 41 
7 58 
7 76 
7 97 
7 107 
7 123 
7 257 
7 320 
7 322 
7 401 
8 9 
8 11 
8 15 
8 16 
8 38 
8 44 
8 56 
8 70 
8 96 
8 113 
8 150 
8 182 
8 215 
8 259 
8 261 
8 363 
8 415 
8 421 
8 445 
8 459 
8 467 
8 485 
9 66 
9 101 
9 128 
9 263 
9 384 
9 451 
9 464 
10 11 
10 21 
10 36 
10 42 
10 47 
10 60 
10 66 
10 82 
10 85 
10 98 
10 111 
10 160 
10 161 
10 172 
10 173 
10 184 
10 194 
10 234 
10 243 
10 247 
10 264 
10 272 
10 295 
10 309 
10 311 
10 319 
10 334 
10 339 
10 343 
10 359 
10 400 
10 412 
10 431 
10 473 
10 494 
11 14 
11 32 
11 94 
11 104 
11 109 
11 141 
11 167 
12 18 
12 32 
12 60 
12 64 
12 66 
12 71 
12 91 
12 110 
12 116 
12 120 
12 197 
12 239 
12 258 
12 316 
12 321 
12 444 
13 14 
13 17 
13 25 
13 26 
13 31 
13 39 
13 40 
13 42 
13 51 
13 63 
13 76 
13 77 
13 78 
13 88 
13 109 
13 111 
13 119 
13 125 
13 133 
13 141 
13 143 
13 157 
13 158 
13 161 
13 165 
13 195 
13 196 
13 205 
13 208 
13 209 
13 214 
13 220 
13 229 
13 233 
13 240 
13 250 
13 253 
13 255 
13 263 
13 274 
13 280 
13 282 
13 287 
13 294 
13 299 
13 301 
13 310 
13 312 
13 315 
13 317 
13 319 
13 322 
13 349 
13 370 
13 380 
13 391 
13 413 
13 438 
13 454 
13 461 
13 481 
13 493 
14 16 
14 17 
14 28 
14 29 
14 51 
14 55 
14 70 
14 84 
14 86 
14 100 
14 104 
14 110 
14 205 
14 207 
14 216 
14 265 
14 279 
14 298 
14 305 
14 319 
14 322 
14 335 
14 340 
14 390 
14 397 
14 466 
14 474 
15 18 
15 20 
15 23 
15 34 
15 38 
15 42 
15 52 
15 62 
15 72 
15 94 
15 97 
15 108 
15 122 
15 132 
15 163 
15 186 
15 196 
15 224 
15 236 
15 251 
15 267 
15 274 
15 308 
15 343 
15 352 
15 424 
15 435 
15 455 
15 484 
15 488 
16 19 
16 25 
16 33 
16 37 
16 45 
16 47 
16 51 
16 53 
16 61 
16 66 
16 78 
16 80 
16 83 
16 93 
16 106 
16 114 
16 128 
16 133 
16 154 
16 156 
16 175 
16 186 
16 200 
16 204 
16 225 
16 268 
16 270 
16 277 
16 286 
16 306 
16 323 
16 341 
16 343 
16 395 
16 409 
16 440 
16 465 
16 467 
16 476 
16 491 
17 22 
17 24 
17 27 
17 51 
17 59 
17 83 
17 132 
17 176 
17 200 
17 221 
17 359 
17 362 
17 437 
17 493 
18 23 
18 24 
18 28 
18 29 
18 49 
18 57 
18 60 
18 69 
18 97 
18 112 
18 166 
18 177 
18 181 
18 182 
18 187 
18 224 
18 262 
18 275 
18 281 
18 361 
18 368 
18 432 
18 433 
18 456 
18 478 
18 481 
18 494 
18 497 
19 27 
19 39 
19 53 
19 56 
19 103 
19 119 
19 214 
19 229 
19 239 
19 278 
19 329 
19 361 
19 460 
19 463 
20 22 
20 25 
20 26 
20 43 
20 46 
20 50 
20 59 
20 71 
20 75 
20 77 
20 81 
20 83 
20 98 
20 105 
20 109 
20 116 
20 140 
20 145 
20 154 
20 157 
20 170 
20 205 
20 255 
20 281 
20 289 
20 311 
20 313 
20 326 
20 330 
20 358 
20 366 
20 378 
20 395 
20 442 
20 463 
21 22 
21 28 
21 31 
21 39 
21 40 
21 58 
21 68 
21 80 
21 93 
21 114 
21 116 
21 128 
21 149 
21 170 
21 195 
21 198 
21 207 
21 213 
21 228 
21 230 
21 233 
21 253 
21 282 
21 314 
21 336 
21 338 
21 355 
21 365 
21 375 
21 379 
21 385 
21 445 
21 446 
21 465 
21 470 
22 26 
22 35 
22 36 
22 64 
22 110 
22 115 
22 118 
22 121 
22 165 
22 295 
22 338 
22 390 
22 404 
23 47 
23 48 
23 54 
23 69 
23 91 
23 152 
23 162 
23 243 
23 325 
23 459 
24 29 
24 60 
24 87 
24 199 
24 225 
24 231 
24 313 
24 345 
24 366 
24 475 
25 44 
25 202 
25 274 
25 348 
25 474 
26 27 
26 36 
26 41 
26 45 
26 56 
26 74 
26 81 
26 86 
26 89 
26 99 
26 107 
26 108 
26 174 
26 252 
26 273 
26 301 
26 307 
26 396 
26 422 
26 447 
26 488 
26 495 
27 164 
27 177 
27 240 
27 250 
27 471 
28 30 
28 37 
28 38 
28 65 
28 79 
28 108 
28 120 
28 126 
28 159 
28 160 
28 168 
28 287 
28 321 
28 344 
28 372 
29 54 
29 81 
29 82 
29 117 
29 120 
29 131 
29 137 
29 153 
29 174 
29 242 
29 277 
29 288 
29 327 
29 353 
29 381 
29 386 
29 388 
29 452 
29 453 
30 53 
30 63 
30 141 
30 145 
30 192 
30 449 
30 485 
32 34 
32 43 
32 50 
32 88 
32 103 
32 111 
32 141 
32 144 
32 161 
32 336 
32 352 
32 407 
32 441 
32 457 
32 496 
33 39 
33 69 
33 228 
33 356 
33 403 
34 37 
34 57 
34 62 
34 67 
34 75 
34 93 
34 95 
34 102 
34 105 
34 124 
34 125 
34 218 
34 219 
34 233 
34 235 
34 236 
34 237 
34 263 
34 268 
34 272 
34 281 
34 341 
34 342 
34 380 
34 389 
34 415 
34 440 
34 468 
34 484 
35 87 
35 115 
35 134 
35 156 
36 38 
36 42 
36 53 
36 54 
36 56 
36 107 
36 129 
36 132 
36 148 
36 150 
36 200 
36 221 
36 224 
36 261 
36 276 
36 300 
36 381 
36 432 
36 469 
36 481 
36 491 
37 43 
37 45 
37 48 
37 52 
37 79 
37 85 
37 157 
37 177 
37 284 
37 402 
37 443 
37 492 
38 40 
38 41 
38 55 
38 64 
38 73 
38 86 
38 113 
38 140 
38 155 
38 158 
38 161 
38 164 
38 209 
38 214 
38 244 
38 258 
38 260 
38 270 
38 273 
38 288 
38 292 
38 296 
38 339 
38 342 
38 370 
38 380 
38 408 
38 430 
39 77 
39 98 
39 125 
39 134 
39 151 
39 172 
39 178 
39 370 
39 372 
39 424 
40 43 
40 52 
40 63 
40 71 
40 72 
40 81 
40 123 
40 135 
40 158 
40 208 
40 249 
40 260 
40 305 
40 362 
40 440 
41 73 
41 76 
41 95 
41 168 
41 217 
41 434 
42 46 
42 47 
42 67 
42 72 
42 88 
42 156 
42 198 
42 241 
42 265 
42 354 
42 453 
42 470 
43 58 
43 79 
43 80 
43 374 
43 410 
43 480 
44 48 
44 130 
44 146 
45 55 
45 63 
45 65 
45 133 
45 143 
45 149 
45 168 
45 182 
45 211 
45 233 
45 245 
45 357 
45 395 
45 397 
45 442 
45 474 
46 90 
46 181 
46 188 
46 218 
46 223 
46 231 
46 245 
46 317 
46 329 
46 369 
46 378 
46 482 
47 84 
47 102 
47 115 
47 131 
47 163 
47 284 
47 425 
47 479 
48 55 
48 58 
48 94 
48 101 
48 123 
48 126 
48 162 
48 173 
48 284 
48 298 
48 357 
48 365 
48 373 
48 494 
49 61 
49 96 
49 142 
49 153 
49 202 
49 406 
50 79 
50 317 
51 52 
51 62 
51 75 
51 92 
51 156 
51 186 
51 266 
51 269 
51 337 
51 466 
52 102 
52 179 
52 194 
52 276 
52 288 
52 391 
52 430 
52 436 
52 451 
53 126 
53 137 
53 234 
53 313 
53 386 
53 389 
53 467 
54 59 
54 64 
54 68 
54 153 
54 212 
54 242 
54 247 
54 253 
54 294 
54 468 
54 489 
54 494 
55 92 
55 112 
55 121 
55 140 
55 142 
55 171 
55 178 
55 206 
55 220 
55 249 
55 296 
55 322 
55 438 
55 450 
55 467 
55 486 
56 104 
56 198 
57 135 
57 187 
57 220 
57 226 
57 231 
57 234 
57 292 
57 302 
57 348 
57 356 
57 369 
57 375 
57 401 
57 499 
58 73 
58 135 
58 151 
58 235 
58 240 
58 247 
58 310 
58 428 
58 459 
59 69 
59 74 
59 147 
59 150 
59 252 
59 277 
59 286 
59 297 
59 335 
59 419 
60 82 
60 86 
60 87 
60 153 
60 175 
60 242 
60 276 
60 339 
60 392 
60 443 
61 70 
61 181 
61 216 
62 129 
62 133 
62 163 
62 188 
62 190 
62 218 
62 229 
62 271 
62 388 
62 402 
62 414 
63 89 
63 131 
63 138 
63 189 
63 215 
63 253 
63 346 
63 466 
64 71 
64 89 
64 99 
64 118 
64 203 
64 223 
64 259 
64 363 
65 100 
66 74 
66 146 
66 230 
66 257 
66 499 
67 98 
67 144 
67 224 
67 266 
67 267 
67 314 
67 371 
67 393 
67 414 
67 477 
68 108 
68 210 
68 439 
69 103 
69 115 
69 215 
69 254 
69 259 
69 293 
69 347 
69 351 
69 355 
69 383 
69 433 
70 118 
70 137 
70 189 
70 405 
71 80 
71 97 
71 143 
71 148 
71 211 
71 238 
71 300 
71 311 
71 320 
71 339 
71 382 
71 391 
71 443 
72 74 
72 101 
73 91 
73 368 
73 383 
73 403 
73 429 
73 432 
73 454 
73 461 
74 102 
74 180 
74 358 
75 101 
75 106 
75 140 
75 262 
75 497 
77 125 
77 138 
77 148 
77 159 
77 167 
77 173 
77 188 
77 303 
77 332 
77 353 
77 407 
78 145 
78 195 
78 318 
79 99 
79 426 
80 114 
80 116 
80 134 
80 139 
80 148 
80 219 
80 238 
80 282 
80 289 
80 351 
80 357 
80 359 
80 381 
80 392 
80 431 
80 456 
81 84 
81 106 
81 127 
81 129 
81 154 
81 166 
81 243 
81 328 
81 340 
81 350 
81 354 
81 393 
81 426 
81 447 
81 462 
82 227 
83 147 
83 175 
83 192 
83 201 
83 239 
83 362 
83 418 
84 196 
84 249 
85 151 
85 267 
86 142 
86 275 
86 279 
86 296 
86 417 
86 445 
87 92 
87 112 
87 160 
87 214 
87 216 
87 280 
87 294 
87 380 
87 394 
87 442 
88 227 
88 256 
88 273 
89 158 
90 99 
90 105 
90 106 
90 110 
90 130 
90 135 
90 149 
90 188 
90 190 
90 199 
90 226 
90 265 
90 303 
90 305 
90 327 
90 423 
90 458 
91 136 
91 165 
91 223 
91 293 
91 360 
91 462 
91 485 
91 491 
92 96 
92 149 
92 162 
92 174 
92 201 
92 212 
92 288 
92 351 
92 405 
92 423 
92 460 
92 464 
92 465 
92 478 
93 100 
93 180 
93 247 
93 393 
93 456 
93 462 
94 172 
94 202 
94 210 
94 437 
95 100 
95 192 
95 252 
95 283 
95 307 
95 342 
95 446 
95 455 
96 120 
96 124 
96 144 
96 236 
96 344 
97 307 
97 308 
97 330 
97 333 
97 387 
97 433 
97 462 
97 486 
98 123 
98 136 
98 210 
98 218 
98 261 
98 302 
98 371 
99 136 
99 144 
99 183 
99 230 
99 244 
99 475 
100 132 
100 190 
100 235 
100 241 
100 270 
100 327 
100 337 
100 384 
101 104 
101 119 
101 178 
101 259 
101 286 
101 287 
101 409 
101 480 
102 427 
102 463 
103 121 
103 176 
103 246 
103 258 
103 304 
103 399 
103 453 
104 290 
104 394 
104 458 
105 127 
105 248 
105 262 
105 386 
106 185 
106 376 
106 382 
107 203 
107 205 
107 413 
107 416 
108 180 
108 327 
109 175 
109 201 
110 226 
110 227 
110 297 
110 320 
110 383 
112 117 
112 122 
112 241 
112 249 
112 345 
112 367 
112 444 
112 492 
113 376 
114 127 
114 358 
114 406 
114 412 
114 425 
114 486 
115 119 
115 193 
115 265 
116 166 
116 422 
117 308 
118 130 
118 182 
118 193 
118 254 
118 303 
118 305 
118 368 
118 434 
118 444 
118 455 
118 497 
120 147 
120 179 
120 310 
120 438 
120 457 
120 489 
121 171 
121 184 
121 186 
121 204 
121 246 
121 360 
121 408 
121 454 
122 138 
122 399 
123 164 
123 276 
123 388 
124 169 
124 199 
124 285 
125 295 
125 394 
125 489 
126 155 
126 171 
126 172 
126 187 
126 256 
127 128 
127 129 
127 143 
127 200 
127 236 
127 240 
127 264 
127 275 
128 217 
128 377 
129 235 
129 250 
129 338 
129 434 
129 479 
130 139 
130 357 
130 450 
130 452 
132 147 
132 384 
133 134 
133 155 
133 176 
133 191 
133 204 
133 206 
133 217 
133 261 
133 363 
133 407 
133 418 
134 152 
134 183 
135 178 
135 226 
135 257 
135 293 
135 324 
135 365 
135 399 
135 410 
135 455 
136 146 
136 271 
136 291 
136 345 
137 167 
137 183 
137 201 
137 220 
137 230 
137 273 
137 350 
137 382 
138 248 
139 155 
139 198 
139 301 
139 328 
140 185 
140 187 
140 245 
140 268 
140 379 
140 421 
140 448 
141 169 
141 171 
141 196 
141 197 
141 211 
141 223 
141 237 
141 250 
141 367 
142 154 
142 472 
143 159 
143 268 
143 413 
143 473 
144 151 
144 183 
144 311 
144 377 
145 484 
146 254 
146 270 
146 295 
146 376 
146 471 
147 381 
147 387 
148 397 
149 150 
149 177 
149 309 
150 193 
150 202 
150 241 
150 271 
150 284 
150 372 
151 179 
151 181 
151 232 
151 257 
151 283 
151 300 
151 306 
151 323 
151 325 
151 354 
151 401 
151 422 
152 269 
152 283 
153 169 
153 304 
153 348 
153 392 
153 420 
153 428 
153 477 
153 493 
155 190 
156 176 
156 211 
156 302 
156 408 
156 416 
156 427 
157 364 
158 164 
159 213 
159 277 
159 297 
159 320 
159 410 
160 170 
160 194 
160 251 
160 466 
162 300 
162 304 
162 367 
162 424 
162 446 
163 225 
163 289 
163 331 
163 371 
163 451 
164 195 
165 347 
165 376 
166 192 
166 213 
166 237 
166 299 
166 328 
166 369 
166 398 
166 496 
167 217 
167 416 
167 435 
168 325 
168 363 
168 388 
168 414 
169 238 
169 364 
170 256 
170 365 
170 374 
172 292 
172 439 
172 483 
173 210 
173 408 
173 499 
174 191 
174 208 
174 216 
174 323 
174 351 
176 197 
176 266 
177 293 
177 471 
178 184 
178 212 
178 331 
178 366 
178 454 
179 447 
179 470 
180 294 
181 423 
182 308 
182 361 
183 260 
183 354 
183 458 
184 304 
185 405 
186 346 
188 256 
188 275 
188 289 
188 403 
190 353 
190 402 
190 444 
190 498 
191 199 
191 208 
191 252 
191 291 
191 299 
191 336 
191 360 
191 382 
191 391 
193 442 
195 255 
195 306 
195 436 
195 464 
195 468 
196 360 
196 398 
197 219 
198 263 
198 432 
199 222 
199 389 
201 325 
202 207 
202 396 
203 298 
203 400 
204 227 
204 297 
204 407 
204 420 
205 207 
205 441 
206 332 
206 447 
207 313 
207 326 
207 499 
208 244 
208 248 
208 314 
208 350 
208 410 
209 326 
209 334 
209 355 
209 374 
209 425 
211 232 
212 342 
213 225 
213 312 
214 316 
214 318 
214 445 
214 448 
215 258 
215 315 
215 460 
216 238 
216 287 
216 321 
217 228 
217 312 
217 333 
217 448 
217 495 
218 219 
218 222 
218 279 
218 286 
218 429 
226 331 
226 480 
227 441 
228 369 
229 237 
229 329 
229 390 
229 475 
230 333 
230 452 
231 307 
231 377 
231 385 
234 385 
234 448 
235 272 
235 411 
235 438 
235 482 
236 379 
236 396 
236 404 
237 299 
237 419 
239 262 
239 457 
240 291 
240 337 
240 344 
240 379 
241 292 
241 335 
241 349 
241 472 
242 312 
242 449 
243 345 
244 251 
246 412 
247 283 
248 375 
250 269 
250 433 
250 441 
251 314 
251 482 
251 496 
252 278 
253 281 
253 419 
253 453 
253 488 
254 335 
255 347 
255 487 
256 285 
257 266 
257 290 
257 475 
257 488 
258 316 
258 338 
261 341 
262 285 
262 333 
263 394 
264 274 
264 330 
264 401 
266 271 
266 298 
266 301 
266 324 
266 366 
266 400 
267 484 
270 375 
272 361 
272 404 
273 291 
273 315 
273 332 
273 387 
273 392 
273 460 
274 282 
276 278 
276 280 
276 356 
276 362 
276 373 
276 476 
277 319 
279 395 
280 334 
280 414 
281 437 
285 364 
285 496 
288 334 
288 405 
288 478 
288 490 
289 326 
290 346 
291 347 
291 474 
296 483 
299 409 
300 303 
302 428 
304 415 
305 479 
306 323 
306 328 
306 344 
306 426 
306 435 
306 465 
306 479 
307 411 
307 449 
308 316 
308 416 
314 352 
314 490 
315 346 
315 423 
316 383 
316 422 
318 417 
319 476 
320 412 
323 350 
323 359 
324 451 
324 458 
325 352 
325 358 
326 341 
326 377 
327 463 
329 378 
330 384 
330 443 
331 477 
333 337 
333 398 
334 417 
337 436 
338 353 
340 403 
341 411 
341 429 
343 482 
349 367 
352 404 
352 450 
352 478 
353 386 
354 452 
356 476 
358 427 
359 374 
360 378 
360 400 
360 472 
362 402 
364 471 
366 397 
370 425 
373 490 
374 439 
375 439 
379 497 
383 461 
384 427 
389 446 
390 472 
391 490 
392 399 
392 493 
396 398 
397 420 
405 413 
408 434 
408 491 
417 421 
417 459 
417 486 
418 473 
421 498 
422 426 
426 450 
431 440 
440 457 
452 468 
452 492 
456 469 
460 461 
462 469 
473 485 
475 489 
477 487 
