false
false
500
1988
0 1 
0 3 
0 4 
0 5 
0 6 
0 7 
0 8 
0 9 
0 11 
0 12 
0 13 
0 14 
0 15 
0 29 
0 34 
0 46 
0 48 
0 49 
0 51 
0 55 
0 59 
0 61 
0 65 
0 66 
0 71 
0 72 
0 84 
0 88 
0 97 
0 103 
0 118 
0 129 
0 131 
0 141 
0 158 
0 193 
0 205 
0 206 
0 211 
0 212 
0 223 
0 236 
0 238 
0 252 
0 259 
0 269 
0 272 
0 275 
0 282 
0 298 
0 322 
0 334 
0 346 
0 362 
0 366 
0 387 
0 411 
0 412 
0 413 
0 414 
0 415 
0 416 
0 419 
0 465 
0 487 
0 491 
1 2 
1 4 
1 5 
1 6 
1 7 
1 8 
1 9 
1 10 
1 14 
1 15 
1 17 
1 21 
1 22 
1 26 
1 30 
1 33 
1 35 
1 42 
1 47 
1 49 
1 55 
1 60 
1 64 
1 65 
1 71 
1 80 
1 103 
1 104 
1 112 
1 114 
1 119 
1 120 
1 126 
1 139 
1 141 
1 151 
1 162 
1 163 
1 165 
1 169 
1 174 
1 182 
1 183 
1 188 
1 198 
1 207 
1 213 
1 239 
1 243 
1 246 
1 258 
1 260 
1 263 
1 273 
1 278 
1 281 
1 283 
1 312 
1 337 
1 354 
1 368 
1 379 
1 406 
1 409 
1 422 
1 435 
1 437 
1 460 
1 468 
2 3 
2 4 
2 7 
2 11 
2 46 
2 50 
2 51 
2 62 
2 81 
2 99 
2 100 
2 101 
2 110 
2 122 
2 138 
2 140 
2 142 
2 154 
2 182 
2 195 
2 237 
2 253 
2 269 
2 288 
2 309 
2 341 
2 381 
2 398 
2 402 
2 454 
2 464 
3 4 
3 5 
3 6 
3 9 
3 10 
3 15 
3 16 
3 30 
3 36 
3 56 
3 67 
3 74 
3 115 
3 122 
3 124 
3 166 
3 187 
3 258 
3 309 
3 334 
3 364 
3 386 
3 461 
3 496 
4 5 
4 6 
4 7 
4 8 
4 10 
4 12 
4 13 
4 14 
4 16 
4 18 
4 19 
4 20 
4 21 
4 24 
4 25 
4 26 
4 29 
4 32 
4 40 
4 48 
4 54 
4 57 
4 63 
4 66 
4 68 
4 69 
4 71 
4 90 
4 93 
4 95 
4 99 
4 101 
4 113 
4 120 
4 145 
4 147 
4 173 
4 179 
4 200 
4 207 
4 213 
4 231 
4 234 
4 246 
4 255 
4 259 
4 268 
4 271 
4 275 
4 292 
4 328 
4 336 
4 357 
4 378 
4 393 
4 397 
4 407 
4 421 
4 423 
4 458 
4 469 
4 470 
5 26 
5 27 
5 31 
5 32 
5 94 
5 109 
5 132 
5 168 
5 206 
5 245 
5 255 
5 289 
5 342 
5 352 
5 367 
5 376 
5 391 
5 394 
5 499 
6 8 
6 9 
6 11 
6 12 
6 20 
6 24 
6 28 
6 53 
6 54 
6 55 
6 64 
6 71 
6 74 
6 83 
6 91 
6 120 
6 123 
6 124 
6 125 
6 150 
6 159 
6 181 
6 196 
6 204 
6 210 
6 243 
6 249 
6 272 
6 281 
6 285 
6 287 
6 302 
6 312 
6 318 
6 321 
6 325 
6 339 
6 341 
6 376 
6 443 
6 487 
6 495 
6 499 
7 10 
7 11 
7 12 
7 15 
7 16 
7 17 
7 19 
7 20 
7 21 
7 23 
7 28 
7 29 
7 30 
7 33 
7 34 
7 35 
7 36 
7 37 
7 40 
7 41 
7 42 
7 43 
7 44 
7 49 
7 52 
7 54 
7 62 
7 66 
7 68 
7 74 
7 75 
7 79 
7 85 
7 89 
7 93 
7 94 
7 96 
7 98 
7 101 
7 102 
7 103 
7 108 
7 113 
7 115 
7 116 
7 131 
7 137 
7 142 
7 145 
7 147 
7 149 
7 150 
7 153 
7 155 
7 157 
7 161 
7 182 
7 186 
7 197 
7 201 
7 216 
7 220 
7 221 
7 227 
7 228 
7 230 
7 232 
7 247 
7 257 
7 270 
7 272 
7 280 
7 287 
7 313 
7 330 
7 345 
7 358 
7 359 
7 372 
7 379 
7 381 
7 385 
7 390 
7 396 
7 413 
7 418 
7 425 
7 428 
7 434 
7 440 
7 445 
7 452 
7 463 
7 469 
7 479 
7 482 
8 13 
8 18 
8 24 
8 25 
8 27 
8 37 
8 46 
8 60 
8 63 
8 75 
8 77 
8 84 
8 89 
8 136 
8 149 
8 172 
8 192 
8 195 
8 202 
8 210 
8 229 
8 253 
8 318 
8 327 
8 346 
8 358 
8 362 
8 377 
8 396 
8 397 
8 404 
8 446 
8 453 
8 464 
9 35 
9 37 
9 47 
9 74 
9 75 
9 76 
9 83 
9 86 
9 92 
9 94 
9 104 
9 165 
9 212 
9 215 
9 251 
9 288 
9 293 
9 306 
9 307 
9 332 
9 333 
9 368 
9 375 
9 377 
9 441 
9 442 
9 465 
9 479 
10 53 
10 110 
10 114 
10 184 
10 214 
10 223 
10 237 
10 260 
10 272 
10 451 
11 13 
11 14 
11 19 
11 25 
11 38 
11 43 
11 59 
11 61 
11 63 
11 65 
11 72 
11 80 
11 92 
11 95 
11 96 
11 99 
11 142 
11 162 
11 192 
11 241 
11 290 
11 344 
11 421 
11 473 
11 482 
12 17 
12 18 
12 19 
12 22 
12 25 
12 26 
12 27 
12 44 
12 58 
12 73 
12 89 
12 111 
12 129 
12 181 
12 184 
12 209 
12 217 
12 233 
12 270 
12 293 
12 301 
12 362 
12 365 
12 424 
12 450 
12 480 
12 499 
13 27 
13 45 
13 47 
13 58 
13 80 
13 109 
13 156 
13 164 
13 177 
13 207 
13 257 
13 263 
13 264 
13 271 
13 377 
13 436 
13 443 
13 453 
14 16 
14 22 
14 29 
14 36 
14 39 
14 40 
14 125 
14 133 
14 140 
14 146 
14 148 
14 185 
14 223 
14 289 
14 444 
14 452 
14 497 
15 20 
15 22 
15 36 
15 38 
15 39 
15 66 
15 87 
15 102 
15 136 
15 143 
15 188 
15 196 
15 225 
15 275 
15 280 
15 316 
15 349 
15 406 
15 443 
15 476 
15 480 
15 489 
16 17 
16 18 
16 23 
16 24 
16 30 
16 31 
16 34 
16 61 
16 70 
16 83 
16 92 
16 93 
16 96 
16 132 
16 154 
16 176 
16 189 
16 199 
16 219 
16 253 
16 254 
16 265 
16 328 
16 334 
16 336 
16 347 
16 360 
16 366 
16 369 
16 388 
16 426 
16 446 
16 474 
17 21 
17 31 
17 40 
17 50 
17 60 
17 70 
17 88 
17 117 
17 152 
17 163 
17 264 
17 267 
17 338 
17 355 
17 378 
17 383 
17 395 
17 410 
17 480 
18 23 
18 32 
18 34 
18 37 
18 41 
18 45 
18 46 
18 62 
18 79 
18 83 
18 97 
18 102 
18 105 
18 121 
18 128 
18 133 
18 135 
18 146 
18 180 
18 240 
18 248 
18 265 
18 267 
18 276 
18 280 
18 284 
18 311 
18 316 
18 360 
18 373 
18 383 
18 451 
18 452 
19 23 
19 39 
19 45 
19 69 
19 82 
19 88 
19 104 
19 110 
19 195 
19 217 
19 228 
19 237 
19 271 
19 279 
19 343 
19 361 
19 401 
19 435 
19 450 
20 60 
20 64 
20 80 
20 82 
20 84 
20 176 
20 178 
20 223 
20 235 
20 240 
20 300 
21 28 
21 50 
21 70 
21 159 
21 173 
21 200 
21 204 
21 218 
21 234 
21 457 
21 485 
21 498 
22 48 
22 51 
22 59 
22 81 
22 112 
22 167 
22 189 
22 202 
22 298 
22 303 
22 334 
22 428 
22 440 
22 496 
23 43 
23 134 
23 227 
23 331 
23 360 
24 33 
24 35 
24 193 
24 216 
24 225 
24 259 
24 427 
24 459 
25 28 
25 44 
25 59 
25 100 
25 116 
25 164 
25 165 
25 179 
25 226 
25 269 
25 322 
25 331 
25 359 
25 387 
25 427 
25 492 
26 38 
26 41 
26 53 
26 97 
26 112 
26 134 
26 135 
26 166 
26 174 
26 188 
26 191 
26 231 
26 296 
26 297 
26 325 
26 339 
26 352 
26 380 
26 387 
26 406 
26 421 
26 447 
26 482 
26 494 
27 31 
27 38 
27 43 
27 47 
27 57 
27 81 
27 127 
27 144 
27 170 
27 267 
27 299 
27 349 
27 435 
27 444 
28 32 
28 39 
28 56 
28 86 
28 106 
28 143 
28 145 
28 152 
28 182 
28 291 
28 323 
28 333 
29 41 
29 42 
29 62 
29 72 
29 93 
29 119 
29 139 
29 175 
29 319 
29 331 
29 442 
29 491 
30 187 
30 277 
30 374 
30 493 
31 33 
31 48 
31 65 
31 68 
31 78 
31 141 
31 143 
31 161 
31 163 
31 181 
31 183 
31 185 
31 201 
31 277 
31 279 
31 301 
32 98 
32 114 
32 133 
32 207 
32 230 
32 308 
32 344 
32 359 
32 462 
33 52 
33 91 
33 105 
33 117 
33 190 
33 261 
33 271 
33 284 
33 340 
33 407 
33 424 
33 450 
34 69 
34 76 
34 88 
34 99 
34 101 
34 126 
34 199 
34 236 
34 316 
34 317 
34 320 
34 337 
34 369 
35 45 
35 76 
35 86 
35 89 
35 137 
35 165 
35 204 
35 215 
35 230 
35 274 
35 275 
35 281 
35 380 
35 400 
35 455 
35 465 
35 471 
36 51 
36 61 
36 206 
36 336 
37 109 
37 156 
37 180 
37 241 
38 68 
38 73 
38 111 
38 127 
38 256 
38 268 
38 329 
38 414 
38 473 
39 42 
39 228 
39 242 
39 350 
40 49 
40 50 
40 79 
40 85 
40 90 
40 132 
40 152 
40 177 
40 195 
40 257 
40 261 
40 289 
40 295 
40 337 
40 456 
41 56 
41 79 
41 87 
41 90 
41 95 
41 98 
41 136 
41 156 
41 160 
41 217 
41 240 
41 254 
41 266 
41 311 
41 330 
41 354 
41 361 
41 364 
41 401 
41 431 
41 474 
42 76 
42 82 
42 100 
42 137 
42 144 
42 155 
42 159 
42 192 
42 252 
42 371 
42 432 
42 461 
43 44 
43 53 
43 57 
43 73 
43 77 
43 78 
43 82 
43 94 
43 105 
43 121 
43 128 
43 145 
43 147 
43 190 
43 214 
43 238 
43 261 
43 262 
43 306 
43 364 
43 370 
43 395 
43 408 
43 409 
43 451 
43 454 
43 460 
44 58 
44 67 
44 153 
44 227 
44 263 
44 328 
44 361 
44 455 
44 464 
45 52 
45 58 
45 123 
45 126 
45 129 
45 148 
45 234 
45 280 
45 300 
45 304 
45 308 
45 342 
45 416 
46 54 
46 56 
46 63 
46 107 
46 109 
46 177 
46 201 
46 208 
46 211 
46 323 
46 373 
46 438 
46 457 
47 52 
48 194 
48 218 
48 237 
48 304 
48 330 
49 149 
50 90 
50 134 
51 55 
51 69 
51 85 
51 95 
51 146 
51 171 
51 228 
51 247 
51 303 
51 347 
51 353 
51 453 
52 72 
52 81 
52 106 
52 116 
52 132 
52 147 
52 176 
52 185 
52 191 
52 193 
52 221 
52 226 
52 229 
52 236 
52 239 
52 248 
52 268 
52 283 
52 308 
52 315 
52 365 
52 372 
52 382 
52 391 
53 138 
53 185 
53 186 
53 224 
54 57 
54 309 
54 472 
55 249 
55 438 
56 67 
56 107 
56 131 
56 158 
57 73 
57 148 
57 187 
57 319 
57 403 
58 78 
58 212 
58 220 
58 256 
58 285 
58 399 
58 487 
59 108 
59 125 
59 133 
59 160 
59 248 
59 375 
60 67 
60 78 
60 127 
60 161 
60 307 
60 366 
60 373 
60 445 
61 64 
61 98 
61 197 
61 246 
61 282 
61 340 
61 348 
62 87 
62 92 
62 176 
62 177 
62 179 
62 186 
62 206 
62 208 
62 351 
62 399 
62 449 
62 455 
63 139 
63 154 
63 196 
63 418 
64 151 
64 356 
64 397 
65 138 
65 210 
66 70 
66 128 
66 170 
66 213 
66 266 
66 284 
66 305 
66 462 
66 498 
67 111 
67 118 
67 191 
67 225 
67 251 
67 252 
67 356 
67 483 
67 488 
68 77 
68 97 
68 107 
68 162 
68 169 
68 204 
68 214 
68 243 
68 252 
68 300 
68 319 
68 338 
68 341 
68 359 
68 367 
68 371 
68 402 
68 420 
68 423 
68 464 
68 491 
69 220 
70 77 
70 84 
70 85 
70 91 
70 105 
70 110 
70 115 
70 119 
70 121 
70 143 
70 154 
70 168 
70 288 
70 299 
70 417 
70 436 
70 482 
71 75 
71 162 
71 216 
71 274 
71 294 
71 297 
71 393 
71 411 
71 433 
71 454 
71 461 
71 484 
71 489 
72 119 
72 246 
72 317 
72 328 
72 391 
72 400 
72 425 
72 460 
73 113 
73 114 
73 130 
73 137 
73 171 
73 175 
73 249 
73 302 
73 405 
73 407 
73 476 
74 144 
74 179 
74 216 
74 300 
74 351 
75 158 
75 211 
75 335 
75 427 
76 112 
76 333 
77 317 
77 347 
77 355 
77 360 
77 363 
77 364 
77 459 
80 180 
80 194 
81 196 
82 91 
82 107 
82 150 
82 157 
82 164 
82 215 
82 263 
82 295 
82 348 
82 410 
82 437 
82 439 
83 254 
83 264 
83 475 
84 96 
84 108 
84 124 
84 170 
84 178 
84 227 
84 253 
84 283 
84 372 
84 408 
84 415 
84 443 
84 476 
84 494 
85 86 
85 87 
85 100 
85 122 
85 153 
85 202 
85 375 
85 398 
86 123 
86 148 
86 249 
86 412 
86 492 
87 102 
87 117 
87 183 
87 251 
87 278 
87 294 
87 370 
87 379 
87 419 
87 477 
87 478 
87 489 
87 493 
89 198 
89 353 
90 219 
90 239 
90 341 
90 393 
91 278 
91 305 
91 388 
92 117 
92 118 
92 129 
92 131 
92 138 
92 172 
92 224 
92 274 
92 289 
92 395 
92 466 
92 485 
93 166 
93 178 
93 187 
93 226 
93 244 
93 389 
94 106 
94 124 
94 156 
94 170 
94 184 
94 189 
94 200 
94 231 
94 320 
94 352 
94 358 
94 383 
94 390 
95 181 
95 273 
95 327 
95 390 
95 461 
96 120 
96 121 
96 157 
96 174 
96 205 
96 209 
96 344 
96 384 
96 389 
96 423 
96 446 
97 130 
97 168 
97 218 
98 233 
98 234 
98 259 
98 312 
98 326 
98 351 
98 382 
100 103 
100 108 
100 150 
101 106 
101 471 
101 483 
102 104 
102 113 
102 167 
102 188 
102 201 
102 243 
102 390 
102 434 
103 167 
103 241 
103 244 
103 322 
103 387 
103 449 
104 122 
104 158 
104 192 
104 213 
104 475 
105 173 
105 222 
105 325 
105 332 
105 473 
105 495 
106 149 
106 174 
106 198 
106 266 
106 277 
106 347 
106 363 
106 448 
107 202 
107 282 
107 363 
107 438 
108 127 
108 161 
109 111 
109 136 
109 139 
109 153 
109 209 
109 302 
109 318 
109 345 
109 349 
109 417 
109 426 
110 115 
110 116 
110 171 
110 172 
110 184 
110 186 
110 241 
110 273 
110 313 
110 335 
110 435 
110 467 
111 125 
111 152 
111 219 
111 225 
111 247 
111 295 
111 367 
111 375 
111 410 
111 421 
111 432 
111 444 
111 467 
111 477 
111 478 
112 126 
112 130 
112 151 
112 284 
112 292 
112 310 
112 324 
112 326 
112 329 
112 403 
113 222 
114 141 
114 142 
114 146 
114 160 
114 169 
114 180 
114 190 
114 197 
114 210 
114 262 
114 266 
114 268 
114 286 
114 304 
114 325 
114 361 
114 466 
114 489 
114 490 
115 155 
115 212 
115 427 
115 440 
116 118 
116 285 
116 478 
117 377 
117 442 
118 294 
118 466 
119 140 
119 311 
120 236 
120 297 
121 134 
121 160 
121 197 
121 385 
122 123 
122 128 
122 239 
122 262 
122 301 
122 381 
122 384 
123 462 
124 190 
124 203 
124 305 
124 329 
124 468 
125 222 
125 366 
125 410 
125 475 
126 130 
126 205 
126 368 
127 135 
127 299 
127 413 
129 151 
129 200 
129 248 
129 329 
129 491 
130 199 
130 250 
130 430 
131 135 
131 173 
131 221 
131 338 
131 456 
131 472 
132 140 
132 217 
132 219 
133 451 
134 144 
134 157 
134 166 
134 172 
134 285 
134 290 
134 305 
134 379 
134 388 
135 310 
137 291 
137 302 
137 350 
138 412 
139 436 
140 445 
141 167 
142 238 
142 250 
142 262 
142 389 
142 422 
142 433 
143 164 
143 168 
143 286 
143 370 
145 348 
145 353 
146 209 
146 250 
147 247 
149 269 
150 155 
150 163 
150 484 
151 224 
151 242 
151 324 
152 290 
152 434 
153 175 
153 205 
153 395 
153 463 
154 159 
154 183 
154 242 
154 358 
155 314 
155 419 
156 221 
156 224 
156 231 
156 258 
156 296 
156 374 
156 456 
157 324 
157 388 
157 493 
158 310 
159 178 
159 233 
159 235 
159 308 
159 355 
160 232 
160 276 
161 335 
161 449 
162 169 
162 215 
162 478 
163 175 
163 291 
163 293 
165 208 
165 274 
165 369 
165 447 
166 229 
166 313 
167 171 
167 198 
167 265 
167 312 
167 336 
167 439 
167 477 
168 194 
168 433 
169 193 
169 203 
169 294 
169 331 
170 276 
170 458 
171 270 
172 399 
173 191 
173 301 
173 431 
174 270 
174 282 
174 345 
174 386 
176 264 
176 368 
176 430 
177 203 
177 254 
177 453 
177 486 
178 189 
178 265 
178 383 
178 428 
180 459 
180 495 
181 214 
181 279 
182 203 
182 309 
182 343 
183 321 
183 382 
183 459 
183 469 
184 229 
184 233 
184 245 
184 303 
184 351 
184 386 
184 400 
184 405 
184 485 
185 281 
185 403 
185 416 
186 235 
186 292 
186 425 
186 456 
187 194 
187 211 
187 218 
187 220 
187 286 
187 303 
187 468 
187 483 
187 494 
188 401 
189 488 
191 273 
191 487 
192 260 
193 199 
193 267 
193 307 
193 374 
194 407 
195 376 
196 317 
196 357 
196 428 
197 255 
197 475 
198 222 
198 295 
198 306 
198 460 
199 208 
199 441 
201 321 
202 277 
202 296 
203 290 
203 307 
203 492 
204 402 
206 297 
206 356 
207 235 
207 260 
208 261 
208 291 
209 244 
209 255 
209 258 
209 279 
209 316 
210 242 
212 296 
212 463 
213 245 
213 288 
213 374 
213 401 
214 232 
214 292 
214 335 
214 389 
214 449 
214 497 
215 230 
215 394 
216 245 
216 314 
216 365 
217 327 
218 349 
219 471 
220 226 
220 350 
220 420 
220 425 
221 391 
223 256 
224 232 
224 293 
224 324 
225 240 
225 298 
225 330 
225 426 
225 447 
226 238 
227 315 
227 392 
228 244 
228 286 
228 448 
231 306 
231 319 
231 327 
231 404 
232 287 
232 344 
233 250 
233 256 
233 333 
233 378 
233 394 
233 416 
234 251 
234 311 
234 314 
234 323 
234 342 
235 452 
237 320 
237 392 
237 418 
238 318 
239 278 
239 298 
239 380 
239 386 
239 414 
239 437 
241 440 
244 257 
248 384 
249 417 
249 466 
250 287 
250 393 
251 404 
251 423 
252 337 
253 283 
253 332 
254 353 
256 339 
256 444 
257 276 
259 415 
260 299 
260 419 
260 424 
260 447 
260 486 
261 396 
261 458 
261 467 
262 450 
264 323 
264 406 
266 400 
271 356 
272 321 
272 339 
272 357 
274 340 
274 354 
274 376 
275 382 
275 442 
276 346 
280 313 
280 384 
280 409 
280 471 
280 472 
281 448 
282 304 
282 314 
282 380 
283 320 
283 326 
283 411 
284 371 
285 498 
287 365 
287 462 
287 465 
288 426 
291 420 
292 346 
293 332 
293 354 
293 369 
293 490 
296 367 
297 348 
297 422 
298 315 
298 490 
299 326 
299 403 
299 404 
299 405 
299 429 
299 432 
300 310 
300 322 
301 409 
301 433 
302 497 
303 340 
303 481 
304 392 
308 477 
308 486 
309 458 
309 499 
310 315 
312 362 
314 457 
314 494 
315 342 
315 441 
315 470 
316 415 
317 352 
317 457 
319 496 
320 430 
321 343 
322 338 
323 431 
324 448 
325 492 
326 345 
326 355 
326 408 
327 343 
327 413 
328 432 
329 420 
329 434 
330 371 
330 480 
333 363 
333 399 
335 385 
335 488 
336 381 
340 408 
341 357 
341 476 
341 485 
342 350 
344 445 
345 392 
346 467 
348 412 
349 373 
349 398 
349 468 
350 370 
351 378 
352 372 
353 396 
353 414 
353 437 
354 385 
354 429 
354 469 
355 405 
355 479 
357 431 
358 430 
362 394 
362 497 
363 397 
363 496 
366 424 
367 441 
369 429 
375 490 
376 429 
378 402 
382 470 
383 398 
383 488 
385 417 
385 455 
388 481 
391 474 
391 498 
394 446 
396 422 
398 454 
399 411 
400 436 
402 439 
405 418 
407 484 
408 438 
408 439 
409 474 
414 463 
425 472 
435 481 
436 473 
436 484 
439 470 
442 486 
448 493 
452 495 
453 483 
454 481 
459 479 
