false
false
500
1988
0 1 
0 3 
0 4 
0 8 
0 12 
0 20 
0 30 
0 40 
0 41 
0 61 
0 84 
0 92 
0 110 
0 111 
0 113 
0 141 
0 162 
0 173 
0 223 
0 233 
0 244 
0 249 
0 252 
0 258 
0 285 
0 309 
0 320 
0 323 
0 457 
1 2 
1 4 
1 5 
1 6 
1 7 
1 8 
1 9 
1 10 
1 11 
1 12 
1 13 
1 16 
1 19 
1 20 
1 22 
1 23 
1 24 
1 25 
1 33 
1 34 
1 37 
1 43 
1 45 
1 48 
1 63 
1 95 
1 96 
1 105 
1 106 
1 107 
1 129 
1 130 
1 132 
1 165 
1 178 
1 199 
1 207 
1 213 
1 230 
1 246 
1 255 
1 267 
1 297 
1 352 
1 378 
1 379 
1 389 
1 403 
1 406 
1 413 
1 475 
1 485 
2 3 
2 4 
2 5 
2 6 
2 8 
2 9 
2 10 
2 11 
2 13 
2 18 
2 22 
2 25 
2 33 
2 34 
2 35 
2 37 
2 39 
2 42 
2 44 
2 48 
2 60 
2 61 
2 66 
2 79 
2 82 
2 88 
2 99 
2 109 
2 112 
2 114 
2 116 
2 119 
2 120 
2 126 
2 137 
2 146 
2 150 
2 155 
2 159 
2 160 
2 169 
2 171 
2 177 
2 179 
2 189 
2 191 
2 211 
2 212 
2 228 
2 251 
2 269 
2 279 
2 284 
2 296 
2 303 
2 309 
2 326 
2 332 
2 342 
2 371 
2 374 
2 405 
2 411 
2 415 
2 417 
2 423 
2 438 
2 446 
2 447 
2 461 
2 471 
3 4 
3 5 
3 7 
3 11 
3 14 
3 17 
3 18 
3 26 
3 51 
3 71 
3 72 
3 90 
3 108 
3 116 
3 121 
3 155 
3 166 
3 188 
3 198 
3 206 
3 213 
3 216 
3 221 
3 231 
3 234 
3 235 
3 237 
3 243 
3 255 
3 261 
3 311 
3 319 
3 325 
3 345 
3 346 
3 352 
3 364 
3 381 
3 396 
3 405 
3 413 
3 453 
3 455 
3 458 
3 462 
3 472 
3 478 
3 488 
3 495 
4 5 
4 6 
4 7 
4 10 
4 15 
4 45 
4 50 
4 52 
4 54 
4 56 
4 60 
4 61 
4 62 
4 78 
4 89 
4 104 
4 105 
4 108 
4 121 
4 123 
4 141 
4 155 
4 164 
4 176 
4 202 
4 204 
4 254 
4 278 
4 325 
4 352 
4 363 
4 384 
4 392 
4 403 
4 414 
4 421 
4 455 
4 486 
4 495 
5 6 
5 9 
5 13 
5 15 
5 17 
5 20 
5 27 
5 28 
5 41 
5 44 
5 54 
5 67 
5 69 
5 71 
5 83 
5 91 
5 106 
5 112 
5 140 
5 147 
5 163 
5 190 
5 217 
5 219 
5 229 
5 232 
5 313 
5 331 
5 340 
5 353 
5 360 
5 366 
5 395 
5 418 
5 428 
5 433 
5 441 
5 450 
5 453 
6 7 
6 8 
6 9 
6 10 
6 16 
6 23 
6 24 
6 26 
6 28 
6 34 
6 40 
6 41 
6 45 
6 47 
6 52 
6 91 
6 100 
6 114 
6 116 
6 120 
6 121 
6 134 
6 135 
6 139 
6 158 
6 245 
6 246 
6 255 
6 281 
6 301 
6 308 
6 316 
6 375 
6 467 
7 18 
7 21 
7 24 
7 29 
7 32 
7 35 
7 63 
7 68 
7 75 
7 80 
7 101 
7 131 
7 142 
7 150 
7 151 
7 172 
7 226 
7 227 
7 238 
7 257 
7 260 
7 296 
7 322 
7 330 
7 339 
7 361 
7 383 
7 424 
7 451 
8 11 
8 12 
8 13 
8 14 
8 16 
8 17 
8 29 
8 30 
8 39 
8 43 
8 45 
8 48 
8 53 
8 59 
8 65 
8 70 
8 74 
8 76 
8 84 
8 87 
8 99 
8 114 
8 122 
8 126 
8 127 
8 132 
8 134 
8 147 
8 160 
8 161 
8 163 
8 182 
8 230 
8 243 
8 270 
8 283 
8 284 
8 323 
8 333 
8 344 
8 354 
8 370 
8 388 
8 413 
8 425 
8 427 
8 430 
8 434 
8 473 
8 475 
9 15 
9 21 
9 40 
9 49 
9 68 
9 72 
9 76 
9 110 
9 121 
9 125 
9 142 
9 230 
9 276 
9 316 
9 323 
9 375 
10 12 
10 16 
10 22 
10 27 
10 28 
10 31 
10 33 
10 36 
10 42 
10 44 
10 55 
10 57 
10 63 
10 73 
10 83 
10 87 
10 89 
10 100 
10 103 
10 106 
10 115 
10 152 
10 208 
10 215 
10 224 
10 233 
10 256 
10 283 
10 291 
10 294 
10 295 
10 326 
10 376 
10 402 
10 443 
11 14 
11 17 
11 18 
11 35 
11 46 
11 49 
11 78 
11 81 
11 82 
11 89 
11 120 
11 128 
11 150 
11 167 
11 176 
11 180 
11 185 
11 188 
11 190 
11 207 
11 226 
11 229 
11 304 
11 317 
11 330 
11 358 
11 385 
11 481 
11 488 
11 489 
11 490 
12 15 
12 29 
12 50 
12 56 
12 58 
12 59 
12 69 
12 73 
12 80 
12 84 
12 123 
12 137 
12 149 
12 164 
12 180 
12 185 
12 197 
12 210 
12 215 
12 220 
12 240 
12 269 
12 272 
12 289 
12 348 
12 382 
12 423 
12 486 
13 14 
13 19 
13 20 
13 21 
13 22 
13 27 
13 30 
13 35 
13 44 
13 46 
13 49 
13 57 
13 58 
13 77 
13 78 
13 90 
13 93 
13 103 
13 139 
13 142 
13 194 
13 203 
13 208 
13 212 
13 217 
13 228 
13 241 
13 242 
13 252 
13 258 
13 261 
13 278 
13 279 
13 286 
13 300 
13 311 
13 315 
13 360 
13 366 
13 370 
13 375 
13 386 
13 405 
13 437 
13 441 
13 463 
13 473 
14 61 
14 68 
14 85 
14 86 
14 88 
14 105 
14 118 
14 130 
14 139 
14 150 
14 187 
14 201 
14 306 
14 337 
14 373 
14 450 
14 460 
14 482 
15 23 
15 31 
15 62 
15 72 
15 87 
15 95 
15 125 
15 128 
15 136 
15 157 
15 172 
15 233 
15 241 
15 408 
15 419 
15 442 
15 445 
15 446 
16 30 
16 36 
16 38 
16 53 
16 58 
16 70 
16 79 
16 94 
16 144 
16 148 
16 152 
16 160 
16 169 
16 170 
16 178 
16 182 
16 195 
16 197 
16 198 
16 200 
16 208 
16 253 
16 280 
16 287 
16 289 
16 294 
16 298 
16 314 
16 335 
16 349 
16 351 
16 376 
16 379 
16 381 
16 387 
16 471 
16 476 
16 480 
16 483 
16 484 
16 498 
17 19 
17 25 
17 49 
17 56 
17 66 
17 69 
17 98 
17 109 
17 122 
17 144 
17 162 
17 188 
17 282 
17 305 
17 336 
17 355 
18 19 
18 21 
18 26 
18 37 
18 47 
18 57 
18 89 
18 99 
18 130 
18 135 
18 167 
18 194 
18 224 
18 244 
18 369 
18 387 
18 426 
18 436 
18 439 
18 452 
18 464 
18 474 
19 23 
19 25 
19 43 
19 92 
19 123 
19 137 
19 156 
19 173 
19 181 
19 200 
19 293 
19 314 
19 327 
19 386 
19 407 
19 451 
19 465 
19 470 
19 487 
19 490 
20 26 
20 42 
20 50 
20 74 
20 80 
20 84 
20 92 
20 108 
20 127 
20 138 
20 139 
20 185 
20 253 
20 307 
20 380 
20 425 
21 24 
21 31 
21 65 
21 82 
21 83 
21 94 
21 101 
21 196 
21 258 
21 266 
21 319 
21 345 
21 374 
21 379 
21 407 
21 408 
21 452 
21 491 
22 31 
22 38 
22 46 
22 51 
22 58 
22 66 
22 74 
22 91 
22 101 
22 104 
22 106 
22 116 
22 133 
22 149 
22 174 
22 182 
22 238 
22 257 
22 312 
22 314 
22 330 
22 345 
22 383 
22 412 
23 29 
23 33 
23 146 
23 156 
23 162 
23 191 
23 199 
23 208 
23 214 
23 281 
23 320 
23 452 
24 32 
24 34 
24 38 
24 39 
24 53 
24 70 
24 71 
24 110 
24 143 
24 183 
24 187 
24 203 
24 214 
24 232 
24 246 
24 271 
24 278 
24 285 
24 288 
24 293 
24 320 
24 341 
24 363 
24 382 
24 439 
24 474 
24 495 
25 28 
25 36 
25 39 
25 60 
25 64 
25 65 
25 66 
25 98 
25 102 
25 123 
25 157 
25 170 
25 199 
25 201 
25 204 
25 248 
25 307 
25 429 
26 27 
26 38 
26 47 
26 65 
26 77 
26 97 
26 111 
26 117 
26 128 
26 131 
26 143 
26 159 
26 161 
26 163 
26 175 
26 184 
26 187 
26 193 
26 205 
26 213 
26 232 
26 235 
26 240 
26 244 
26 245 
26 252 
26 288 
26 305 
26 308 
26 328 
26 335 
26 350 
26 436 
27 52 
27 64 
27 69 
27 78 
27 210 
27 277 
27 367 
27 369 
27 383 
27 447 
28 32 
28 41 
28 43 
28 60 
28 105 
28 140 
28 153 
28 176 
28 474 
29 193 
29 198 
29 214 
29 347 
29 401 
29 480 
30 36 
30 59 
30 77 
30 95 
30 145 
30 218 
30 275 
30 399 
31 32 
31 51 
31 85 
31 92 
31 167 
31 194 
31 245 
31 380 
31 410 
31 438 
31 440 
32 37 
32 56 
32 90 
32 93 
32 96 
32 117 
32 134 
32 143 
32 162 
32 164 
32 195 
32 224 
32 267 
32 279 
32 284 
32 344 
32 350 
32 445 
33 77 
33 102 
33 122 
33 132 
33 138 
33 255 
33 395 
33 483 
34 64 
34 178 
34 179 
34 231 
34 342 
34 373 
34 388 
35 40 
35 46 
35 57 
35 71 
35 75 
35 119 
35 125 
35 127 
35 179 
35 239 
35 241 
35 260 
35 283 
35 285 
35 293 
35 304 
35 309 
35 310 
35 337 
35 351 
35 386 
35 401 
35 416 
35 496 
36 50 
36 55 
36 111 
36 137 
36 170 
36 188 
36 198 
36 221 
36 238 
36 327 
36 340 
36 427 
36 469 
36 491 
37 42 
37 48 
37 70 
37 107 
37 128 
37 129 
37 187 
37 235 
37 250 
37 267 
37 270 
37 288 
37 291 
37 332 
37 390 
37 412 
37 420 
37 456 
38 91 
38 113 
38 164 
38 177 
38 204 
38 240 
38 290 
38 332 
38 385 
38 420 
38 471 
38 476 
39 124 
39 289 
39 371 
39 373 
40 286 
40 310 
40 329 
40 410 
40 418 
41 54 
41 120 
41 180 
41 370 
42 73 
42 366 
43 47 
43 64 
43 168 
43 378 
43 449 
44 52 
44 95 
44 101 
44 144 
44 177 
44 207 
44 260 
44 289 
44 304 
44 321 
44 374 
44 396 
44 438 
45 51 
45 189 
45 232 
45 263 
45 283 
45 317 
45 318 
45 396 
45 426 
46 55 
46 86 
46 100 
46 199 
46 211 
46 217 
46 282 
46 310 
47 54 
47 81 
47 122 
47 124 
47 149 
47 158 
47 177 
47 272 
47 335 
47 341 
47 368 
47 384 
47 394 
47 430 
47 467 
48 75 
48 93 
48 114 
48 135 
48 174 
48 280 
48 347 
48 358 
48 359 
48 367 
48 462 
49 55 
49 62 
49 97 
49 124 
49 126 
49 142 
49 154 
49 251 
49 292 
49 299 
49 431 
49 481 
49 494 
49 495 
50 53 
50 74 
50 97 
50 99 
50 143 
50 171 
50 186 
50 265 
50 319 
50 348 
50 370 
50 444 
50 463 
50 499 
51 63 
51 67 
51 119 
51 146 
51 224 
51 242 
51 302 
51 356 
51 384 
51 438 
52 67 
52 98 
52 108 
52 168 
52 184 
52 209 
52 227 
52 239 
52 247 
52 374 
52 392 
53 88 
53 265 
54 195 
54 216 
54 268 
54 361 
54 476 
55 67 
55 79 
55 93 
55 97 
55 102 
55 117 
55 119 
55 152 
55 190 
55 221 
55 234 
55 243 
55 250 
55 333 
55 339 
55 399 
55 411 
55 441 
56 76 
56 81 
56 129 
56 136 
56 172 
56 263 
56 296 
56 322 
56 341 
56 487 
57 59 
57 81 
57 88 
57 90 
57 159 
57 222 
57 231 
57 274 
57 435 
57 448 
58 79 
58 170 
59 107 
59 118 
59 226 
59 293 
59 461 
60 62 
60 115 
60 147 
60 202 
60 453 
60 499 
61 132 
61 256 
61 281 
61 313 
61 460 
61 490 
62 173 
62 229 
62 330 
62 390 
62 415 
63 75 
63 169 
63 218 
63 254 
63 295 
63 380 
63 440 
64 130 
65 222 
66 94 
66 118 
66 223 
66 264 
66 478 
67 68 
67 73 
67 86 
67 87 
67 133 
67 135 
67 160 
67 174 
67 220 
67 265 
67 343 
67 349 
67 387 
67 402 
67 419 
67 447 
68 83 
68 102 
68 103 
68 115 
68 176 
68 203 
68 236 
68 307 
68 342 
68 415 
68 472 
68 498 
69 80 
70 86 
70 140 
70 151 
70 159 
70 189 
70 196 
70 385 
70 442 
71 72 
71 85 
71 96 
71 112 
71 151 
71 267 
71 426 
71 431 
71 436 
71 475 
71 485 
72 76 
72 85 
72 110 
72 117 
72 216 
72 328 
72 487 
73 153 
73 364 
73 391 
73 421 
74 113 
74 161 
74 200 
74 234 
74 251 
74 464 
74 491 
75 100 
75 148 
75 219 
75 263 
75 310 
76 107 
76 126 
76 298 
76 346 
76 354 
76 381 
77 141 
77 148 
77 192 
77 247 
77 256 
77 270 
77 274 
77 365 
77 389 
77 397 
77 488 
78 166 
78 461 
79 109 
79 113 
79 202 
79 291 
79 340 
80 82 
80 98 
80 184 
80 339 
80 354 
81 203 
81 236 
81 259 
82 112 
82 131 
82 178 
82 210 
82 225 
82 239 
82 253 
82 424 
83 193 
83 225 
83 240 
83 440 
84 103 
84 111 
84 218 
84 249 
84 333 
84 341 
84 356 
84 377 
85 96 
85 104 
85 234 
85 296 
85 485 
86 183 
86 186 
86 209 
86 261 
86 317 
86 388 
87 165 
87 219 
87 303 
87 313 
87 408 
88 271 
88 332 
88 378 
88 406 
88 414 
88 482 
89 145 
89 193 
89 388 
89 466 
90 201 
90 373 
90 405 
91 94 
91 124 
91 136 
91 157 
91 228 
91 311 
91 321 
92 109 
92 153 
92 306 
92 449 
92 457 
93 156 
93 163 
93 168 
93 205 
93 428 
95 169 
95 242 
95 276 
95 299 
95 350 
95 489 
96 129 
97 217 
97 229 
97 247 
98 104 
98 158 
98 200 
98 201 
98 230 
98 273 
98 281 
98 292 
99 312 
99 362 
100 151 
100 275 
100 319 
100 328 
101 115 
101 166 
101 259 
101 285 
101 316 
101 358 
101 391 
103 145 
103 392 
104 183 
104 391 
104 474 
105 118 
105 216 
105 301 
105 322 
105 412 
107 272 
108 140 
108 144 
108 196 
108 213 
108 302 
108 421 
109 138 
109 152 
109 175 
109 239 
109 257 
109 295 
109 353 
110 141 
110 165 
110 181 
110 190 
110 241 
110 252 
110 367 
110 418 
111 184 
111 324 
111 372 
111 400 
112 179 
112 394 
112 426 
112 449 
112 489 
113 272 
114 264 
114 278 
114 334 
114 347 
114 392 
114 446 
115 161 
115 195 
115 400 
116 219 
116 435 
117 133 
117 156 
117 220 
117 316 
117 329 
117 344 
117 366 
117 484 
119 153 
119 180 
119 376 
120 125 
120 273 
120 433 
120 459 
121 197 
121 223 
121 237 
121 286 
121 337 
121 363 
121 382 
121 493 
122 181 
122 194 
122 211 
122 246 
122 460 
123 127 
123 131 
123 149 
123 171 
123 196 
123 228 
123 248 
123 250 
123 270 
123 271 
123 294 
123 318 
123 337 
123 354 
123 363 
123 403 
123 432 
123 442 
123 475 
124 356 
124 359 
125 158 
125 233 
125 253 
126 155 
126 287 
126 432 
127 154 
127 172 
127 209 
127 222 
127 257 
127 338 
127 365 
127 490 
128 409 
129 276 
129 411 
129 454 
130 154 
130 315 
131 147 
131 148 
131 185 
131 327 
131 345 
131 456 
132 133 
132 138 
132 146 
132 279 
132 482 
133 134 
133 136 
133 192 
133 294 
133 358 
133 411 
133 469 
134 186 
134 242 
134 429 
135 145 
135 189 
135 292 
135 315 
135 456 
135 469 
135 496 
136 183 
136 262 
136 314 
136 315 
136 350 
136 393 
136 394 
136 404 
136 444 
136 450 
137 235 
137 236 
137 389 
137 442 
138 205 
139 214 
139 343 
139 451 
140 212 
140 275 
140 291 
140 317 
140 447 
141 328 
142 260 
142 437 
143 243 
143 308 
143 423 
143 477 
145 256 
145 297 
145 372 
146 258 
146 398 
146 466 
147 452 
147 476 
148 497 
149 192 
149 215 
149 265 
149 274 
149 329 
149 349 
150 174 
151 154 
151 165 
151 215 
151 259 
151 271 
151 338 
151 351 
152 166 
152 168 
152 250 
152 300 
152 390 
152 393 
152 401 
154 297 
154 324 
155 181 
155 327 
155 353 
156 157 
156 231 
156 417 
157 302 
158 322 
158 493 
159 173 
159 175 
159 287 
159 335 
159 468 
160 404 
160 491 
161 167 
161 192 
161 249 
161 266 
161 324 
161 369 
161 460 
161 481 
162 312 
163 459 
164 226 
166 295 
166 339 
166 417 
167 204 
167 211 
167 398 
167 466 
168 171 
168 175 
168 191 
168 202 
168 276 
168 299 
168 397 
168 484 
169 248 
169 264 
169 395 
169 422 
169 473 
170 268 
170 325 
170 415 
171 467 
173 212 
174 237 
174 288 
174 333 
174 378 
174 428 
175 227 
175 336 
175 479 
175 481 
176 274 
176 338 
176 419 
176 434 
178 182 
178 186 
178 245 
178 275 
178 407 
180 238 
180 425 
181 218 
182 197 
182 205 
182 308 
182 326 
182 371 
182 393 
182 448 
184 221 
184 251 
184 298 
184 464 
185 410 
185 444 
185 468 
186 209 
186 303 
186 463 
187 191 
187 306 
187 368 
187 473 
188 206 
188 440 
188 485 
189 206 
189 286 
189 396 
189 478 
190 207 
190 290 
192 277 
192 321 
192 393 
193 225 
193 325 
193 455 
194 259 
194 292 
194 303 
195 277 
196 210 
197 244 
197 268 
197 467 
199 334 
199 462 
200 223 
200 237 
200 346 
200 419 
200 446 
202 300 
202 356 
202 357 
202 420 
202 429 
202 430 
203 262 
204 269 
205 206 
205 266 
205 282 
205 340 
205 379 
205 435 
207 297 
207 298 
207 301 
207 320 
207 372 
207 416 
209 254 
209 479 
210 220 
211 445 
213 227 
213 248 
213 305 
214 479 
215 493 
216 263 
216 360 
216 385 
217 222 
217 236 
217 398 
217 494 
218 225 
218 262 
218 307 
219 311 
220 431 
221 249 
222 334 
222 343 
222 365 
222 430 
222 454 
222 459 
223 269 
223 299 
224 266 
224 273 
225 360 
225 458 
226 406 
228 261 
228 262 
228 386 
228 398 
229 331 
229 361 
229 377 
230 433 
230 437 
230 439 
233 300 
233 336 
234 351 
234 353 
235 304 
236 247 
236 368 
236 413 
237 346 
239 362 
240 287 
240 403 
241 254 
241 343 
241 409 
241 416 
242 264 
242 273 
242 348 
242 382 
242 436 
244 352 
244 469 
245 416 
248 334 
249 277 
249 329 
249 420 
249 465 
250 268 
250 357 
252 290 
254 290 
255 344 
255 466 
258 401 
261 444 
262 280 
262 434 
262 492 
263 306 
264 284 
264 465 
265 313 
267 301 
269 431 
271 280 
271 282 
271 324 
271 450 
272 348 
272 492 
274 377 
275 326 
275 381 
276 410 
276 422 
279 477 
281 470 
282 364 
282 383 
285 365 
285 414 
285 443 
285 477 
286 369 
287 318 
287 372 
287 482 
288 323 
288 355 
289 305 
289 349 
289 445 
290 338 
290 395 
290 409 
292 357 
292 468 
293 302 
293 331 
294 342 
294 408 
295 364 
295 376 
295 479 
295 480 
295 492 
296 486 
297 309 
297 399 
297 499 
298 387 
298 400 
298 441 
298 453 
298 472 
301 371 
301 402 
302 321 
302 336 
304 312 
304 487 
304 498 
307 368 
307 484 
308 404 
308 456 
309 497 
310 331 
311 486 
313 318 
314 355 
315 497 
316 432 
319 443 
322 355 
323 423 
324 389 
324 427 
325 347 
326 367 
326 417 
327 493 
329 455 
330 414 
330 425 
332 362 
334 406 
334 497 
337 375 
337 404 
337 480 
338 400 
338 457 
338 468 
338 472 
338 496 
340 359 
341 390 
342 421 
342 451 
342 498 
343 359 
343 412 
344 397 
346 494 
347 488 
348 357 
348 463 
349 418 
350 402 
354 428 
354 434 
354 437 
354 458 
355 361 
357 470 
358 362 
359 377 
360 422 
360 448 
363 397 
368 432 
371 380 
373 477 
376 409 
377 384 
377 470 
378 433 
378 499 
379 448 
379 458 
385 407 
387 394 
387 429 
388 496 
389 391 
389 399 
390 465 
396 427 
396 443 
399 424 
402 457 
403 435 
411 422 
419 424 
425 464 
430 461 
430 471 
431 462 
437 454 
438 439 
438 449 
438 454 
442 459 
452 489 
452 492 
463 483 
473 478 
477 483 
481 494 
