false
false
500
1988
0 1 
0 3 
0 4 
0 5 
0 6 
0 7 
0 8 
0 9 
0 10 
0 12 
0 13 
0 15 
0 16 
0 17 
0 18 
0 19 
0 20 
0 21 
0 22 
0 23 
0 24 
0 27 
0 29 
0 34 
0 39 
0 42 
0 44 
0 48 
0 49 
0 58 
0 62 
0 63 
0 64 
0 73 
0 79 
0 82 
0 85 
0 108 
0 112 
0 116 
0 122 
0 129 
0 132 
0 133 
0 136 
0 143 
0 144 
0 149 
0 152 
0 153 
0 157 
0 172 
0 173 
0 178 
0 213 
0 217 
0 234 
0 240 
0 272 
0 278 
0 285 
0 290 
0 295 
0 297 
0 312 
0 325 
0 327 
0 329 
0 340 
0 364 
0 371 
0 378 
0 389 
0 401 
0 410 
0 478 
0 482 
1 2 
1 4 
1 8 
1 9 
1 10 
1 18 
1 19 
1 29 
1 32 
1 41 
1 57 
1 59 
1 81 
1 109 
1 141 
1 155 
1 165 
1 179 
1 180 
1 206 
1 215 
1 222 
1 229 
1 248 
1 251 
1 266 
1 288 
1 289 
1 306 
1 307 
1 310 
1 323 
1 369 
1 370 
1 375 
1 377 
1 485 
1 489 
1 490 
1 492 
2 3 
2 4 
2 5 
2 6 
2 8 
2 10 
2 11 
2 12 
2 14 
2 24 
2 31 
2 33 
2 36 
2 41 
2 45 
2 50 
2 52 
2 54 
2 55 
2 60 
2 63 
2 68 
2 69 
2 70 
2 71 
2 84 
2 103 
2 106 
2 107 
2 113 
2 114 
2 115 
2 138 
2 140 
2 151 
2 180 
2 199 
2 210 
2 215 
2 227 
2 228 
2 235 
2 237 
2 242 
2 246 
2 255 
2 267 
2 275 
2 294 
2 319 
2 323 
2 354 
2 369 
2 387 
2 402 
2 408 
2 409 
2 411 
2 436 
2 438 
2 448 
2 451 
2 480 
2 484 
2 486 
2 498 
2 499 
3 4 
3 5 
3 7 
3 9 
3 11 
3 13 
3 14 
3 17 
3 24 
3 37 
3 39 
3 50 
3 53 
3 66 
3 70 
3 72 
3 132 
3 133 
3 135 
3 145 
3 152 
3 172 
3 177 
3 208 
3 214 
3 222 
3 225 
3 229 
3 238 
3 243 
3 276 
3 278 
3 311 
3 319 
3 323 
3 332 
3 357 
3 363 
3 424 
3 427 
3 451 
3 453 
3 479 
4 5 
4 6 
4 7 
4 10 
4 19 
4 20 
4 22 
4 25 
4 35 
4 38 
4 41 
4 42 
4 46 
4 48 
4 51 
4 69 
4 71 
4 72 
4 75 
4 83 
4 97 
4 101 
4 113 
4 120 
4 127 
4 132 
4 134 
4 146 
4 151 
4 162 
4 187 
4 189 
4 191 
4 194 
4 197 
4 212 
4 219 
4 231 
4 242 
4 272 
4 276 
4 290 
4 303 
4 324 
4 346 
4 359 
4 360 
4 374 
4 376 
4 382 
4 411 
4 416 
4 418 
4 428 
4 429 
4 477 
4 479 
4 493 
5 6 
5 8 
5 16 
5 20 
5 26 
5 28 
5 30 
5 31 
5 34 
5 36 
5 38 
5 39 
5 71 
5 74 
5 76 
5 80 
5 81 
5 107 
5 108 
5 121 
5 123 
5 126 
5 152 
5 168 
5 172 
5 180 
5 199 
5 203 
5 216 
5 220 
5 235 
5 236 
5 239 
5 258 
5 259 
5 263 
5 264 
5 266 
5 270 
5 271 
5 289 
5 311 
5 338 
5 354 
5 367 
5 410 
5 484 
6 7 
6 9 
6 11 
6 15 
6 16 
6 21 
6 25 
6 27 
6 29 
6 30 
6 32 
6 34 
6 39 
6 42 
6 43 
6 44 
6 47 
6 48 
6 52 
6 56 
6 57 
6 66 
6 69 
6 73 
6 78 
6 79 
6 83 
6 86 
6 90 
6 99 
6 100 
6 102 
6 103 
6 114 
6 128 
6 133 
6 135 
6 145 
6 146 
6 149 
6 167 
6 171 
6 176 
6 189 
6 198 
6 226 
6 235 
6 236 
6 254 
6 257 
6 273 
6 295 
6 332 
6 343 
6 362 
6 373 
6 381 
6 386 
6 399 
6 404 
6 413 
6 419 
6 432 
6 444 
6 445 
6 452 
6 465 
6 469 
6 487 
6 497 
6 499 
7 16 
7 26 
7 27 
7 28 
7 35 
7 42 
7 43 
7 47 
7 59 
7 67 
7 74 
7 77 
7 87 
7 91 
7 92 
7 95 
7 97 
7 99 
7 103 
7 105 
7 117 
7 125 
7 129 
7 136 
7 148 
7 157 
7 160 
7 173 
7 188 
7 195 
7 211 
7 216 
7 244 
7 267 
7 278 
7 287 
7 305 
7 327 
7 329 
7 330 
7 336 
7 374 
7 375 
7 383 
7 391 
7 403 
7 406 
7 419 
7 426 
7 447 
7 457 
7 477 
8 12 
8 18 
8 27 
8 33 
8 37 
8 40 
8 41 
8 52 
8 55 
8 70 
8 73 
8 84 
8 86 
8 95 
8 109 
8 113 
8 117 
8 122 
8 141 
8 178 
8 196 
8 200 
8 235 
8 252 
8 318 
8 325 
8 341 
8 356 
8 448 
8 473 
8 477 
9 15 
9 23 
9 34 
9 64 
9 90 
9 93 
9 98 
9 117 
9 145 
9 155 
9 179 
9 181 
9 210 
9 232 
9 385 
9 461 
9 471 
9 478 
9 480 
10 11 
10 13 
10 14 
10 19 
10 47 
10 49 
10 67 
10 71 
10 87 
10 123 
10 124 
10 131 
10 148 
10 149 
10 158 
10 164 
10 192 
10 197 
10 202 
10 208 
10 218 
10 245 
10 286 
10 347 
10 360 
10 384 
10 430 
10 484 
11 12 
11 14 
11 17 
11 18 
11 21 
11 22 
11 24 
11 31 
11 74 
11 76 
11 79 
11 112 
11 156 
11 212 
11 243 
11 251 
11 260 
11 270 
11 277 
11 315 
11 317 
11 425 
11 431 
11 434 
11 473 
12 13 
12 17 
12 22 
12 23 
12 26 
12 40 
12 46 
12 61 
12 75 
12 88 
12 93 
12 116 
12 118 
12 121 
12 138 
12 151 
12 162 
12 195 
12 239 
12 260 
12 277 
12 280 
12 305 
12 335 
12 361 
12 370 
12 411 
12 427 
12 444 
12 449 
12 465 
13 15 
13 29 
13 36 
13 55 
13 72 
13 78 
13 91 
13 98 
13 115 
13 160 
13 182 
13 185 
13 186 
13 213 
13 224 
13 238 
13 249 
13 255 
13 348 
13 358 
14 51 
14 59 
14 60 
14 92 
14 145 
14 171 
14 217 
14 354 
15 20 
15 21 
15 40 
15 43 
15 45 
15 122 
15 132 
15 137 
15 171 
15 191 
15 246 
15 254 
15 282 
15 314 
15 342 
15 349 
15 383 
15 411 
15 419 
15 444 
15 474 
15 484 
15 491 
16 23 
16 26 
16 40 
16 82 
16 106 
16 110 
16 144 
16 179 
16 186 
16 199 
16 336 
16 347 
16 401 
17 25 
17 37 
17 54 
17 58 
17 65 
17 79 
17 101 
17 108 
17 181 
17 214 
17 215 
17 230 
17 240 
17 268 
17 269 
17 308 
17 357 
17 418 
17 438 
17 464 
18 25 
18 33 
18 70 
18 99 
18 105 
18 124 
18 139 
18 191 
18 324 
18 347 
18 454 
18 481 
19 30 
19 32 
19 35 
19 43 
19 53 
19 66 
19 72 
19 127 
19 136 
19 189 
19 196 
19 293 
19 322 
19 344 
19 379 
19 387 
20 28 
20 164 
20 178 
21 47 
21 61 
21 89 
21 90 
21 98 
21 126 
21 129 
21 149 
21 150 
21 174 
21 234 
21 271 
21 388 
21 412 
21 417 
21 466 
22 45 
22 95 
22 96 
22 130 
22 155 
22 188 
22 206 
22 227 
22 432 
22 483 
23 36 
23 85 
23 86 
23 409 
24 30 
24 44 
24 51 
24 74 
24 76 
24 86 
24 111 
24 128 
24 150 
24 169 
24 200 
24 285 
24 301 
24 306 
24 362 
24 398 
24 407 
24 408 
24 464 
26 28 
26 31 
26 32 
26 37 
26 48 
26 52 
26 54 
26 119 
26 121 
26 142 
26 176 
26 177 
26 184 
26 192 
26 201 
26 203 
26 207 
26 216 
26 262 
26 274 
26 287 
26 326 
26 370 
26 384 
26 401 
26 417 
26 437 
26 440 
26 446 
26 483 
26 492 
27 33 
27 46 
27 111 
27 128 
27 240 
27 312 
27 365 
27 374 
27 409 
27 462 
28 38 
28 58 
28 67 
28 68 
28 85 
28 105 
28 116 
28 147 
28 166 
28 170 
28 185 
28 243 
28 281 
28 317 
28 319 
28 336 
28 342 
28 450 
28 459 
28 463 
28 474 
29 46 
29 83 
29 125 
29 224 
29 251 
29 292 
29 311 
29 315 
29 353 
29 438 
30 45 
30 60 
30 62 
30 64 
30 65 
30 87 
30 109 
30 110 
30 123 
30 126 
30 141 
30 154 
30 156 
30 165 
30 231 
30 254 
30 282 
30 333 
30 375 
30 379 
30 380 
30 394 
30 421 
30 436 
30 437 
30 494 
31 38 
31 56 
31 64 
31 67 
31 81 
31 95 
31 159 
31 166 
31 196 
31 197 
31 224 
31 255 
31 265 
31 286 
31 309 
32 113 
32 200 
32 233 
32 398 
33 35 
33 104 
33 208 
33 222 
33 312 
33 386 
33 392 
34 50 
34 58 
34 63 
34 75 
34 94 
34 112 
34 114 
34 135 
34 165 
34 174 
34 176 
34 225 
34 227 
34 309 
34 356 
34 403 
35 62 
35 140 
35 142 
35 190 
35 191 
35 193 
35 195 
35 203 
35 306 
35 323 
35 429 
36 44 
36 51 
36 96 
36 102 
36 123 
36 147 
36 158 
36 196 
36 223 
36 260 
36 302 
36 331 
36 431 
36 466 
36 485 
37 69 
37 80 
37 194 
37 208 
37 245 
37 281 
37 388 
37 400 
37 435 
37 441 
37 489 
38 138 
38 169 
38 214 
38 307 
38 367 
38 426 
38 476 
39 128 
39 154 
39 248 
39 275 
40 53 
40 56 
40 61 
40 81 
40 115 
40 163 
40 175 
40 182 
40 207 
40 258 
40 268 
40 291 
40 309 
40 348 
40 360 
40 371 
40 395 
40 396 
40 422 
41 49 
41 57 
41 76 
41 82 
41 97 
41 100 
41 127 
41 135 
41 150 
41 193 
41 253 
41 264 
41 275 
41 304 
41 306 
41 344 
41 365 
42 73 
42 116 
42 130 
42 133 
42 140 
42 209 
42 241 
42 271 
42 355 
42 364 
42 412 
42 435 
42 452 
43 53 
43 56 
43 63 
43 131 
43 175 
43 244 
43 246 
43 349 
43 380 
44 59 
44 93 
44 94 
44 167 
44 178 
44 291 
45 66 
45 78 
45 298 
46 50 
46 77 
46 97 
46 127 
46 131 
46 137 
46 146 
46 158 
46 162 
46 173 
46 223 
46 309 
46 326 
46 381 
46 384 
46 494 
47 106 
47 202 
47 262 
47 269 
47 316 
47 393 
48 49 
48 89 
48 106 
48 110 
48 142 
48 221 
48 346 
48 460 
49 77 
49 94 
49 283 
49 400 
49 423 
49 436 
49 475 
50 65 
50 83 
50 84 
50 88 
50 107 
50 148 
50 328 
50 334 
51 57 
51 117 
51 392 
52 54 
52 77 
52 78 
52 88 
52 104 
52 109 
52 110 
52 112 
52 118 
52 153 
52 166 
52 167 
52 180 
52 190 
52 204 
52 217 
52 218 
52 284 
52 304 
52 360 
52 378 
52 393 
52 454 
52 476 
53 60 
53 91 
53 201 
53 231 
53 255 
53 261 
53 324 
53 333 
53 373 
53 377 
53 405 
53 408 
53 420 
53 427 
53 447 
53 448 
53 462 
53 465 
53 478 
54 55 
54 85 
54 146 
54 160 
54 181 
54 210 
54 261 
54 292 
54 320 
54 338 
54 458 
54 459 
54 474 
54 475 
55 120 
55 173 
55 190 
55 250 
55 320 
55 356 
55 366 
56 120 
56 143 
56 186 
56 249 
56 293 
56 351 
56 368 
56 379 
56 387 
56 475 
57 61 
57 87 
57 103 
57 129 
57 137 
57 153 
57 156 
57 162 
57 165 
57 205 
57 227 
57 302 
57 308 
57 384 
57 490 
58 80 
58 143 
58 160 
58 187 
58 214 
58 218 
58 219 
58 263 
58 273 
58 287 
58 304 
58 464 
58 477 
59 68 
59 84 
59 88 
59 111 
59 121 
59 130 
59 147 
59 159 
59 175 
59 187 
59 232 
59 240 
59 250 
59 303 
59 326 
59 334 
59 342 
59 350 
59 393 
59 394 
59 410 
59 464 
59 470 
60 65 
60 90 
60 175 
60 207 
60 210 
60 234 
60 292 
60 299 
61 62 
61 137 
61 150 
61 161 
61 229 
63 75 
63 82 
63 204 
64 93 
64 262 
64 311 
64 447 
65 100 
65 104 
65 118 
65 163 
65 168 
65 280 
65 290 
65 299 
65 433 
66 119 
67 68 
67 169 
67 284 
68 168 
68 370 
68 440 
69 108 
69 223 
69 487 
70 156 
70 326 
70 396 
71 315 
71 491 
72 193 
73 101 
73 139 
74 194 
74 267 
74 277 
74 316 
75 221 
75 222 
75 247 
75 248 
75 327 
75 414 
75 423 
75 478 
76 140 
76 141 
76 148 
76 195 
76 299 
76 308 
76 390 
76 483 
77 161 
77 217 
77 265 
77 285 
77 288 
77 308 
77 366 
77 369 
77 431 
78 80 
78 92 
78 152 
78 183 
78 270 
78 295 
78 376 
78 475 
78 497 
79 92 
79 96 
79 101 
79 176 
80 352 
80 378 
81 89 
81 94 
81 154 
81 198 
82 119 
82 134 
82 405 
82 435 
83 102 
83 144 
84 166 
84 231 
84 284 
84 320 
84 491 
85 91 
85 102 
85 104 
85 118 
85 134 
85 325 
85 376 
85 429 
85 496 
86 96 
86 105 
86 131 
86 157 
86 225 
86 292 
86 334 
86 390 
87 89 
87 98 
87 99 
87 170 
87 181 
87 187 
87 205 
87 256 
87 258 
87 274 
87 279 
87 280 
87 353 
87 355 
87 373 
87 432 
87 442 
87 470 
87 489 
88 345 
89 177 
89 233 
89 296 
89 313 
89 389 
89 433 
90 253 
90 267 
91 115 
91 225 
91 433 
92 155 
92 172 
92 179 
92 184 
92 199 
92 220 
92 243 
92 285 
92 298 
92 359 
92 391 
92 399 
92 474 
93 417 
93 435 
94 100 
94 163 
94 184 
94 221 
94 230 
94 245 
94 247 
94 266 
94 287 
94 348 
94 403 
94 470 
94 488 
95 147 
95 485 
96 139 
96 168 
96 236 
97 177 
97 188 
97 219 
97 262 
97 425 
99 197 
99 234 
99 329 
100 125 
100 154 
100 237 
100 283 
100 402 
100 425 
101 447 
101 489 
102 111 
102 114 
102 120 
102 189 
102 269 
102 460 
103 224 
103 294 
104 257 
104 263 
105 142 
105 250 
105 293 
105 345 
105 374 
105 414 
105 471 
105 481 
106 107 
106 170 
106 209 
106 268 
106 295 
106 314 
106 492 
106 499 
107 125 
107 343 
107 368 
108 151 
108 202 
108 461 
110 183 
111 272 
111 328 
111 493 
112 122 
112 170 
112 211 
113 314 
114 130 
114 136 
114 246 
114 247 
114 286 
114 298 
114 383 
114 405 
115 119 
115 124 
115 203 
115 259 
115 321 
115 465 
116 138 
116 153 
116 302 
116 389 
117 161 
117 405 
117 442 
118 249 
118 273 
118 278 
118 495 
119 221 
119 391 
119 397 
119 404 
120 134 
120 244 
120 339 
120 437 
121 126 
121 139 
121 144 
121 188 
121 253 
121 257 
121 362 
121 375 
121 461 
122 124 
122 312 
122 337 
122 363 
122 389 
122 444 
123 396 
123 412 
123 424 
123 463 
124 215 
124 279 
124 397 
124 407 
125 182 
125 200 
125 331 
126 183 
126 350 
127 204 
127 282 
127 441 
128 194 
128 220 
129 171 
129 206 
129 211 
129 310 
129 345 
129 456 
130 206 
130 290 
130 496 
132 143 
132 211 
132 213 
132 236 
132 288 
132 314 
132 343 
132 391 
132 416 
132 457 
132 479 
133 302 
133 348 
133 372 
134 230 
134 494 
135 279 
135 485 
135 491 
136 159 
136 242 
136 273 
136 313 
136 328 
136 414 
137 161 
137 174 
137 333 
138 157 
138 209 
139 220 
139 264 
139 297 
139 349 
139 426 
139 448 
139 467 
140 164 
140 301 
141 158 
141 271 
141 301 
141 390 
141 417 
142 184 
142 250 
142 307 
142 429 
142 460 
142 463 
143 164 
143 169 
143 192 
143 204 
143 251 
143 317 
143 352 
143 446 
143 493 
143 494 
144 279 
144 350 
144 381 
145 331 
145 398 
146 284 
146 406 
146 433 
146 472 
148 183 
148 233 
148 321 
148 336 
148 367 
148 419 
148 456 
149 450 
149 454 
150 198 
150 351 
150 383 
151 228 
151 294 
151 313 
151 402 
152 186 
152 245 
152 498 
153 163 
153 209 
153 237 
153 283 
153 298 
153 322 
153 335 
153 337 
153 362 
154 458 
155 241 
155 257 
155 363 
155 367 
155 371 
156 223 
156 300 
156 349 
156 353 
156 388 
156 397 
158 159 
158 185 
158 229 
158 317 
158 495 
159 174 
159 237 
159 266 
159 342 
160 201 
160 330 
160 365 
160 442 
161 167 
161 232 
161 325 
161 380 
162 205 
162 335 
162 392 
162 420 
164 190 
165 182 
165 205 
165 253 
165 380 
165 468 
166 185 
166 216 
166 261 
166 283 
166 300 
166 305 
166 332 
166 340 
166 406 
166 407 
166 439 
166 456 
166 487 
167 321 
167 344 
167 386 
168 218 
169 193 
169 490 
170 341 
171 219 
171 242 
172 228 
172 339 
172 366 
172 469 
173 241 
175 202 
175 297 
176 213 
176 329 
177 254 
177 276 
177 354 
177 402 
179 339 
180 328 
180 406 
181 201 
181 281 
181 335 
181 418 
182 268 
183 394 
183 436 
184 351 
185 289 
185 296 
185 305 
186 192 
186 282 
187 207 
187 469 
188 304 
188 473 
190 453 
192 261 
192 270 
192 288 
192 330 
192 337 
192 346 
192 385 
194 264 
194 277 
194 315 
194 382 
196 256 
196 260 
196 265 
196 296 
196 353 
196 364 
196 400 
197 198 
197 294 
198 346 
198 453 
198 458 
199 212 
199 256 
199 428 
200 356 
201 226 
201 247 
201 462 
202 212 
202 289 
202 350 
202 379 
203 423 
204 443 
204 466 
205 230 
205 233 
205 248 
206 359 
206 394 
207 249 
207 330 
207 357 
208 226 
208 228 
208 263 
208 318 
208 403 
208 496 
209 238 
209 324 
209 415 
209 440 
209 456 
210 258 
210 259 
210 359 
210 430 
211 239 
212 244 
212 310 
213 238 
213 252 
213 291 
213 369 
213 432 
214 355 
215 331 
216 252 
216 310 
216 387 
217 412 
217 461 
218 232 
218 239 
218 272 
218 303 
218 357 
218 376 
218 421 
218 425 
219 226 
220 281 
222 343 
222 486 
223 365 
224 293 
224 351 
225 265 
225 371 
225 430 
225 459 
226 340 
226 372 
227 320 
228 415 
229 241 
229 407 
229 452 
231 337 
233 322 
233 352 
233 364 
234 259 
234 455 
235 422 
236 443 
238 378 
238 413 
238 439 
238 466 
238 467 
239 269 
239 341 
241 430 
241 440 
241 449 
242 318 
242 382 
243 274 
243 454 
243 498 
244 299 
244 313 
244 333 
244 449 
244 472 
245 300 
246 276 
246 487 
247 366 
249 481 
250 252 
250 318 
250 361 
252 280 
252 358 
253 390 
253 420 
253 455 
254 256 
254 450 
255 274 
256 358 
256 361 
256 446 
257 291 
257 472 
259 297 
259 301 
259 434 
260 319 
261 382 
261 457 
262 307 
262 434 
263 462 
264 316 
265 275 
265 316 
265 355 
265 399 
265 468 
269 450 
269 457 
269 482 
269 483 
271 358 
272 422 
273 296 
273 300 
274 486 
275 473 
276 332 
277 368 
278 449 
280 341 
280 415 
281 385 
281 424 
282 286 
282 321 
283 416 
283 428 
283 455 
283 459 
292 445 
293 303 
293 338 
295 377 
297 420 
300 385 
301 334 
302 469 
303 495 
303 496 
304 372 
305 472 
305 490 
306 427 
307 372 
307 401 
311 344 
311 386 
312 347 
313 414 
313 488 
314 322 
314 368 
314 422 
315 373 
316 327 
316 392 
316 460 
316 482 
316 499 
318 397 
318 468 
320 404 
320 452 
321 400 
323 443 
324 338 
324 399 
326 361 
328 393 
330 395 
330 426 
334 345 
335 339 
335 340 
335 488 
340 413 
341 418 
342 408 
342 410 
343 352 
343 398 
343 424 
344 381 
347 476 
347 480 
348 413 
351 404 
351 482 
351 497 
352 467 
353 395 
353 468 
353 470 
356 396 
357 388 
361 363 
361 486 
361 495 
366 438 
367 377 
367 395 
367 428 
369 434 
377 441 
379 445 
380 421 
380 492 
381 415 
382 416 
382 471 
383 409 
384 442 
392 439 
396 443 
398 423 
403 439 
403 451 
405 488 
407 421 
411 446 
416 437 
416 441 
416 479 
418 455 
418 463 
418 498 
429 431 
430 453 
434 445 
435 467 
438 451 
446 481 
448 458 
455 471 
456 497 
463 476 
473 480 
483 493 
