false
false
500
1988
0 1 
0 3 
0 4 
0 5 
0 6 
0 7 
0 9 
0 14 
0 16 
0 17 
0 18 
0 20 
0 25 
0 26 
0 28 
0 34 
0 37 
0 40 
0 44 
0 55 
0 61 
0 63 
0 65 
0 69 
0 82 
0 84 
0 93 
0 100 
0 103 
0 109 
0 110 
0 115 
0 122 
0 125 
0 126 
0 127 
0 132 
0 137 
0 141 
0 159 
0 173 
0 176 
0 184 
0 190 
0 197 
0 205 
0 210 
0 238 
0 239 
0 249 
0 252 
0 301 
0 314 
0 324 
0 327 
0 330 
0 333 
0 349 
0 408 
0 424 
0 428 
0 430 
0 443 
0 444 
0 457 
0 470 
0 471 
0 497 
1 2 
1 4 
1 5 
1 7 
1 9 
1 17 
1 33 
1 46 
1 55 
1 57 
1 71 
1 104 
1 116 
1 136 
1 138 
1 154 
1 163 
1 207 
1 247 
1 267 
1 338 
1 364 
1 370 
1 389 
1 444 
1 492 
1 494 
2 3 
2 4 
2 6 
2 7 
2 8 
2 16 
2 21 
2 28 
2 31 
2 35 
2 61 
2 66 
2 68 
2 92 
2 96 
2 120 
2 135 
2 137 
2 139 
2 144 
2 160 
2 166 
2 174 
2 183 
2 260 
2 289 
2 294 
2 297 
2 298 
2 326 
2 338 
2 343 
2 405 
2 437 
2 449 
2 461 
3 4 
3 5 
3 6 
3 8 
3 9 
3 11 
3 12 
3 15 
3 19 
3 21 
3 23 
3 25 
3 33 
3 42 
3 46 
3 50 
3 56 
3 62 
3 68 
3 71 
3 74 
3 75 
3 76 
3 79 
3 80 
3 93 
3 95 
3 101 
3 115 
3 122 
3 123 
3 147 
3 150 
3 151 
3 155 
3 166 
3 167 
3 176 
3 186 
3 192 
3 193 
3 204 
3 221 
3 240 
3 243 
3 246 
3 254 
3 264 
3 305 
3 322 
3 323 
3 356 
3 359 
3 370 
3 386 
3 387 
3 393 
3 395 
3 399 
3 415 
3 422 
3 437 
3 442 
3 453 
3 454 
3 480 
3 485 
3 487 
3 490 
4 5 
4 8 
4 10 
4 11 
4 13 
4 18 
4 20 
4 21 
4 22 
4 24 
4 27 
4 33 
4 41 
4 43 
4 45 
4 48 
4 53 
4 56 
4 58 
4 65 
4 66 
4 67 
4 72 
4 87 
4 98 
4 99 
4 101 
4 103 
4 104 
4 110 
4 117 
4 121 
4 169 
4 200 
4 203 
4 227 
4 248 
4 267 
4 271 
4 275 
4 286 
4 306 
4 322 
4 325 
4 333 
4 334 
4 344 
4 378 
4 400 
4 451 
4 452 
4 465 
4 468 
4 471 
4 476 
5 6 
5 9 
5 11 
5 13 
5 17 
5 18 
5 22 
5 23 
5 28 
5 30 
5 31 
5 35 
5 39 
5 47 
5 53 
5 55 
5 63 
5 64 
5 75 
5 76 
5 77 
5 78 
5 81 
5 82 
5 87 
5 88 
5 89 
5 109 
5 113 
5 115 
5 119 
5 124 
5 131 
5 142 
5 146 
5 147 
5 163 
5 175 
5 191 
5 193 
5 194 
5 208 
5 209 
5 211 
5 243 
5 249 
5 255 
5 261 
5 265 
5 266 
5 273 
5 276 
5 281 
5 284 
5 304 
5 306 
5 323 
5 344 
5 345 
5 365 
5 372 
5 402 
5 440 
5 469 
5 489 
5 499 
6 7 
6 10 
6 14 
6 29 
6 34 
6 47 
6 49 
6 51 
6 60 
6 79 
6 80 
6 83 
6 86 
6 102 
6 111 
6 128 
6 134 
6 142 
6 148 
6 165 
6 174 
6 190 
6 191 
6 198 
6 203 
6 207 
6 212 
6 237 
6 246 
6 262 
6 283 
6 288 
6 294 
6 296 
6 318 
6 335 
6 386 
6 396 
6 412 
6 431 
6 461 
6 473 
6 474 
6 494 
7 8 
7 10 
7 11 
7 12 
7 13 
7 18 
7 19 
7 22 
7 28 
7 31 
7 36 
7 37 
7 41 
7 48 
7 51 
7 59 
7 69 
7 76 
7 83 
7 96 
7 100 
7 107 
7 121 
7 143 
7 148 
7 157 
7 170 
7 185 
7 204 
7 208 
7 231 
7 249 
7 251 
7 275 
7 279 
7 291 
7 307 
7 334 
7 350 
7 353 
7 355 
7 356 
7 374 
7 402 
7 403 
7 413 
7 427 
7 431 
7 434 
7 438 
7 458 
8 10 
8 12 
8 15 
8 29 
8 32 
8 34 
8 101 
8 133 
8 228 
8 233 
8 305 
8 441 
8 486 
9 12 
9 15 
9 16 
9 20 
9 24 
9 29 
9 30 
9 38 
9 47 
9 48 
9 49 
9 51 
9 57 
9 59 
9 62 
9 72 
9 75 
9 77 
9 90 
9 94 
9 95 
9 103 
9 129 
9 137 
9 138 
9 140 
9 147 
9 153 
9 157 
9 170 
9 179 
9 201 
9 203 
9 213 
9 218 
9 245 
9 247 
9 263 
9 266 
9 289 
9 300 
9 305 
9 335 
9 418 
9 476 
10 17 
10 24 
10 32 
10 34 
10 38 
10 124 
10 152 
10 192 
10 231 
10 253 
10 310 
10 316 
10 352 
10 358 
10 377 
10 393 
10 396 
10 463 
10 468 
11 13 
11 14 
11 15 
11 19 
11 20 
11 46 
11 49 
11 52 
11 75 
11 106 
11 111 
11 119 
11 124 
11 125 
11 130 
11 134 
11 177 
11 195 
11 207 
11 217 
11 272 
11 277 
11 314 
11 382 
11 391 
11 397 
11 439 
11 447 
11 460 
12 14 
12 16 
12 23 
12 27 
12 37 
12 86 
12 88 
12 93 
12 114 
12 139 
12 142 
12 149 
12 269 
12 299 
12 312 
12 315 
12 343 
12 373 
12 381 
13 19 
13 24 
13 27 
13 29 
13 42 
13 61 
13 70 
13 105 
13 109 
13 145 
13 151 
13 188 
13 202 
13 241 
13 264 
13 276 
13 332 
13 338 
13 348 
13 355 
13 364 
13 390 
13 405 
13 452 
13 463 
13 472 
14 25 
14 91 
14 285 
14 292 
14 362 
14 467 
15 21 
15 23 
15 26 
15 31 
15 38 
15 40 
15 43 
15 44 
15 52 
15 54 
15 60 
15 74 
15 81 
15 87 
15 115 
15 124 
15 144 
15 159 
15 184 
15 189 
15 223 
15 236 
15 255 
15 271 
15 277 
15 282 
15 283 
15 293 
15 300 
15 312 
15 328 
15 331 
15 356 
15 382 
15 399 
15 470 
15 491 
16 22 
16 38 
16 56 
16 66 
16 67 
16 88 
16 107 
16 128 
16 131 
16 136 
16 137 
16 212 
16 214 
16 216 
16 230 
16 237 
16 239 
16 266 
16 268 
16 270 
16 290 
16 299 
16 307 
16 345 
16 348 
16 479 
17 45 
17 54 
17 64 
17 127 
17 129 
17 141 
17 172 
17 233 
17 278 
17 286 
17 311 
17 353 
17 468 
19 26 
19 41 
19 57 
19 68 
19 97 
19 196 
19 197 
19 207 
19 342 
19 375 
19 383 
19 385 
19 445 
19 492 
20 26 
20 35 
20 41 
20 53 
20 62 
20 63 
20 86 
20 94 
20 141 
20 146 
20 165 
20 224 
20 281 
20 356 
20 362 
20 398 
21 39 
21 55 
21 61 
21 64 
21 81 
21 97 
21 107 
21 123 
21 147 
21 159 
21 173 
21 177 
21 189 
21 247 
21 292 
21 295 
21 311 
21 341 
21 343 
21 387 
21 392 
21 429 
21 433 
21 444 
21 476 
21 490 
22 25 
22 32 
22 36 
22 44 
22 50 
22 66 
22 71 
22 72 
22 82 
22 97 
22 101 
22 106 
22 111 
22 132 
22 133 
22 134 
22 140 
22 154 
22 157 
22 194 
22 205 
22 219 
22 228 
22 257 
22 260 
22 266 
22 270 
22 288 
22 309 
22 367 
22 387 
22 401 
22 427 
22 430 
22 486 
23 27 
23 37 
23 58 
23 73 
23 78 
23 85 
23 92 
23 126 
23 182 
23 236 
23 315 
23 351 
23 359 
23 365 
23 431 
23 453 
23 462 
23 470 
24 30 
24 35 
24 69 
24 99 
24 105 
24 112 
24 118 
24 155 
24 164 
24 178 
24 184 
24 236 
24 265 
24 317 
24 327 
24 357 
24 369 
24 379 
24 380 
24 408 
24 473 
25 32 
25 33 
25 46 
25 49 
25 52 
25 70 
25 73 
25 77 
25 78 
25 99 
25 103 
25 145 
25 158 
25 165 
25 179 
25 260 
25 275 
25 292 
25 329 
25 365 
25 411 
25 430 
25 432 
25 458 
25 486 
26 30 
26 40 
26 122 
26 136 
26 206 
26 262 
26 300 
26 309 
26 313 
26 319 
26 391 
26 480 
27 36 
27 51 
27 85 
27 100 
27 121 
27 191 
27 215 
27 280 
27 285 
27 474 
28 50 
28 64 
28 86 
28 94 
28 140 
28 143 
28 170 
28 172 
28 238 
28 272 
28 282 
28 304 
28 315 
28 407 
28 461 
28 465 
28 498 
29 42 
29 43 
29 69 
29 91 
29 145 
29 148 
29 165 
29 172 
29 189 
29 208 
29 224 
29 246 
29 251 
29 270 
29 398 
29 493 
29 499 
30 39 
30 56 
30 62 
30 87 
30 90 
30 112 
30 128 
30 215 
30 248 
30 267 
30 309 
30 487 
31 171 
31 253 
31 301 
31 388 
32 36 
32 47 
32 70 
32 71 
32 89 
32 95 
32 97 
32 121 
32 135 
32 144 
32 172 
32 175 
32 226 
32 233 
32 254 
32 255 
32 256 
32 303 
32 307 
32 372 
32 416 
32 440 
32 443 
32 449 
32 484 
33 65 
33 202 
33 281 
33 312 
34 54 
34 90 
34 102 
34 104 
34 151 
34 181 
34 199 
34 209 
34 259 
34 268 
34 287 
34 328 
34 352 
34 372 
34 406 
34 407 
34 478 
35 39 
35 45 
35 60 
35 118 
35 119 
35 122 
35 163 
35 164 
35 166 
35 210 
35 224 
35 232 
35 302 
35 371 
35 413 
35 422 
35 437 
35 478 
36 42 
36 58 
36 67 
36 68 
36 80 
36 83 
36 116 
36 153 
36 293 
36 346 
36 411 
36 438 
36 462 
37 88 
37 93 
37 102 
37 114 
37 135 
37 151 
37 155 
37 329 
37 330 
37 406 
37 407 
38 130 
38 139 
38 269 
38 308 
39 40 
39 53 
39 54 
39 57 
39 67 
39 79 
39 84 
39 91 
39 92 
39 105 
39 108 
39 114 
39 125 
39 168 
39 181 
39 188 
39 229 
39 234 
39 271 
39 275 
39 325 
39 340 
39 367 
39 404 
39 409 
39 417 
39 423 
39 440 
39 484 
40 43 
40 60 
40 65 
40 70 
40 96 
40 125 
40 127 
40 128 
40 130 
40 206 
40 261 
40 319 
40 321 
40 345 
40 350 
40 357 
40 371 
40 376 
40 390 
40 394 
40 401 
40 410 
40 419 
40 429 
40 430 
41 44 
41 240 
41 242 
42 45 
42 59 
42 84 
42 98 
42 135 
42 154 
42 180 
42 196 
42 199 
42 211 
42 216 
42 225 
42 229 
42 276 
42 292 
42 309 
42 413 
42 448 
42 451 
42 499 
43 50 
43 85 
43 95 
43 123 
43 373 
43 443 
43 485 
44 78 
44 91 
44 183 
44 332 
44 439 
44 453 
44 472 
45 48 
45 59 
45 73 
45 85 
45 98 
45 108 
45 114 
45 119 
45 132 
45 138 
45 191 
45 194 
45 196 
45 233 
45 242 
45 271 
45 460 
45 469 
45 493 
46 58 
46 74 
46 360 
46 434 
46 457 
46 482 
47 94 
47 146 
47 180 
47 221 
47 291 
47 335 
47 382 
48 133 
48 148 
48 195 
48 200 
48 232 
48 254 
48 384 
48 389 
48 390 
48 398 
48 409 
49 198 
49 216 
49 224 
49 259 
49 273 
49 360 
49 376 
49 471 
50 63 
50 74 
50 77 
50 84 
50 170 
50 276 
50 297 
50 335 
50 498 
51 52 
51 102 
51 106 
51 117 
51 227 
51 322 
51 479 
52 76 
52 149 
52 164 
52 242 
52 448 
53 112 
53 113 
53 136 
53 154 
53 315 
53 357 
53 394 
53 403 
53 442 
53 481 
54 73 
54 140 
54 200 
54 481 
55 92 
55 372 
55 405 
56 156 
56 200 
56 261 
56 320 
56 388 
57 112 
57 116 
57 118 
57 179 
57 243 
57 460 
58 105 
58 131 
58 296 
58 329 
58 380 
58 495 
59 238 
60 166 
60 171 
60 187 
60 218 
60 286 
60 296 
61 162 
61 232 
61 234 
61 265 
61 325 
61 349 
62 110 
62 113 
62 157 
62 160 
62 230 
62 234 
62 235 
62 260 
62 359 
62 402 
62 428 
63 72 
63 79 
63 186 
63 370 
63 380 
64 99 
64 196 
64 251 
64 256 
64 277 
64 363 
64 426 
64 463 
65 90 
65 131 
65 142 
65 181 
65 311 
66 80 
66 104 
66 106 
66 177 
66 293 
66 318 
66 446 
66 491 
67 81 
67 213 
67 227 
67 249 
67 279 
67 321 
67 325 
67 336 
67 347 
67 438 
67 477 
67 479 
68 145 
68 146 
68 296 
68 299 
68 383 
68 427 
69 130 
69 143 
69 164 
69 176 
69 183 
69 195 
69 209 
69 211 
69 337 
69 347 
69 376 
69 411 
69 421 
69 450 
69 490 
70 117 
70 161 
70 326 
70 417 
71 98 
71 129 
71 316 
71 326 
71 342 
71 361 
71 366 
71 415 
71 468 
71 478 
72 96 
72 120 
72 123 
72 214 
72 250 
72 274 
72 379 
72 486 
73 116 
73 153 
73 229 
73 268 
73 497 
74 82 
74 89 
74 108 
74 111 
74 120 
74 187 
74 203 
74 312 
74 328 
74 337 
74 489 
75 187 
75 456 
76 149 
76 181 
76 218 
76 238 
76 250 
76 385 
77 109 
77 129 
77 149 
77 217 
77 283 
77 311 
77 330 
77 489 
78 113 
78 132 
78 189 
78 205 
78 215 
78 229 
78 474 
79 188 
79 301 
79 303 
79 392 
79 451 
79 458 
79 483 
80 177 
80 204 
80 277 
81 182 
81 320 
81 330 
81 384 
81 410 
81 423 
82 83 
82 107 
82 133 
82 161 
82 289 
82 404 
83 100 
83 153 
83 182 
83 185 
83 272 
83 285 
83 351 
83 495 
84 89 
84 179 
84 274 
84 278 
84 388 
85 178 
86 185 
86 231 
86 240 
86 243 
86 298 
86 305 
87 156 
87 168 
88 219 
88 241 
88 286 
88 328 
88 449 
89 222 
89 250 
89 284 
89 285 
89 401 
90 289 
90 344 
90 425 
90 482 
91 291 
91 445 
92 426 
92 464 
93 152 
93 421 
94 156 
94 202 
94 216 
94 299 
95 197 
95 339 
95 357 
96 110 
96 161 
96 167 
96 168 
96 477 
97 143 
97 270 
97 287 
98 213 
99 150 
99 158 
99 162 
99 338 
100 118 
100 190 
100 219 
100 220 
100 392 
100 498 
101 217 
101 252 
101 282 
101 363 
102 108 
103 267 
104 187 
104 263 
104 394 
104 408 
104 453 
105 225 
105 320 
105 440 
105 475 
106 235 
106 256 
107 117 
107 159 
107 178 
107 324 
108 127 
108 138 
108 141 
109 168 
109 185 
109 198 
109 331 
109 364 
109 476 
110 171 
110 208 
110 375 
110 433 
111 158 
112 120 
112 139 
112 415 
113 126 
113 134 
113 152 
113 167 
113 197 
113 210 
113 236 
113 253 
113 254 
113 405 
113 408 
113 467 
114 161 
115 291 
115 329 
116 171 
116 300 
117 198 
117 219 
117 280 
117 297 
117 409 
117 467 
118 323 
118 343 
118 387 
119 201 
119 218 
119 222 
119 240 
120 201 
120 344 
120 378 
120 438 
121 144 
121 152 
121 313 
121 318 
121 397 
121 431 
121 436 
121 483 
122 227 
122 301 
122 307 
122 327 
123 126 
123 263 
123 366 
124 274 
125 163 
125 210 
125 237 
126 228 
126 326 
127 150 
127 199 
127 378 
127 393 
127 411 
129 150 
129 214 
129 232 
129 246 
129 324 
130 162 
130 176 
130 288 
130 308 
130 378 
131 214 
131 373 
131 450 
131 480 
132 180 
132 397 
133 230 
133 239 
133 308 
133 317 
133 354 
133 465 
134 158 
134 162 
134 178 
134 184 
134 223 
134 374 
134 455 
135 269 
135 302 
136 281 
137 169 
137 295 
137 298 
137 319 
137 360 
138 279 
138 346 
138 459 
139 334 
139 367 
139 470 
139 490 
140 155 
140 220 
140 332 
140 366 
140 420 
141 211 
141 441 
142 173 
142 262 
142 349 
142 362 
142 444 
143 160 
143 175 
143 182 
143 235 
143 318 
143 358 
143 401 
144 217 
144 245 
144 278 
144 377 
144 393 
144 446 
145 180 
145 205 
145 206 
145 230 
145 302 
145 321 
145 336 
145 354 
146 253 
146 374 
146 465 
147 192 
149 314 
149 327 
150 195 
150 359 
151 173 
152 156 
154 234 
154 334 
154 368 
154 488 
155 258 
155 278 
156 212 
156 280 
156 452 
157 167 
157 188 
158 160 
158 257 
158 274 
158 279 
158 384 
159 346 
159 364 
160 169 
161 186 
161 209 
161 349 
161 412 
161 483 
162 169 
162 190 
162 228 
162 310 
162 339 
162 358 
163 174 
163 241 
163 257 
163 290 
163 488 
164 174 
164 235 
164 310 
164 410 
164 435 
167 244 
167 367 
168 206 
168 336 
168 424 
169 201 
169 261 
169 316 
169 379 
169 404 
169 441 
170 186 
171 175 
171 225 
171 255 
171 256 
171 258 
171 262 
171 419 
171 475 
172 361 
172 469 
173 250 
173 282 
173 306 
173 355 
173 446 
174 264 
174 332 
174 368 
174 414 
174 445 
175 308 
176 290 
177 245 
177 324 
178 194 
178 226 
178 479 
179 193 
179 259 
179 295 
179 303 
179 322 
179 471 
180 226 
180 265 
180 269 
180 415 
180 480 
182 183 
182 294 
182 425 
182 442 
182 485 
183 213 
183 231 
183 244 
184 204 
184 264 
184 306 
185 385 
185 402 
185 457 
186 192 
186 199 
186 222 
186 247 
186 263 
187 215 
188 342 
189 212 
190 221 
190 361 
191 202 
191 220 
191 418 
192 193 
194 252 
194 273 
194 342 
195 466 
196 220 
196 223 
196 237 
197 239 
197 443 
197 450 
198 418 
198 499 
199 303 
199 319 
199 456 
199 466 
199 472 
200 425 
202 368 
203 368 
204 427 
205 441 
206 222 
206 391 
206 434 
207 223 
207 350 
208 284 
208 360 
208 412 
208 445 
209 395 
212 221 
212 225 
212 320 
212 419 
213 475 
214 399 
214 409 
214 422 
214 475 
214 497 
216 244 
217 454 
218 379 
219 316 
219 385 
220 492 
223 257 
223 258 
223 461 
223 478 
224 226 
224 280 
225 245 
225 494 
226 242 
226 317 
226 403 
227 248 
227 398 
228 388 
228 391 
228 400 
228 428 
228 429 
228 434 
228 447 
230 375 
231 339 
232 417 
234 258 
235 251 
235 439 
237 371 
238 241 
239 284 
239 313 
239 392 
239 495 
241 244 
241 248 
241 433 
243 259 
243 354 
243 477 
245 418 
245 447 
246 287 
247 252 
247 273 
248 369 
248 426 
248 432 
249 268 
249 377 
249 407 
249 496 
250 464 
251 348 
252 354 
252 383 
254 351 
254 403 
255 295 
257 272 
258 348 
259 317 
260 426 
261 298 
262 481 
263 454 
263 456 
265 350 
266 287 
266 313 
266 352 
267 351 
269 347 
269 374 
269 448 
270 294 
270 437 
270 496 
270 497 
271 304 
272 352 
272 369 
274 464 
276 290 
276 341 
277 283 
277 423 
278 353 
280 466 
281 293 
281 297 
281 358 
281 389 
281 396 
281 483 
282 288 
283 365 
283 413 
285 302 
285 337 
285 458 
287 341 
288 395 
289 363 
289 406 
290 321 
291 340 
291 373 
291 380 
292 370 
292 400 
292 406 
293 336 
293 397 
293 456 
295 400 
295 496 
296 310 
296 381 
296 382 
296 395 
296 424 
296 482 
301 421 
302 304 
302 353 
302 369 
302 381 
304 498 
305 422 
306 333 
306 404 
307 314 
307 341 
307 416 
308 419 
308 462 
310 386 
310 439 
311 488 
312 457 
313 362 
314 493 
316 331 
316 420 
316 425 
317 414 
318 491 
319 337 
319 436 
320 333 
320 340 
320 366 
321 323 
321 375 
321 386 
321 442 
322 455 
323 466 
324 481 
325 331 
325 428 
328 459 
332 355 
332 363 
332 394 
332 399 
332 495 
333 340 
336 339 
336 347 
336 361 
337 494 
339 420 
339 472 
340 412 
340 432 
340 455 
342 424 
343 423 
344 345 
344 346 
344 381 
346 383 
346 421 
347 436 
348 384 
351 371 
351 446 
351 463 
353 390 
354 459 
355 376 
358 429 
358 449 
359 452 
360 410 
364 389 
364 414 
364 420 
368 435 
371 473 
372 377 
373 435 
378 414 
378 489 
378 493 
381 455 
382 488 
388 396 
388 451 
391 416 
393 459 
393 487 
394 416 
400 432 
403 460 
403 485 
404 417 
407 467 
409 433 
412 482 
414 462 
416 464 
417 448 
417 450 
419 454 
422 484 
423 469 
426 435 
430 492 
431 447 
432 436 
432 473 
433 474 
460 477 
463 484 
464 491 
469 487 
492 496 
