false
false
500
1988
0 1 
0 3 
0 4 
0 5 
0 6 
0 7 
0 10 
0 11 
0 17 
0 18 
0 24 
0 25 
0 28 
0 31 
0 36 
0 43 
0 49 
0 52 
0 93 
0 97 
0 98 
0 105 
0 115 
0 123 
0 124 
0 139 
0 141 
0 145 
0 162 
0 166 
0 170 
0 171 
0 186 
0 189 
0 195 
0 208 
0 248 
0 254 
0 261 
0 286 
0 296 
0 356 
0 368 
0 370 
0 386 
0 402 
0 442 
0 459 
0 470 
0 479 
1 2 
1 4 
1 5 
1 6 
1 7 
1 8 
1 9 
1 11 
1 12 
1 13 
1 17 
1 25 
1 26 
1 28 
1 37 
1 38 
1 44 
1 45 
1 48 
1 55 
1 56 
1 62 
1 64 
1 69 
1 78 
1 83 
1 87 
1 88 
1 98 
1 101 
1 103 
1 107 
1 109 
1 125 
1 129 
1 136 
1 140 
1 141 
1 143 
1 149 
1 159 
1 173 
1 181 
1 183 
1 185 
1 192 
1 193 
1 196 
1 210 
1 214 
1 223 
1 231 
1 232 
1 247 
1 259 
1 260 
1 272 
1 300 
1 302 
1 315 
1 319 
1 324 
1 333 
1 340 
1 346 
1 348 
1 350 
1 352 
1 361 
1 372 
1 389 
1 391 
1 408 
1 433 
1 447 
1 452 
1 455 
1 466 
1 474 
1 478 
1 480 
2 3 
2 4 
2 5 
2 6 
2 7 
2 8 
2 9 
2 10 
2 12 
2 15 
2 19 
2 20 
2 22 
2 23 
2 24 
2 26 
2 27 
2 31 
2 33 
2 52 
2 53 
2 58 
2 60 
2 63 
2 65 
2 68 
2 70 
2 76 
2 82 
2 86 
2 87 
2 90 
2 109 
2 110 
2 114 
2 118 
2 139 
2 140 
2 142 
2 144 
2 147 
2 149 
2 150 
2 154 
2 155 
2 157 
2 161 
2 180 
2 181 
2 183 
2 192 
2 204 
2 220 
2 230 
2 236 
2 238 
2 242 
2 248 
2 254 
2 255 
2 263 
2 268 
2 273 
2 274 
2 278 
2 284 
2 292 
2 299 
2 309 
2 323 
2 327 
2 329 
2 353 
2 377 
2 386 
2 392 
2 396 
2 401 
2 406 
2 407 
2 422 
2 435 
2 438 
2 447 
2 456 
2 457 
2 463 
2 469 
2 492 
2 498 
3 4 
3 9 
3 13 
3 19 
3 25 
3 30 
3 32 
3 55 
3 77 
3 78 
3 91 
3 92 
3 95 
3 117 
3 131 
3 196 
3 237 
3 243 
3 249 
3 266 
3 293 
3 308 
3 343 
3 374 
3 427 
4 5 
4 7 
4 11 
4 14 
4 21 
4 23 
4 26 
4 27 
4 35 
4 36 
4 37 
4 41 
4 44 
4 46 
4 59 
4 66 
4 73 
4 76 
4 77 
4 79 
4 83 
4 86 
4 88 
4 92 
4 93 
4 94 
4 107 
4 115 
4 131 
4 132 
4 136 
4 137 
4 148 
4 152 
4 156 
4 157 
4 167 
4 200 
4 209 
4 213 
4 224 
4 227 
4 234 
4 256 
4 267 
4 284 
4 292 
4 294 
4 328 
4 332 
4 334 
4 335 
4 338 
4 343 
4 353 
4 357 
4 366 
4 371 
4 380 
4 392 
4 423 
4 429 
4 432 
4 451 
4 454 
4 469 
4 471 
4 479 
4 485 
4 491 
4 495 
5 6 
5 8 
5 10 
5 12 
5 13 
5 14 
5 16 
5 21 
5 22 
5 29 
5 34 
5 39 
5 51 
5 56 
5 60 
5 66 
5 67 
5 114 
5 145 
5 146 
5 176 
5 217 
5 228 
5 229 
5 234 
5 241 
5 248 
5 278 
5 291 
5 351 
5 352 
5 357 
5 374 
5 435 
5 447 
5 451 
5 453 
5 462 
6 8 
6 10 
6 11 
6 12 
6 14 
6 33 
6 54 
6 56 
6 61 
6 66 
6 77 
6 78 
6 84 
6 85 
6 102 
6 113 
6 120 
6 142 
6 146 
6 152 
6 172 
6 173 
6 179 
6 187 
6 197 
6 198 
6 221 
6 226 
6 229 
6 245 
6 272 
6 285 
6 312 
6 317 
6 328 
6 331 
6 337 
6 338 
6 341 
6 410 
6 412 
6 453 
6 492 
7 9 
7 15 
7 19 
7 27 
7 29 
7 39 
7 43 
7 44 
7 46 
7 50 
7 57 
7 67 
7 100 
7 101 
7 103 
7 106 
7 108 
7 116 
7 146 
7 151 
7 153 
7 158 
7 159 
7 162 
7 164 
7 165 
7 174 
7 190 
7 215 
7 226 
7 231 
7 239 
7 244 
7 255 
7 257 
7 264 
7 269 
7 293 
7 297 
7 315 
7 368 
7 370 
7 372 
7 390 
7 411 
7 416 
7 468 
7 473 
7 499 
8 14 
8 18 
8 24 
8 27 
8 39 
8 49 
8 53 
8 63 
8 84 
8 153 
8 159 
8 189 
8 203 
8 240 
8 262 
8 304 
8 388 
8 454 
8 462 
9 20 
9 22 
9 23 
9 24 
9 26 
9 34 
9 40 
9 45 
9 68 
9 74 
9 76 
9 84 
9 91 
9 95 
9 104 
9 117 
9 121 
9 124 
9 125 
9 152 
9 173 
9 195 
9 199 
9 201 
9 204 
9 219 
9 252 
9 285 
9 311 
9 317 
9 325 
9 333 
9 348 
9 352 
9 406 
9 416 
9 428 
9 432 
9 470 
9 481 
9 482 
10 15 
10 20 
10 32 
10 34 
10 37 
10 41 
10 42 
10 53 
10 55 
10 61 
10 83 
10 138 
10 202 
10 220 
10 222 
10 233 
10 267 
10 288 
10 296 
10 301 
10 310 
10 378 
10 444 
11 16 
11 17 
11 18 
11 32 
11 71 
11 88 
11 90 
11 94 
11 116 
11 216 
11 295 
11 374 
12 13 
12 16 
12 65 
12 100 
12 108 
12 117 
12 121 
12 139 
12 150 
12 156 
12 180 
12 246 
12 268 
12 309 
12 349 
12 360 
12 445 
13 15 
13 16 
13 21 
13 31 
13 32 
13 33 
13 35 
13 47 
13 48 
13 54 
13 111 
13 126 
13 172 
13 187 
13 193 
13 203 
13 204 
13 245 
13 250 
13 251 
13 255 
13 258 
13 262 
13 279 
13 285 
13 290 
13 336 
13 346 
13 354 
13 373 
13 383 
13 397 
13 467 
13 471 
13 483 
14 42 
14 48 
14 102 
14 137 
14 163 
14 247 
14 367 
15 17 
15 20 
15 23 
15 25 
15 29 
15 30 
15 33 
15 38 
15 57 
15 59 
15 62 
15 67 
15 105 
15 127 
15 131 
15 151 
15 177 
15 185 
15 217 
15 224 
15 265 
15 288 
15 299 
15 321 
15 336 
15 338 
15 339 
15 345 
15 386 
15 418 
15 425 
15 444 
15 450 
15 467 
15 476 
15 489 
16 19 
16 34 
16 35 
16 36 
16 45 
16 52 
16 62 
16 68 
16 71 
16 117 
16 128 
16 130 
16 131 
16 174 
16 184 
16 240 
16 245 
16 270 
16 275 
16 342 
16 395 
16 416 
16 442 
16 482 
17 18 
17 45 
17 82 
17 84 
17 179 
17 203 
17 212 
17 398 
18 29 
18 40 
18 46 
18 80 
18 127 
18 160 
18 206 
18 271 
18 281 
18 283 
18 320 
18 386 
18 440 
19 22 
19 46 
19 51 
19 80 
19 85 
19 113 
19 168 
19 201 
19 212 
19 250 
19 332 
19 339 
19 352 
19 357 
20 21 
20 36 
20 38 
20 40 
20 41 
20 44 
20 60 
20 74 
20 82 
20 94 
20 104 
20 109 
20 113 
20 114 
20 130 
20 138 
20 141 
20 144 
20 154 
20 168 
20 182 
20 203 
20 265 
20 273 
20 277 
20 299 
20 317 
20 319 
20 334 
20 350 
20 351 
20 356 
20 365 
20 395 
20 422 
20 466 
20 468 
20 481 
20 491 
21 41 
21 91 
21 95 
21 101 
21 133 
21 143 
21 154 
21 156 
21 341 
21 487 
22 30 
22 47 
22 64 
22 69 
22 70 
22 89 
22 175 
22 201 
22 205 
22 213 
22 254 
22 258 
22 264 
22 269 
22 329 
22 333 
22 337 
22 339 
22 385 
22 458 
22 460 
22 473 
22 487 
23 54 
23 103 
23 105 
23 118 
23 136 
23 321 
23 327 
23 437 
23 455 
23 480 
24 37 
24 59 
24 127 
24 190 
24 258 
24 260 
24 303 
24 332 
24 337 
25 28 
25 43 
25 56 
25 64 
25 85 
25 91 
25 142 
25 150 
25 189 
25 193 
25 209 
25 246 
25 282 
25 289 
25 320 
25 323 
25 362 
25 393 
25 410 
25 491 
26 28 
26 66 
26 73 
26 75 
26 89 
26 92 
26 99 
26 180 
26 285 
26 305 
26 307 
26 337 
26 449 
27 58 
27 60 
27 73 
27 115 
27 192 
27 197 
27 237 
27 238 
27 263 
27 280 
27 369 
27 377 
27 397 
27 446 
27 452 
27 479 
27 491 
28 30 
28 39 
28 83 
28 133 
28 135 
28 185 
28 270 
28 271 
28 278 
28 454 
29 31 
29 48 
29 63 
29 79 
29 97 
29 110 
29 194 
29 216 
29 313 
29 455 
29 474 
30 38 
30 40 
30 42 
30 43 
30 75 
30 168 
30 178 
30 221 
30 224 
30 259 
30 260 
30 311 
30 342 
30 364 
30 366 
30 423 
30 441 
30 445 
30 493 
31 35 
31 49 
31 50 
31 57 
31 87 
31 102 
31 178 
32 53 
32 79 
32 96 
32 188 
32 202 
33 64 
33 85 
33 97 
33 157 
33 174 
33 181 
33 200 
33 215 
33 225 
33 233 
33 294 
33 331 
33 376 
33 399 
33 408 
33 419 
34 59 
34 74 
34 112 
34 115 
34 122 
34 128 
34 171 
34 213 
34 234 
34 235 
34 254 
34 378 
34 460 
34 494 
35 42 
35 65 
35 69 
35 179 
35 219 
35 364 
35 377 
35 396 
35 463 
35 478 
36 47 
36 50 
36 75 
36 82 
36 138 
36 182 
36 218 
36 313 
36 336 
36 348 
36 371 
36 403 
36 462 
36 464 
37 74 
37 90 
37 126 
37 184 
37 191 
37 228 
37 266 
37 332 
37 413 
38 49 
38 86 
38 135 
38 201 
38 208 
39 62 
39 132 
39 164 
39 186 
39 206 
39 207 
39 216 
39 223 
39 230 
39 308 
39 409 
39 471 
39 475 
40 134 
40 148 
40 149 
40 160 
40 163 
40 225 
40 281 
40 300 
40 403 
40 442 
40 456 
40 496 
41 47 
41 71 
41 102 
41 209 
41 318 
41 319 
41 344 
41 358 
41 379 
41 390 
41 428 
42 51 
42 81 
42 99 
42 120 
42 182 
42 241 
42 310 
42 362 
42 388 
42 490 
43 52 
43 233 
43 302 
43 458 
43 486 
44 90 
44 112 
44 120 
44 134 
44 141 
44 306 
44 307 
44 325 
44 401 
44 465 
45 54 
45 55 
45 58 
45 70 
45 80 
45 98 
45 140 
45 197 
45 218 
45 221 
45 252 
45 413 
45 458 
45 481 
46 61 
46 72 
46 76 
46 140 
46 153 
46 199 
46 202 
46 286 
46 314 
46 360 
46 419 
46 437 
47 50 
47 51 
47 58 
47 71 
47 96 
47 129 
47 158 
47 198 
47 210 
47 220 
47 246 
47 279 
47 427 
47 430 
47 494 
48 61 
48 69 
48 119 
48 130 
48 133 
48 151 
48 155 
48 161 
48 181 
48 214 
48 221 
48 246 
48 375 
48 398 
48 460 
49 99 
49 123 
49 125 
49 182 
49 239 
49 459 
49 473 
49 489 
50 100 
50 122 
50 139 
50 161 
50 170 
50 253 
50 328 
50 421 
50 450 
51 242 
51 340 
51 363 
51 417 
52 72 
52 81 
52 92 
52 122 
52 147 
52 244 
52 419 
53 89 
53 167 
53 205 
53 212 
53 223 
53 271 
53 276 
53 292 
53 344 
53 354 
53 376 
53 384 
54 57 
54 65 
54 81 
54 106 
54 110 
54 169 
54 192 
54 211 
54 238 
54 365 
54 380 
54 388 
54 404 
54 469 
54 489 
55 118 
55 214 
55 301 
55 331 
55 338 
56 222 
56 283 
56 286 
56 389 
57 67 
57 94 
57 153 
57 172 
57 184 
57 209 
57 211 
57 217 
57 269 
57 283 
57 287 
57 414 
57 417 
57 439 
57 445 
57 461 
57 464 
57 469 
58 158 
58 205 
58 268 
58 360 
58 436 
58 483 
59 68 
59 166 
59 276 
59 420 
60 63 
60 81 
60 111 
60 194 
60 231 
60 387 
61 73 
61 96 
61 136 
61 183 
61 297 
62 75 
62 107 
62 118 
62 236 
62 497 
63 72 
63 119 
63 128 
63 169 
63 194 
63 196 
63 286 
63 298 
63 377 
64 72 
64 128 
64 166 
64 320 
64 325 
65 87 
66 96 
66 104 
66 132 
66 137 
66 155 
66 162 
66 173 
66 187 
66 215 
66 236 
66 404 
66 426 
66 484 
67 77 
67 171 
67 190 
67 281 
67 334 
67 360 
68 70 
68 101 
68 105 
68 199 
68 235 
68 382 
69 123 
69 298 
69 415 
69 479 
70 235 
71 95 
71 158 
72 86 
72 146 
72 152 
72 215 
72 225 
72 353 
72 411 
73 79 
73 125 
74 93 
74 100 
74 250 
74 405 
74 461 
74 480 
75 80 
75 116 
75 148 
75 488 
76 142 
76 275 
76 367 
76 449 
77 78 
77 268 
77 287 
77 404 
78 116 
78 189 
78 247 
78 276 
78 290 
78 348 
78 435 
79 104 
79 124 
79 147 
79 263 
79 310 
79 322 
79 362 
79 485 
80 93 
80 205 
80 251 
80 255 
80 289 
81 112 
81 122 
81 138 
81 148 
81 150 
81 187 
81 190 
81 216 
81 217 
81 243 
81 311 
81 322 
81 394 
81 415 
81 452 
82 106 
82 171 
82 199 
82 208 
82 259 
82 264 
82 315 
82 418 
82 484 
82 485 
83 88 
83 124 
83 162 
83 175 
83 264 
83 395 
83 448 
84 149 
84 200 
84 206 
84 245 
84 300 
84 329 
84 445 
84 495 
85 89 
85 211 
85 260 
85 389 
85 399 
85 414 
85 468 
86 99 
86 114 
86 119 
86 143 
86 165 
86 175 
86 275 
86 324 
86 358 
86 410 
86 436 
87 106 
87 111 
87 185 
87 278 
87 361 
88 143 
88 318 
89 119 
89 129 
89 160 
89 178 
89 370 
89 374 
89 431 
89 433 
90 113 
90 335 
90 385 
90 439 
91 135 
91 238 
92 97 
92 108 
92 159 
92 186 
92 293 
92 497 
93 103 
93 145 
93 259 
93 304 
94 98 
94 111 
94 121 
94 132 
94 176 
94 263 
94 265 
94 279 
94 355 
94 358 
94 434 
95 130 
95 186 
95 256 
95 487 
96 112 
96 120 
96 126 
96 170 
96 297 
96 347 
97 227 
97 343 
97 406 
97 422 
98 127 
98 157 
98 191 
99 309 
100 134 
100 272 
100 322 
100 324 
100 361 
100 380 
100 426 
101 107 
101 371 
101 400 
101 417 
102 234 
102 279 
102 304 
102 335 
102 454 
102 468 
102 477 
102 484 
103 110 
103 145 
103 169 
103 172 
104 121 
104 123 
104 194 
104 218 
104 345 
104 365 
105 109 
105 137 
105 175 
105 212 
105 247 
106 299 
107 108 
107 243 
107 274 
107 289 
107 298 
107 473 
108 156 
108 314 
109 164 
109 188 
109 495 
110 133 
110 219 
110 261 
111 207 
111 223 
111 282 
111 417 
112 135 
112 273 
112 339 
112 341 
112 396 
113 161 
113 270 
113 282 
113 403 
113 423 
114 134 
114 395 
114 437 
115 219 
115 276 
115 291 
115 317 
115 381 
117 151 
117 188 
117 240 
117 284 
117 287 
117 375 
117 397 
117 457 
117 466 
118 210 
119 218 
119 498 
120 177 
120 191 
120 230 
120 359 
121 126 
121 129 
121 174 
121 228 
121 235 
121 242 
121 297 
121 408 
122 170 
122 302 
123 312 
123 448 
123 460 
124 179 
124 249 
124 321 
125 459 
126 252 
126 302 
127 198 
127 207 
127 227 
128 154 
128 193 
128 222 
128 274 
128 314 
128 367 
129 169 
129 435 
130 155 
130 195 
130 316 
130 364 
130 382 
131 200 
131 384 
131 437 
132 168 
132 204 
132 319 
132 388 
132 457 
133 176 
133 267 
133 385 
134 165 
134 349 
134 356 
135 144 
135 257 
136 311 
136 345 
138 144 
138 160 
138 165 
138 191 
138 354 
138 430 
138 484 
140 214 
140 284 
140 410 
141 240 
141 288 
141 318 
141 409 
142 147 
142 188 
142 224 
142 231 
142 239 
142 252 
142 253 
142 461 
143 167 
143 180 
143 329 
143 343 
143 476 
145 449 
146 308 
146 407 
147 211 
147 266 
147 295 
147 303 
147 312 
147 376 
147 485 
148 467 
149 220 
151 163 
151 294 
152 230 
152 296 
152 362 
152 431 
152 472 
152 489 
153 198 
153 448 
154 177 
154 257 
154 366 
154 438 
154 471 
154 472 
154 478 
154 496 
155 405 
156 164 
156 381 
157 178 
157 389 
157 457 
158 184 
158 295 
158 336 
158 493 
159 183 
159 368 
159 394 
160 163 
160 226 
160 300 
160 428 
162 166 
162 330 
162 347 
162 412 
163 210 
163 291 
163 373 
163 443 
164 177 
165 167 
165 315 
165 383 
165 387 
165 430 
165 433 
166 225 
167 474 
168 176 
168 256 
169 244 
169 320 
169 345 
170 420 
171 207 
171 253 
172 242 
172 267 
172 359 
172 418 
173 313 
174 208 
174 237 
174 248 
174 327 
174 342 
174 476 
175 244 
175 261 
176 265 
176 307 
177 206 
178 241 
178 379 
180 196 
180 334 
180 366 
180 408 
180 434 
180 465 
181 228 
181 290 
181 464 
182 309 
184 326 
184 425 
185 294 
185 298 
185 405 
185 416 
186 202 
186 239 
186 323 
187 195 
187 253 
187 440 
187 486 
187 493 
188 280 
188 459 
189 233 
189 250 
189 251 
189 325 
189 378 
190 226 
190 346 
190 393 
190 400 
190 433 
191 249 
193 237 
193 266 
193 306 
193 383 
194 197 
194 397 
194 446 
195 306 
196 213 
196 292 
197 270 
197 280 
198 227 
198 383 
199 326 
199 385 
199 442 
200 232 
200 303 
200 465 
200 492 
201 369 
201 409 
202 258 
202 314 
203 308 
204 295 
204 321 
205 498 
208 361 
208 370 
210 229 
210 262 
210 280 
210 307 
210 392 
211 236 
212 282 
212 287 
213 391 
213 429 
213 443 
214 301 
214 384 
216 232 
216 290 
217 413 
218 281 
218 406 
218 470 
219 371 
219 419 
220 394 
220 412 
220 495 
221 222 
221 232 
221 316 
221 322 
221 344 
221 474 
222 424 
222 432 
224 273 
224 347 
224 355 
225 229 
225 256 
225 257 
225 271 
225 424 
226 379 
227 249 
227 310 
228 293 
228 363 
228 373 
229 488 
230 241 
230 312 
230 324 
230 372 
230 373 
230 438 
231 275 
231 396 
231 487 
231 497 
232 274 
232 382 
233 431 
234 369 
234 425 
235 303 
235 359 
236 277 
236 456 
237 243 
237 330 
237 349 
237 418 
238 494 
239 344 
239 414 
239 421 
240 305 
240 486 
241 340 
241 497 
242 313 
242 387 
242 393 
242 475 
243 357 
243 424 
243 436 
243 490 
244 262 
244 277 
244 283 
244 342 
244 427 
244 429 
246 363 
246 399 
247 251 
247 269 
247 464 
247 488 
248 426 
249 375 
249 381 
249 499 
254 261 
254 424 
255 304 
256 330 
256 375 
258 359 
259 335 
260 306 
263 272 
263 318 
263 399 
264 434 
265 277 
265 316 
265 365 
265 378 
266 305 
266 326 
270 301 
270 305 
270 328 
270 455 
271 398 
272 402 
272 441 
273 351 
273 387 
273 400 
273 490 
275 296 
276 440 
277 288 
277 289 
277 400 
279 316 
279 402 
281 323 
283 482 
284 393 
285 394 
285 463 
285 483 
287 390 
287 451 
289 291 
290 355 
290 477 
291 404 
293 350 
293 355 
293 381 
294 390 
294 427 
294 446 
295 391 
296 331 
296 349 
296 367 
296 415 
296 494 
298 391 
299 412 
303 470 
304 350 
304 444 
306 356 
308 340 
308 358 
309 327 
309 411 
309 463 
311 368 
311 384 
311 449 
311 483 
313 333 
313 486 
316 354 
316 472 
318 353 
318 407 
318 478 
318 482 
319 326 
319 405 
319 422 
321 392 
322 341 
323 376 
324 347 
325 439 
326 421 
328 363 
328 409 
328 431 
328 458 
329 330 
329 428 
329 450 
330 351 
330 364 
330 379 
330 434 
330 465 
337 369 
339 450 
342 451 
343 346 
343 461 
345 453 
345 490 
346 414 
346 436 
347 413 
347 477 
350 498 
351 380 
351 401 
351 432 
352 398 
352 480 
353 402 
353 499 
354 382 
354 477 
356 372 
356 421 
366 415 
366 462 
368 472 
368 475 
369 488 
374 476 
378 452 
380 420 
381 403 
382 440 
383 411 
383 420 
383 429 
383 430 
383 446 
388 407 
388 447 
392 423 
392 456 
393 496 
395 401 
395 425 
400 441 
401 492 
404 438 
409 426 
410 444 
413 466 
414 439 
415 481 
416 441 
419 493 
434 443 
438 448 
438 467 
441 443 
443 499 
450 453 
466 475 
477 496 
