false
false
500
1988
0 1 
0 3 
0 4 
0 5 
0 6 
0 9 
0 10 
0 12 
0 14 
0 18 
0 22 
0 38 
0 63 
0 77 
0 78 
0 79 
0 82 
0 86 
0 91 
0 93 
0 101 
0 114 
0 142 
0 143 
0 160 
0 174 
0 180 
0 183 
0 213 
0 218 
0 221 
0 227 
0 229 
0 230 
0 250 
0 262 
0 288 
0 335 
0 355 
0 400 
0 415 
0 437 
0 471 
0 480 
1 2 
1 4 
1 5 
1 6 
1 7 
1 8 
1 9 
1 10 
1 12 
1 13 
1 19 
1 20 
1 22 
1 34 
1 35 
1 44 
1 46 
1 49 
1 57 
1 73 
1 76 
1 77 
1 89 
1 101 
1 102 
1 113 
1 116 
1 126 
1 140 
1 144 
1 150 
1 159 
1 165 
1 177 
1 187 
1 188 
1 212 
1 238 
1 241 
1 242 
1 244 
1 245 
1 249 
1 258 
1 264 
1 270 
1 298 
1 303 
1 309 
1 323 
1 351 
1 352 
1 360 
1 394 
1 395 
1 447 
1 458 
1 462 
1 476 
2 3 
2 4 
2 5 
2 8 
2 11 
2 12 
2 15 
2 19 
2 21 
2 23 
2 26 
2 28 
2 37 
2 40 
2 47 
2 48 
2 70 
2 90 
2 95 
2 98 
2 109 
2 126 
2 133 
2 142 
2 144 
2 145 
2 151 
2 156 
2 168 
2 183 
2 184 
2 199 
2 207 
2 209 
2 223 
2 261 
2 272 
2 274 
2 300 
2 312 
2 313 
2 334 
2 343 
2 347 
2 371 
2 381 
2 401 
2 404 
2 427 
2 433 
2 476 
3 4 
3 9 
3 19 
3 29 
3 34 
3 50 
3 62 
3 80 
3 81 
3 85 
3 150 
3 171 
3 217 
3 363 
3 446 
3 470 
4 5 
4 6 
4 7 
4 8 
4 10 
4 16 
4 17 
4 20 
4 25 
4 27 
4 28 
4 30 
4 32 
4 33 
4 42 
4 50 
4 60 
4 62 
4 63 
4 71 
4 76 
4 77 
4 78 
4 83 
4 87 
4 88 
4 114 
4 120 
4 130 
4 155 
4 182 
4 191 
4 223 
4 235 
4 243 
4 278 
4 279 
4 281 
4 284 
4 293 
4 299 
4 303 
4 342 
4 359 
4 360 
4 377 
4 391 
4 393 
4 408 
4 443 
4 487 
4 491 
5 6 
5 7 
5 8 
5 9 
5 11 
5 13 
5 16 
5 17 
5 20 
5 23 
5 25 
5 29 
5 30 
5 36 
5 40 
5 41 
5 44 
5 56 
5 64 
5 70 
5 71 
5 75 
5 83 
5 86 
5 87 
5 88 
5 93 
5 96 
5 99 
5 104 
5 107 
5 123 
5 127 
5 135 
5 141 
5 146 
5 152 
5 154 
5 165 
5 170 
5 172 
5 179 
5 180 
5 184 
5 186 
5 187 
5 193 
5 200 
5 203 
5 205 
5 231 
5 232 
5 234 
5 248 
5 249 
5 252 
5 259 
5 270 
5 274 
5 276 
5 287 
5 306 
5 320 
5 324 
5 330 
5 332 
5 333 
5 336 
5 338 
5 343 
5 346 
5 351 
5 359 
5 368 
5 374 
5 376 
5 379 
5 395 
5 410 
5 412 
5 420 
5 425 
5 440 
5 458 
5 467 
5 486 
5 496 
6 7 
6 12 
6 14 
6 17 
6 18 
6 24 
6 30 
6 39 
6 40 
6 42 
6 43 
6 45 
6 49 
6 52 
6 57 
6 59 
6 60 
6 63 
6 71 
6 72 
6 84 
6 100 
6 106 
6 127 
6 139 
6 147 
6 157 
6 159 
6 168 
6 189 
6 204 
6 208 
6 209 
6 210 
6 262 
6 313 
6 318 
6 337 
6 366 
6 379 
6 400 
6 442 
6 450 
6 458 
6 469 
6 480 
7 11 
7 13 
7 17 
7 27 
7 32 
7 33 
7 35 
7 45 
7 51 
7 58 
7 60 
7 61 
7 66 
7 82 
7 88 
7 92 
7 102 
7 107 
7 109 
7 110 
7 121 
7 127 
7 133 
7 145 
7 181 
7 184 
7 191 
7 210 
7 220 
7 224 
7 225 
7 271 
7 283 
7 285 
7 302 
7 322 
7 324 
7 338 
7 344 
7 353 
7 368 
7 373 
7 376 
7 396 
7 401 
7 404 
7 419 
7 449 
7 460 
7 469 
7 474 
7 481 
7 485 
7 493 
8 16 
8 26 
8 32 
8 38 
8 43 
8 45 
8 49 
8 64 
8 69 
8 80 
8 81 
8 86 
8 111 
8 123 
8 128 
8 137 
8 148 
8 163 
8 283 
8 300 
8 304 
8 305 
8 307 
8 308 
8 317 
8 339 
8 342 
8 396 
8 409 
8 420 
8 426 
8 475 
9 10 
9 14 
9 15 
9 20 
9 23 
9 25 
9 34 
9 35 
9 44 
9 74 
9 82 
9 91 
9 98 
9 111 
9 147 
9 211 
9 222 
9 267 
9 280 
9 289 
9 292 
9 354 
9 356 
9 361 
9 386 
9 391 
9 397 
9 447 
9 451 
9 461 
9 462 
9 484 
9 486 
10 11 
10 19 
10 47 
10 54 
10 61 
10 144 
10 175 
10 202 
10 220 
10 361 
10 397 
10 401 
10 443 
11 13 
11 15 
11 26 
11 28 
11 40 
11 78 
11 105 
11 122 
11 138 
11 149 
11 156 
11 183 
11 211 
11 254 
11 257 
11 272 
11 312 
11 314 
11 339 
11 348 
11 413 
11 415 
11 482 
12 16 
12 18 
12 21 
12 23 
12 24 
12 26 
12 27 
12 31 
12 37 
12 43 
12 46 
12 50 
12 52 
12 64 
12 65 
12 82 
12 85 
12 88 
12 90 
12 92 
12 93 
12 102 
12 103 
12 104 
12 132 
12 135 
12 136 
12 142 
12 156 
12 157 
12 164 
12 192 
12 197 
12 231 
12 232 
12 246 
12 247 
12 248 
12 255 
12 277 
12 286 
12 302 
12 308 
12 310 
12 312 
12 317 
12 352 
12 377 
12 386 
12 392 
12 423 
12 436 
12 448 
12 460 
12 490 
13 14 
13 15 
13 36 
13 63 
13 95 
13 101 
13 129 
13 130 
13 154 
13 171 
13 178 
13 188 
13 301 
13 354 
13 423 
13 453 
14 22 
14 31 
14 48 
14 58 
14 60 
14 61 
14 85 
14 140 
14 172 
14 176 
14 182 
14 185 
14 192 
14 204 
14 246 
14 256 
14 265 
14 278 
14 309 
14 338 
14 348 
14 373 
14 407 
14 416 
14 432 
14 436 
14 452 
14 460 
15 18 
15 74 
15 76 
15 89 
15 97 
15 134 
15 168 
15 169 
15 188 
15 230 
15 236 
15 248 
15 264 
15 297 
15 307 
15 408 
15 451 
15 463 
15 472 
15 479 
15 493 
16 27 
16 42 
16 94 
16 106 
16 107 
16 109 
16 115 
16 152 
16 216 
16 223 
16 267 
16 288 
16 311 
16 343 
16 417 
16 444 
16 450 
16 481 
17 21 
17 29 
17 35 
17 102 
17 135 
17 143 
17 268 
18 24 
18 54 
18 145 
18 181 
18 197 
18 203 
18 225 
18 268 
18 332 
18 342 
18 355 
18 397 
18 407 
18 456 
19 32 
19 33 
19 36 
19 53 
19 55 
19 57 
19 66 
19 75 
19 91 
19 94 
19 95 
19 116 
19 131 
19 148 
19 196 
19 202 
19 214 
19 221 
19 226 
19 286 
19 316 
19 375 
19 464 
20 21 
20 54 
20 55 
20 67 
20 105 
20 133 
20 139 
20 141 
20 150 
20 166 
20 185 
20 189 
20 195 
20 276 
20 299 
20 382 
20 385 
20 392 
20 411 
20 454 
20 471 
20 476 
21 22 
21 30 
21 45 
21 108 
21 115 
21 117 
21 123 
21 151 
21 159 
21 160 
21 257 
21 264 
21 282 
21 303 
21 318 
21 326 
21 370 
22 24 
22 39 
22 252 
22 297 
22 369 
22 455 
23 25 
23 31 
23 54 
23 111 
23 113 
23 122 
23 154 
23 167 
23 176 
23 177 
23 194 
23 201 
23 322 
23 418 
23 464 
24 39 
24 51 
24 53 
24 61 
24 62 
24 67 
24 68 
24 115 
24 121 
24 125 
24 160 
24 170 
24 179 
24 216 
24 230 
24 260 
24 284 
24 293 
24 317 
24 378 
25 31 
25 34 
25 99 
25 136 
25 158 
25 171 
25 222 
25 266 
25 273 
25 347 
25 366 
25 381 
25 421 
25 461 
26 28 
26 117 
26 136 
26 169 
26 216 
26 249 
26 304 
26 308 
26 343 
26 375 
26 434 
26 499 
27 33 
27 38 
27 41 
27 59 
27 64 
27 119 
27 126 
27 146 
27 162 
27 168 
27 189 
27 228 
27 238 
27 288 
27 335 
27 400 
27 414 
27 447 
27 449 
28 29 
28 73 
28 79 
28 97 
28 122 
28 143 
28 263 
28 283 
28 285 
28 303 
29 57 
29 58 
29 69 
29 71 
29 100 
29 107 
29 215 
29 388 
29 408 
30 37 
30 39 
30 74 
30 99 
30 146 
30 152 
30 166 
30 196 
30 212 
30 226 
30 240 
30 298 
30 307 
30 310 
30 368 
30 407 
30 433 
31 37 
31 38 
31 49 
31 70 
31 75 
31 83 
31 113 
31 134 
31 193 
31 227 
31 251 
31 261 
31 327 
31 346 
31 478 
32 36 
32 41 
32 43 
32 106 
32 120 
32 125 
32 202 
32 251 
32 280 
32 290 
32 298 
32 340 
32 378 
32 380 
32 489 
33 48 
34 41 
34 62 
34 83 
34 118 
34 124 
34 127 
34 129 
34 233 
34 311 
34 383 
34 420 
35 51 
35 173 
35 176 
35 205 
35 311 
36 42 
36 47 
36 52 
36 53 
36 56 
36 59 
36 65 
36 66 
36 80 
36 94 
36 111 
36 114 
36 118 
36 162 
36 165 
36 182 
36 190 
36 282 
36 289 
36 293 
36 297 
36 331 
36 364 
36 370 
36 374 
36 390 
36 394 
36 425 
36 440 
36 462 
36 475 
36 498 
37 76 
37 96 
37 124 
37 146 
37 147 
37 176 
37 206 
37 247 
37 325 
37 372 
37 439 
37 485 
38 50 
38 85 
38 86 
38 121 
38 124 
38 138 
38 153 
38 161 
38 172 
38 214 
38 228 
38 261 
38 266 
38 270 
38 278 
38 320 
38 342 
38 374 
38 432 
38 457 
38 484 
39 55 
39 68 
39 72 
39 73 
39 114 
39 155 
39 166 
39 180 
39 191 
39 239 
39 259 
39 315 
39 344 
39 349 
39 353 
39 363 
39 384 
39 387 
39 392 
39 403 
39 468 
40 46 
40 56 
40 118 
40 158 
40 217 
40 264 
40 353 
40 390 
40 393 
40 427 
41 44 
41 46 
41 48 
41 53 
41 68 
41 91 
41 93 
41 96 
41 106 
41 145 
41 163 
41 218 
41 220 
41 237 
41 263 
41 311 
41 327 
41 330 
41 346 
42 279 
42 299 
42 316 
42 327 
42 385 
42 406 
42 438 
42 478 
43 104 
43 125 
43 208 
43 497 
44 47 
44 52 
44 56 
44 110 
44 117 
44 128 
44 167 
44 172 
44 174 
44 198 
44 246 
44 366 
44 416 
45 150 
45 192 
45 275 
45 331 
45 428 
46 84 
46 178 
46 201 
46 205 
46 240 
46 250 
46 281 
46 319 
46 357 
46 380 
47 51 
47 98 
47 119 
47 185 
47 241 
47 349 
47 453 
48 177 
48 361 
48 431 
49 59 
49 67 
49 77 
49 87 
49 92 
49 97 
49 132 
49 158 
49 194 
49 197 
49 215 
49 242 
49 250 
49 255 
49 287 
49 334 
49 362 
49 371 
49 372 
49 391 
49 422 
49 491 
50 66 
50 69 
50 133 
50 157 
50 230 
51 55 
51 101 
51 105 
52 72 
52 98 
52 268 
52 459 
53 72 
53 217 
53 288 
54 65 
54 73 
54 78 
54 108 
54 115 
54 131 
54 161 
54 226 
54 316 
54 426 
54 430 
54 455 
55 69 
55 75 
55 121 
55 242 
55 281 
55 291 
55 297 
55 309 
55 337 
55 363 
55 399 
55 470 
55 490 
56 92 
56 137 
56 169 
56 179 
56 352 
56 379 
56 482 
57 58 
57 118 
57 124 
57 128 
57 244 
57 429 
58 81 
58 100 
58 153 
58 285 
58 323 
58 337 
58 412 
58 427 
58 470 
58 492 
59 148 
59 153 
59 200 
59 222 
59 232 
59 269 
59 276 
59 367 
59 460 
60 65 
60 67 
60 84 
60 237 
60 389 
60 416 
61 68 
61 79 
61 87 
61 96 
61 100 
61 112 
61 116 
61 123 
61 141 
61 167 
61 210 
61 218 
61 253 
61 262 
61 294 
61 306 
61 330 
61 364 
61 396 
61 398 
61 439 
61 473 
61 496 
62 70 
62 151 
62 319 
62 329 
62 359 
63 211 
63 244 
63 253 
63 257 
63 345 
63 364 
63 405 
63 406 
63 446 
65 97 
65 216 
65 234 
66 110 
66 130 
66 213 
67 90 
67 131 
67 152 
67 223 
67 229 
67 234 
67 263 
67 274 
67 326 
67 357 
68 238 
68 292 
68 325 
68 454 
69 95 
70 74 
70 84 
70 193 
70 253 
70 286 
70 309 
70 365 
70 373 
71 80 
71 116 
71 300 
71 338 
72 139 
72 173 
72 273 
72 405 
72 488 
72 492 
73 89 
73 108 
73 353 
74 294 
75 94 
75 108 
75 110 
75 138 
75 149 
75 178 
75 185 
75 215 
75 285 
75 357 
75 418 
75 427 
75 472 
75 493 
76 79 
76 90 
76 103 
76 140 
76 213 
76 258 
76 260 
76 312 
77 130 
77 137 
77 273 
77 385 
78 119 
78 122 
78 239 
78 305 
78 433 
79 163 
79 206 
79 495 
80 81 
80 103 
80 153 
80 175 
80 229 
80 272 
80 326 
80 387 
80 430 
81 99 
81 113 
81 197 
81 383 
82 212 
82 238 
82 319 
82 453 
83 112 
83 178 
83 187 
83 188 
83 189 
83 333 
83 348 
84 144 
84 155 
84 235 
84 290 
84 398 
84 452 
84 478 
85 164 
85 227 
85 262 
85 269 
85 300 
86 151 
86 165 
86 180 
87 134 
87 247 
88 89 
88 104 
88 105 
88 112 
88 160 
88 167 
88 296 
88 315 
88 321 
88 344 
88 404 
88 417 
88 493 
89 182 
89 192 
89 275 
89 299 
89 419 
90 164 
90 170 
90 203 
90 204 
90 305 
91 175 
91 348 
91 359 
92 120 
92 210 
92 260 
92 287 
92 452 
93 103 
93 109 
93 175 
93 181 
93 195 
93 239 
93 419 
93 423 
93 473 
94 134 
94 199 
94 227 
94 376 
94 381 
94 405 
95 139 
95 174 
95 212 
95 439 
96 156 
96 173 
96 190 
96 202 
96 333 
96 448 
96 477 
97 131 
97 143 
97 203 
97 228 
97 306 
97 413 
98 305 
98 475 
99 161 
99 186 
99 291 
99 313 
99 315 
99 323 
99 341 
99 483 
100 129 
100 135 
100 233 
100 256 
100 317 
100 372 
100 388 
100 471 
101 148 
101 149 
101 196 
101 265 
101 325 
101 328 
101 367 
101 376 
101 403 
101 437 
101 488 
102 138 
102 142 
102 209 
102 279 
103 120 
103 125 
103 126 
103 377 
103 466 
104 117 
104 132 
104 163 
104 164 
104 201 
104 217 
104 245 
104 310 
104 337 
104 347 
104 413 
104 457 
104 471 
104 477 
104 494 
105 157 
105 161 
105 224 
105 269 
105 292 
105 339 
105 358 
106 162 
107 186 
107 206 
107 278 
107 286 
107 310 
107 332 
107 414 
107 497 
108 406 
109 112 
109 119 
109 171 
109 194 
109 219 
109 221 
109 345 
109 362 
109 367 
109 372 
109 402 
109 463 
110 224 
111 439 
112 128 
112 335 
112 408 
113 184 
113 190 
113 380 
113 434 
114 129 
114 132 
114 147 
114 155 
114 173 
114 314 
114 330 
114 436 
114 496 
115 137 
115 140 
115 245 
115 385 
115 455 
116 220 
117 191 
118 412 
119 295 
120 215 
120 387 
120 395 
121 296 
121 354 
121 449 
122 240 
122 428 
123 206 
123 259 
123 410 
124 250 
124 279 
124 451 
124 465 
124 488 
125 200 
125 243 
126 244 
126 327 
127 195 
127 211 
127 362 
127 367 
128 166 
128 196 
128 200 
128 201 
128 229 
128 329 
128 435 
128 454 
128 457 
128 466 
129 162 
129 384 
130 275 
130 409 
130 450 
131 136 
131 204 
131 277 
131 356 
131 469 
132 141 
132 158 
132 218 
132 249 
133 190 
133 208 
133 226 
133 301 
133 321 
133 442 
133 464 
134 336 
134 456 
135 247 
135 251 
135 417 
136 304 
136 403 
136 462 
136 467 
136 480 
137 170 
137 198 
137 219 
138 320 
139 266 
139 484 
140 194 
140 252 
140 254 
140 257 
140 259 
140 314 
140 499 
141 307 
141 322 
141 446 
142 198 
142 465 
143 339 
143 410 
143 432 
144 149 
145 254 
145 395 
146 154 
146 159 
146 219 
146 235 
146 349 
146 394 
147 225 
147 231 
148 246 
148 298 
149 291 
150 232 
150 308 
151 328 
151 375 
151 384 
151 422 
151 461 
152 233 
152 236 
152 280 
152 373 
152 402 
152 441 
152 446 
153 474 
156 179 
156 239 
156 371 
157 258 
158 183 
158 208 
158 221 
158 374 
159 252 
160 207 
160 447 
160 476 
160 483 
160 498 
161 234 
161 287 
161 290 
161 369 
161 495 
163 438 
164 379 
165 301 
165 321 
165 451 
166 169 
166 181 
166 187 
166 313 
166 326 
166 350 
166 394 
166 452 
167 345 
167 349 
168 283 
169 467 
170 243 
170 289 
170 424 
171 282 
171 481 
173 174 
173 199 
173 274 
173 304 
173 346 
173 377 
173 424 
173 450 
173 497 
174 193 
174 195 
174 271 
174 277 
174 296 
174 301 
175 302 
176 177 
176 237 
176 242 
176 440 
177 375 
177 393 
177 424 
180 263 
181 186 
181 324 
181 399 
181 400 
181 441 
182 199 
182 224 
182 284 
182 370 
183 198 
183 410 
184 231 
184 266 
184 340 
187 316 
187 388 
188 295 
188 490 
190 315 
190 481 
191 380 
192 205 
192 219 
192 233 
192 243 
192 425 
192 428 
193 240 
193 302 
195 228 
195 363 
195 399 
195 421 
195 437 
195 475 
196 209 
196 272 
196 411 
196 435 
197 214 
197 411 
198 207 
198 271 
198 280 
198 334 
198 356 
198 407 
198 409 
199 254 
199 445 
200 213 
200 255 
200 498 
201 255 
201 350 
201 424 
202 222 
202 365 
204 361 
204 426 
206 207 
206 225 
206 267 
206 329 
206 341 
206 389 
206 393 
206 419 
206 429 
207 214 
208 382 
209 241 
209 406 
209 485 
210 444 
211 491 
212 284 
212 323 
212 434 
213 413 
213 422 
213 431 
214 236 
214 277 
214 289 
215 291 
215 331 
217 325 
217 387 
218 237 
218 251 
219 438 
219 443 
220 421 
221 270 
221 416 
222 235 
222 245 
222 364 
223 260 
223 381 
224 430 
225 241 
225 351 
225 389 
225 461 
226 248 
226 383 
228 358 
228 386 
229 253 
229 322 
229 356 
229 368 
229 492 
230 281 
230 355 
231 265 
231 292 
231 350 
231 352 
231 429 
231 483 
232 293 
232 494 
233 382 
234 236 
234 378 
235 355 
236 489 
237 290 
237 340 
237 455 
237 458 
239 268 
239 362 
240 341 
240 441 
242 258 
242 273 
242 331 
242 432 
242 486 
243 256 
243 347 
243 358 
245 294 
245 324 
245 358 
247 357 
247 449 
247 491 
249 453 
249 480 
250 271 
250 402 
250 411 
251 470 
252 442 
253 256 
253 296 
253 444 
255 261 
256 265 
256 282 
256 318 
256 341 
258 336 
258 398 
258 425 
259 267 
259 269 
259 404 
259 492 
260 275 
260 306 
260 428 
260 435 
260 485 
262 390 
265 443 
266 336 
266 351 
266 382 
266 383 
266 405 
266 435 
266 437 
267 276 
267 335 
267 360 
269 384 
270 295 
270 482 
271 295 
274 318 
275 390 
276 345 
276 465 
276 494 
277 333 
277 459 
278 418 
281 429 
283 360 
283 399 
284 365 
285 487 
286 332 
287 321 
288 401 
288 473 
288 484 
289 365 
290 350 
290 354 
290 388 
290 440 
291 314 
291 320 
291 328 
291 445 
292 422 
292 459 
292 479 
292 486 
293 294 
295 328 
295 334 
295 433 
296 468 
297 319 
298 369 
300 487 
301 417 
302 466 
303 409 
303 468 
305 397 
305 473 
308 329 
308 454 
308 456 
309 391 
311 371 
311 472 
312 448 
313 389 
313 445 
315 465 
319 412 
321 478 
322 444 
323 366 
323 418 
325 442 
325 487 
326 386 
327 392 
327 482 
329 495 
330 489 
334 463 
337 340 
337 489 
337 496 
338 344 
341 495 
343 378 
343 456 
344 463 
345 499 
347 438 
347 469 
348 402 
348 403 
350 434 
351 415 
355 445 
356 436 
357 431 
359 369 
361 479 
363 370 
363 398 
363 459 
365 467 
368 420 
368 499 
369 426 
371 448 
375 457 
375 490 
376 414 
380 423 
382 468 
384 414 
384 441 
393 396 
394 430 
404 415 
408 421 
409 494 
412 466 
417 431 
428 498 
429 474 
430 477 
438 483 
439 472 
439 474 
439 479 
447 464 
453 477 
481 497 
485 488 
