false
false
500
1988
0 1 
0 3 
0 4 
0 6 
0 14 
0 27 
0 28 
0 50 
0 54 
0 57 
0 71 
0 80 
0 81 
0 112 
0 122 
0 150 
0 157 
0 262 
0 290 
0 296 
0 324 
0 330 
0 373 
0 395 
0 399 
0 419 
0 449 
1 2 
1 4 
1 5 
1 6 
1 7 
1 8 
1 10 
1 11 
1 15 
1 16 
1 18 
1 22 
1 32 
1 39 
1 41 
1 42 
1 48 
1 75 
1 86 
1 108 
1 112 
1 129 
1 132 
1 135 
1 155 
1 161 
1 168 
1 173 
1 197 
1 210 
1 212 
1 231 
1 245 
1 246 
1 253 
1 263 
1 265 
1 278 
1 282 
1 306 
1 334 
1 414 
1 465 
1 471 
1 472 
1 493 
1 495 
2 3 
2 4 
2 5 
2 7 
2 8 
2 9 
2 10 
2 13 
2 14 
2 15 
2 17 
2 18 
2 20 
2 28 
2 30 
2 34 
2 51 
2 53 
2 65 
2 67 
2 68 
2 73 
2 76 
2 77 
2 92 
2 102 
2 110 
2 124 
2 143 
2 147 
2 158 
2 167 
2 172 
2 183 
2 208 
2 216 
2 244 
2 272 
2 319 
2 335 
2 364 
2 386 
2 393 
2 448 
2 473 
3 4 
3 5 
3 6 
3 13 
3 16 
3 19 
3 20 
3 23 
3 25 
3 27 
3 31 
3 33 
3 34 
3 37 
3 38 
3 39 
3 47 
3 48 
3 51 
3 54 
3 56 
3 62 
3 69 
3 72 
3 78 
3 86 
3 88 
3 91 
3 104 
3 105 
3 108 
3 117 
3 119 
3 120 
3 124 
3 127 
3 130 
3 132 
3 136 
3 138 
3 142 
3 144 
3 153 
3 167 
3 172 
3 201 
3 205 
3 214 
3 220 
3 236 
3 249 
3 263 
3 271 
3 277 
3 294 
3 295 
3 301 
3 309 
3 331 
3 337 
3 345 
3 362 
3 406 
3 442 
3 449 
3 451 
3 452 
3 457 
4 5 
4 6 
4 7 
4 8 
4 11 
4 12 
4 16 
4 21 
4 22 
4 23 
4 26 
4 27 
4 29 
4 33 
4 35 
4 42 
4 43 
4 45 
4 46 
4 48 
4 49 
4 50 
4 55 
4 56 
4 58 
4 59 
4 60 
4 63 
4 65 
4 66 
4 67 
4 68 
4 71 
4 76 
4 81 
4 87 
4 88 
4 89 
4 94 
4 102 
4 106 
4 107 
4 110 
4 111 
4 114 
4 128 
4 129 
4 133 
4 141 
4 145 
4 167 
4 170 
4 179 
4 181 
4 187 
4 190 
4 195 
4 200 
4 205 
4 207 
4 213 
4 215 
4 223 
4 237 
4 239 
4 240 
4 242 
4 262 
4 266 
4 268 
4 287 
4 289 
4 298 
4 304 
4 305 
4 308 
4 322 
4 333 
4 344 
4 352 
4 359 
4 360 
4 361 
4 366 
4 378 
4 382 
4 400 
4 417 
4 433 
4 436 
4 439 
4 448 
4 454 
4 460 
4 485 
4 492 
4 497 
4 498 
5 9 
5 11 
5 12 
5 32 
5 44 
5 83 
5 97 
5 100 
5 130 
5 137 
5 154 
5 156 
5 223 
5 303 
5 317 
5 323 
5 335 
5 363 
5 414 
5 453 
5 464 
5 469 
5 494 
6 7 
6 8 
6 9 
6 10 
6 14 
6 15 
6 21 
6 22 
6 23 
6 26 
6 38 
6 43 
6 44 
6 45 
6 110 
6 154 
6 158 
6 163 
6 191 
6 201 
6 241 
6 247 
6 297 
6 318 
6 320 
6 321 
6 325 
6 403 
6 410 
7 11 
7 24 
7 28 
7 30 
7 31 
7 109 
7 136 
7 149 
7 178 
7 233 
7 238 
7 250 
7 316 
7 333 
7 396 
7 423 
7 433 
7 464 
7 476 
8 9 
8 12 
8 15 
8 18 
8 21 
8 25 
8 33 
8 39 
8 40 
8 41 
8 46 
8 51 
8 53 
8 54 
8 58 
8 62 
8 63 
8 71 
8 73 
8 85 
8 87 
8 93 
8 95 
8 96 
8 111 
8 114 
8 120 
8 131 
8 171 
8 183 
8 184 
8 186 
8 188 
8 213 
8 214 
8 215 
8 226 
8 227 
8 229 
8 271 
8 308 
8 309 
8 318 
8 348 
8 357 
8 367 
8 373 
8 384 
8 395 
8 400 
8 407 
8 422 
8 446 
8 466 
8 469 
8 487 
8 496 
9 10 
9 13 
9 19 
9 24 
9 35 
9 39 
9 47 
9 74 
9 95 
9 96 
9 99 
9 103 
9 116 
9 143 
9 152 
9 162 
9 165 
9 181 
9 187 
9 194 
9 227 
9 236 
9 253 
9 268 
9 288 
9 311 
9 342 
9 349 
9 359 
9 361 
9 397 
9 468 
9 471 
9 478 
9 491 
9 498 
10 13 
10 30 
10 52 
10 64 
10 79 
10 83 
10 89 
10 94 
10 98 
10 116 
10 124 
10 125 
10 175 
10 250 
10 284 
10 298 
10 402 
10 421 
10 440 
10 441 
10 457 
11 12 
11 14 
11 16 
11 34 
11 65 
11 71 
11 80 
11 107 
11 115 
11 122 
11 136 
11 142 
11 176 
11 227 
11 229 
11 235 
11 275 
11 290 
11 294 
11 322 
11 340 
11 356 
11 368 
11 411 
11 425 
11 439 
11 444 
11 485 
12 19 
12 23 
12 25 
12 32 
12 42 
12 83 
12 94 
12 105 
12 112 
12 135 
12 225 
12 267 
12 282 
12 356 
12 384 
12 480 
13 17 
13 20 
13 28 
13 56 
13 57 
13 107 
13 128 
13 141 
13 144 
13 169 
13 173 
13 175 
13 186 
13 193 
13 206 
13 222 
13 225 
13 243 
13 263 
13 291 
13 370 
13 383 
13 399 
13 471 
13 495 
14 17 
14 61 
14 77 
14 79 
14 82 
14 150 
14 168 
14 178 
14 221 
14 231 
14 354 
14 357 
14 362 
14 444 
14 488 
15 20 
15 31 
15 35 
15 40 
15 47 
15 53 
15 63 
15 69 
15 74 
15 82 
15 84 
15 102 
15 108 
15 133 
15 151 
15 172 
15 174 
15 211 
15 316 
15 378 
15 417 
16 17 
16 18 
16 22 
16 37 
16 41 
16 51 
16 60 
16 62 
16 70 
16 75 
16 79 
16 91 
16 98 
16 129 
16 136 
16 146 
16 161 
16 192 
16 234 
16 378 
16 417 
17 21 
17 25 
17 27 
17 58 
17 64 
17 109 
17 122 
17 147 
17 169 
17 198 
17 199 
17 200 
17 204 
17 218 
17 230 
17 232 
17 272 
17 317 
17 341 
17 348 
17 357 
17 461 
17 467 
17 479 
18 19 
18 36 
18 58 
18 59 
18 72 
18 88 
18 89 
18 102 
18 105 
18 145 
18 202 
18 204 
18 211 
18 226 
18 281 
18 351 
18 359 
18 493 
19 49 
19 53 
19 127 
19 133 
19 163 
19 166 
19 184 
19 202 
19 236 
19 276 
19 296 
19 320 
19 414 
19 432 
19 457 
19 475 
20 24 
20 48 
20 61 
20 69 
20 90 
20 148 
20 157 
20 159 
20 236 
20 264 
20 326 
20 390 
21 26 
21 29 
21 33 
21 36 
21 81 
21 90 
21 171 
21 303 
21 362 
21 367 
21 383 
21 468 
22 62 
22 377 
22 390 
23 24 
23 43 
23 52 
23 89 
23 100 
23 128 
23 144 
23 303 
23 366 
23 420 
23 472 
24 26 
24 29 
24 31 
24 37 
24 40 
24 43 
24 52 
24 60 
24 65 
24 73 
24 77 
24 84 
24 85 
24 92 
24 98 
24 103 
24 116 
24 131 
24 173 
24 180 
24 234 
24 241 
24 242 
24 245 
24 246 
24 260 
24 306 
24 307 
24 311 
24 385 
24 408 
25 30 
25 37 
25 78 
25 156 
25 358 
25 364 
25 403 
25 409 
26 46 
26 50 
26 73 
26 120 
26 139 
26 152 
26 219 
26 248 
26 307 
26 313 
26 315 
26 321 
26 404 
26 426 
27 76 
27 216 
27 292 
27 299 
27 397 
28 29 
28 123 
28 179 
28 193 
28 196 
28 307 
28 315 
28 319 
28 342 
28 404 
28 428 
28 436 
28 484 
29 34 
29 66 
29 74 
29 80 
29 81 
29 106 
29 113 
29 160 
29 161 
29 175 
29 221 
29 408 
29 463 
30 50 
30 59 
30 67 
30 68 
30 75 
30 95 
30 111 
30 118 
30 125 
30 171 
30 191 
30 210 
30 223 
30 228 
30 255 
30 300 
30 372 
30 391 
30 435 
30 445 
30 480 
30 483 
31 32 
31 36 
31 38 
31 41 
31 49 
31 54 
31 70 
31 72 
31 98 
31 101 
31 111 
31 114 
31 118 
31 124 
31 132 
31 170 
31 200 
31 209 
31 213 
31 215 
31 243 
31 259 
31 291 
31 334 
31 356 
31 366 
31 376 
31 383 
31 387 
31 422 
31 487 
32 36 
32 55 
32 86 
32 87 
32 90 
32 126 
32 130 
32 152 
32 164 
32 186 
32 239 
32 242 
32 280 
32 284 
32 315 
32 324 
32 385 
33 35 
33 59 
33 68 
33 75 
33 115 
33 119 
33 125 
33 143 
33 150 
33 174 
33 178 
33 199 
33 221 
33 247 
33 258 
33 264 
33 270 
33 389 
33 412 
33 425 
33 427 
34 38 
34 61 
34 150 
34 189 
34 196 
34 243 
34 249 
34 350 
34 386 
34 390 
34 454 
34 481 
35 49 
35 84 
35 121 
35 123 
35 138 
35 140 
35 148 
35 169 
35 183 
35 189 
35 193 
35 205 
35 251 
35 327 
35 345 
35 351 
35 353 
35 354 
35 407 
35 467 
36 57 
36 91 
36 93 
36 115 
36 233 
36 234 
36 252 
36 275 
36 296 
36 392 
37 44 
37 137 
37 238 
37 239 
37 242 
37 252 
37 286 
37 490 
38 42 
38 44 
38 93 
38 135 
38 148 
38 159 
38 176 
38 200 
38 218 
38 250 
38 258 
38 273 
38 305 
38 312 
38 331 
38 445 
39 40 
39 69 
39 101 
39 176 
39 192 
39 316 
39 376 
39 417 
39 419 
40 66 
40 70 
40 101 
40 145 
40 155 
40 211 
40 220 
40 253 
40 285 
40 288 
40 311 
40 313 
40 314 
40 455 
40 475 
40 490 
41 96 
41 134 
41 146 
41 177 
41 241 
41 244 
41 297 
41 321 
42 45 
42 153 
42 298 
42 364 
42 448 
43 45 
43 251 
43 394 
43 438 
44 67 
44 296 
44 309 
44 340 
45 46 
45 47 
45 55 
45 110 
45 131 
45 257 
45 281 
45 329 
46 304 
46 320 
46 340 
46 363 
46 389 
46 391 
46 406 
46 418 
46 426 
47 56 
47 64 
47 87 
47 88 
47 130 
47 157 
47 209 
47 215 
47 228 
47 237 
47 280 
47 292 
47 368 
47 371 
47 374 
47 410 
47 420 
48 61 
48 147 
48 166 
48 194 
48 231 
48 249 
48 261 
48 357 
49 57 
49 99 
49 186 
49 188 
50 52 
50 55 
50 74 
50 77 
50 97 
50 100 
50 114 
50 121 
50 127 
50 152 
50 190 
50 208 
50 336 
50 353 
50 428 
50 468 
50 472 
51 82 
51 90 
51 103 
51 259 
51 291 
51 377 
51 415 
52 85 
52 139 
52 160 
52 185 
52 224 
52 345 
52 379 
52 411 
52 437 
52 496 
53 80 
53 91 
53 106 
53 118 
53 119 
53 180 
53 342 
53 381 
53 431 
53 473 
54 60 
54 96 
54 144 
54 145 
54 202 
54 220 
54 229 
54 230 
54 254 
54 259 
54 264 
54 379 
54 452 
55 107 
55 135 
55 143 
55 220 
55 225 
55 278 
55 330 
55 446 
56 64 
56 115 
56 127 
56 159 
56 211 
56 268 
56 269 
56 300 
56 347 
56 405 
56 475 
57 209 
57 217 
57 258 
57 368 
57 369 
57 395 
57 426 
58 66 
58 79 
59 97 
59 116 
59 142 
59 149 
59 240 
59 243 
59 306 
59 354 
59 418 
59 436 
59 482 
60 86 
60 92 
60 97 
60 123 
60 126 
60 134 
60 142 
60 184 
60 188 
60 229 
60 283 
60 288 
60 314 
60 329 
60 333 
60 335 
60 347 
60 406 
60 423 
60 442 
60 447 
60 478 
60 488 
61 63 
61 82 
61 84 
61 101 
61 109 
61 125 
61 140 
61 177 
61 182 
61 183 
61 237 
61 240 
61 286 
61 382 
62 204 
62 274 
62 470 
63 108 
63 138 
63 203 
63 281 
63 310 
64 78 
64 134 
64 179 
64 244 
64 279 
64 362 
64 456 
65 262 
65 283 
65 469 
66 72 
66 123 
66 132 
66 197 
66 330 
66 343 
66 409 
66 416 
66 435 
67 76 
67 103 
67 256 
67 293 
67 318 
67 420 
68 78 
68 270 
68 276 
68 413 
68 441 
69 70 
69 126 
69 131 
69 189 
69 322 
69 461 
69 494 
69 499 
70 104 
70 105 
70 226 
70 249 
70 286 
70 398 
71 129 
71 133 
71 349 
71 389 
71 431 
71 451 
71 467 
72 137 
72 151 
72 381 
72 410 
73 148 
73 392 
73 423 
73 431 
74 100 
74 162 
74 207 
74 230 
75 92 
75 199 
75 233 
75 373 
76 335 
77 218 
77 219 
77 238 
77 329 
78 109 
78 153 
78 170 
78 224 
78 254 
78 338 
78 393 
78 412 
78 415 
78 471 
79 85 
79 99 
79 182 
79 206 
79 212 
79 228 
79 415 
79 445 
79 459 
80 138 
80 176 
80 297 
80 455 
80 482 
81 141 
81 159 
81 308 
82 83 
82 121 
82 156 
83 93 
83 128 
83 358 
83 465 
84 119 
84 149 
84 156 
84 188 
84 205 
84 310 
84 434 
85 120 
85 151 
85 197 
85 214 
85 230 
85 303 
85 338 
85 347 
85 371 
86 171 
86 178 
86 193 
86 238 
86 416 
87 113 
87 177 
87 180 
87 227 
87 295 
87 460 
88 95 
88 147 
89 94 
89 158 
89 162 
89 181 
89 191 
89 216 
89 231 
89 248 
89 286 
89 380 
89 391 
89 479 
90 117 
90 118 
90 192 
90 232 
90 255 
90 260 
90 315 
90 397 
90 426 
91 153 
91 154 
91 158 
91 182 
91 232 
91 265 
91 276 
91 382 
92 104 
92 146 
92 319 
92 331 
92 424 
92 459 
92 476 
92 491 
93 99 
93 235 
94 106 
94 169 
94 184 
94 194 
94 451 
94 478 
95 382 
97 190 
97 201 
97 360 
97 434 
98 151 
98 198 
98 314 
98 442 
99 208 
100 117 
100 168 
100 246 
100 247 
100 393 
100 441 
100 447 
100 455 
101 113 
101 203 
101 264 
101 394 
102 219 
102 364 
103 104 
103 113 
103 160 
103 161 
103 212 
103 221 
103 346 
103 353 
104 134 
104 305 
104 452 
105 112 
105 440 
105 455 
106 300 
106 301 
106 400 
107 343 
107 429 
107 486 
108 139 
108 375 
108 461 
109 237 
109 244 
109 294 
109 317 
109 466 
109 482 
110 261 
110 358 
110 432 
110 484 
111 167 
111 185 
111 190 
111 259 
111 281 
111 301 
111 427 
111 483 
112 235 
112 490 
113 122 
113 162 
113 166 
113 347 
113 375 
113 406 
113 453 
113 460 
113 481 
115 126 
115 140 
115 181 
115 256 
115 272 
115 401 
115 416 
115 438 
116 117 
116 164 
116 195 
116 247 
116 258 
116 311 
116 368 
116 372 
116 397 
116 473 
117 155 
117 277 
117 336 
118 268 
119 121 
119 365 
120 163 
120 274 
120 320 
120 402 
120 450 
120 452 
121 223 
122 174 
122 180 
122 195 
122 388 
122 399 
122 440 
122 445 
124 192 
124 204 
124 206 
124 287 
124 419 
124 448 
125 165 
125 199 
125 201 
125 262 
125 321 
125 459 
125 498 
126 177 
126 246 
126 289 
126 301 
126 312 
126 371 
126 427 
127 361 
128 137 
128 185 
128 196 
128 207 
128 257 
128 458 
129 140 
129 232 
129 253 
129 355 
130 141 
130 164 
130 198 
130 279 
130 288 
130 338 
130 341 
130 376 
130 409 
131 146 
131 160 
131 443 
133 290 
134 226 
135 342 
136 187 
136 314 
136 402 
136 405 
137 139 
137 154 
137 173 
137 207 
137 248 
137 287 
137 359 
137 427 
138 155 
138 157 
138 195 
138 454 
139 266 
139 349 
139 387 
140 166 
141 219 
141 277 
141 343 
141 388 
141 418 
142 197 
142 251 
142 273 
142 392 
142 404 
142 431 
143 319 
144 324 
144 424 
145 170 
145 175 
145 234 
145 383 
146 203 
147 149 
147 163 
148 194 
148 413 
149 269 
149 499 
150 203 
150 213 
150 233 
150 275 
150 401 
150 421 
150 453 
150 497 
151 165 
151 403 
151 439 
152 371 
152 374 
152 428 
153 210 
153 348 
153 351 
153 490 
154 182 
154 218 
154 396 
155 191 
155 209 
155 317 
155 328 
155 473 
155 488 
156 179 
156 187 
156 462 
157 164 
157 206 
157 267 
157 278 
157 306 
157 456 
157 481 
158 196 
158 256 
158 285 
158 484 
159 210 
159 217 
159 366 
159 376 
159 425 
159 433 
159 491 
160 165 
160 172 
160 174 
160 284 
160 334 
160 450 
161 283 
162 285 
162 381 
162 474 
163 241 
163 255 
163 261 
163 299 
163 485 
164 248 
165 265 
165 272 
165 332 
165 346 
165 360 
165 486 
165 487 
166 168 
168 298 
170 198 
170 217 
170 464 
171 310 
171 349 
171 458 
172 260 
172 469 
173 222 
173 267 
174 396 
175 334 
177 273 
177 282 
177 325 
177 401 
177 441 
178 457 
179 189 
179 486 
180 318 
181 212 
181 228 
181 266 
181 336 
181 337 
181 350 
181 424 
181 468 
182 185 
182 290 
182 323 
182 384 
183 257 
183 280 
183 462 
183 497 
184 224 
184 225 
184 365 
185 245 
185 269 
185 310 
185 325 
185 409 
185 410 
185 429 
187 252 
189 222 
189 235 
189 250 
189 269 
189 323 
189 339 
189 388 
190 202 
190 216 
190 278 
191 392 
192 323 
192 369 
193 222 
193 330 
194 327 
194 341 
195 255 
195 328 
195 489 
196 294 
196 340 
196 485 
197 316 
197 326 
198 348 
199 208 
201 217 
201 275 
201 312 
202 302 
203 224 
203 369 
204 462 
204 480 
205 401 
206 309 
206 338 
207 279 
207 470 
208 214 
208 293 
208 305 
208 361 
208 372 
208 387 
212 482 
213 326 
213 444 
214 261 
214 322 
214 372 
214 496 
215 394 
215 459 
216 291 
216 496 
217 270 
217 413 
218 304 
218 370 
218 399 
218 433 
218 451 
219 265 
221 270 
221 302 
221 304 
221 461 
222 256 
223 302 
224 380 
225 271 
225 365 
226 345 
227 300 
227 327 
227 378 
227 389 
228 293 
228 308 
228 424 
228 437 
228 443 
229 396 
229 493 
230 289 
230 292 
230 307 
230 339 
230 465 
231 267 
231 284 
231 299 
231 444 
232 252 
232 293 
232 331 
232 438 
232 491 
233 245 
233 437 
234 302 
234 332 
234 443 
235 363 
236 239 
236 240 
236 295 
236 313 
236 446 
237 356 
238 479 
239 332 
239 360 
239 432 
240 279 
241 254 
241 283 
241 344 
241 393 
241 488 
242 251 
242 274 
242 398 
243 287 
243 344 
243 421 
243 422 
243 430 
246 377 
247 254 
247 430 
248 435 
249 328 
249 339 
249 380 
249 404 
251 271 
251 295 
251 386 
251 436 
251 489 
252 328 
252 419 
252 423 
253 260 
253 266 
253 350 
254 277 
254 463 
254 477 
255 332 
256 257 
256 374 
256 411 
257 280 
257 447 
257 478 
258 274 
258 285 
258 346 
258 405 
258 466 
258 474 
259 324 
259 379 
259 453 
260 263 
261 495 
262 343 
263 273 
264 297 
264 412 
264 475 
265 282 
265 377 
266 276 
266 299 
266 358 
267 289 
267 292 
267 375 
267 463 
268 411 
268 456 
269 337 
270 329 
270 344 
270 352 
271 333 
271 428 
272 337 
272 355 
272 400 
273 355 
273 402 
273 403 
274 336 
275 414 
276 313 
276 363 
276 477 
277 325 
278 450 
279 394 
285 385 
287 408 
291 438 
294 415 
297 312 
299 484 
300 395 
300 483 
301 434 
303 326 
303 385 
305 367 
305 480 
308 327 
310 373 
310 425 
311 365 
312 339 
313 354 
316 346 
316 474 
317 430 
317 446 
318 467 
319 429 
322 477 
322 479 
323 341 
323 353 
323 472 
326 352 
326 370 
328 380 
330 390 
330 421 
331 379 
331 447 
332 413 
332 435 
335 440 
336 387 
336 443 
337 352 
338 458 
339 405 
341 351 
345 369 
346 350 
346 367 
347 458 
349 386 
350 355 
350 463 
352 381 
352 398 
353 454 
354 384 
361 374 
361 439 
361 492 
361 498 
362 450 
364 391 
366 497 
368 494 
369 370 
369 375 
369 483 
371 476 
373 481 
375 495 
378 416 
378 422 
386 412 
387 388 
387 407 
387 470 
388 449 
391 407 
391 456 
392 398 
393 465 
396 429 
397 434 
398 462 
399 408 
400 437 
402 489 
403 418 
406 464 
408 420 
408 492 
409 430 
409 476 
410 460 
418 474 
421 442 
428 493 
430 466 
430 492 
431 432 
431 449 
435 477 
447 499 
451 470 
454 487 
455 499 
457 489 
464 494 
466 486 
