false
false
500
1988
0 1 
0 3 
0 4 
0 5 
0 6 
0 8 
0 9 
0 15 
0 19 
0 20 
0 22 
0 23 
0 27 
0 29 
0 35 
0 42 
0 47 
0 49 
0 61 
0 85 
0 90 
0 91 
0 96 
0 100 
0 103 
0 108 
0 124 
0 126 
0 127 
0 132 
0 133 
0 161 
0 162 
0 182 
0 184 
0 205 
0 245 
0 246 
0 261 
0 284 
0 289 
0 320 
0 338 
0 357 
0 364 
0 365 
0 366 
0 368 
0 398 
0 399 
0 414 
0 456 
0 464 
0 465 
0 498 
1 2 
1 4 
1 6 
1 7 
1 9 
1 10 
1 14 
1 17 
1 20 
1 21 
1 22 
1 27 
1 34 
1 35 
1 39 
1 41 
1 45 
1 52 
1 53 
1 63 
1 66 
1 76 
1 84 
1 89 
1 90 
1 94 
1 113 
1 119 
1 153 
1 162 
1 178 
1 196 
1 252 
1 263 
1 274 
1 299 
1 317 
1 325 
1 333 
1 344 
1 363 
1 370 
1 402 
1 418 
1 435 
1 445 
1 460 
1 470 
2 3 
2 4 
2 5 
2 11 
2 24 
2 48 
2 74 
2 102 
2 139 
2 368 
2 475 
3 4 
3 5 
3 6 
3 7 
3 8 
3 10 
3 26 
3 30 
3 31 
3 32 
3 33 
3 35 
3 45 
3 46 
3 54 
3 67 
3 106 
3 118 
3 134 
3 143 
3 144 
3 174 
3 197 
3 267 
3 278 
3 400 
3 423 
3 427 
3 443 
3 483 
3 484 
3 490 
3 496 
4 5 
4 7 
4 8 
4 12 
4 13 
4 21 
4 27 
4 28 
4 29 
4 30 
4 36 
4 40 
4 44 
4 48 
4 59 
4 61 
4 66 
4 87 
4 88 
4 94 
4 97 
4 99 
4 142 
4 155 
4 166 
4 181 
4 210 
4 217 
4 243 
4 256 
4 278 
4 291 
4 377 
4 389 
4 391 
4 419 
4 425 
4 433 
4 458 
4 467 
4 471 
4 472 
4 477 
5 6 
5 7 
5 8 
5 9 
5 10 
5 12 
5 13 
5 14 
5 15 
5 21 
5 24 
5 25 
5 26 
5 28 
5 31 
5 33 
5 34 
5 37 
5 43 
5 47 
5 53 
5 57 
5 106 
5 110 
5 138 
5 142 
5 169 
5 193 
5 229 
5 239 
5 240 
5 243 
5 253 
5 254 
5 260 
5 270 
5 274 
5 294 
5 298 
5 315 
5 320 
5 326 
5 343 
5 359 
5 362 
5 386 
5 401 
5 404 
5 428 
5 433 
5 457 
5 478 
6 13 
6 17 
6 18 
6 21 
6 41 
6 43 
6 45 
6 46 
6 68 
6 70 
6 71 
6 85 
6 87 
6 110 
6 133 
6 170 
6 175 
6 189 
6 291 
6 312 
6 336 
6 342 
6 351 
6 362 
6 372 
6 392 
6 397 
6 406 
6 486 
7 11 
7 12 
7 16 
7 19 
7 56 
7 65 
7 82 
7 86 
7 97 
7 115 
7 131 
7 132 
7 133 
7 137 
7 145 
7 149 
7 151 
7 155 
7 163 
7 173 
7 178 
7 183 
7 238 
7 244 
7 246 
7 272 
7 308 
7 323 
7 339 
7 344 
7 348 
7 350 
7 354 
7 387 
7 401 
7 451 
7 483 
7 494 
8 9 
8 10 
8 18 
8 26 
8 48 
8 52 
8 59 
8 64 
8 65 
8 69 
8 72 
8 88 
8 101 
8 111 
8 139 
8 152 
8 155 
8 158 
8 159 
8 166 
8 167 
8 173 
8 195 
8 198 
8 215 
8 216 
8 231 
8 251 
8 263 
8 265 
8 287 
8 288 
8 293 
8 312 
8 315 
8 331 
8 333 
8 339 
8 379 
8 403 
8 431 
8 440 
8 459 
8 472 
9 11 
9 13 
9 14 
9 15 
9 16 
9 20 
9 22 
9 23 
9 24 
9 25 
9 26 
9 28 
9 29 
9 31 
9 33 
9 48 
9 51 
9 53 
9 55 
9 56 
9 57 
9 62 
9 64 
9 74 
9 75 
9 79 
9 93 
9 97 
9 106 
9 107 
9 109 
9 122 
9 125 
9 128 
9 132 
9 135 
9 143 
9 146 
9 155 
9 166 
9 177 
9 185 
9 189 
9 192 
9 202 
9 232 
9 238 
9 264 
9 286 
9 306 
9 314 
9 319 
9 343 
9 352 
9 370 
9 372 
9 373 
9 379 
9 390 
9 396 
9 397 
9 413 
9 431 
9 462 
9 485 
9 489 
10 11 
10 12 
10 18 
10 19 
10 24 
10 25 
10 28 
10 32 
10 37 
10 40 
10 51 
10 52 
10 53 
10 60 
10 84 
10 85 
10 95 
10 104 
10 112 
10 114 
10 135 
10 136 
10 143 
10 147 
10 156 
10 164 
10 169 
10 171 
10 187 
10 200 
10 207 
10 219 
10 230 
10 233 
10 234 
10 237 
10 245 
10 283 
10 292 
10 305 
10 313 
10 336 
10 347 
10 388 
10 398 
10 439 
10 455 
10 465 
10 491 
11 15 
11 16 
11 17 
11 19 
11 31 
11 34 
11 36 
11 57 
11 58 
11 79 
11 93 
11 100 
11 102 
11 149 
11 160 
11 186 
11 195 
11 207 
11 214 
11 236 
11 288 
11 317 
11 323 
11 388 
11 414 
11 417 
11 450 
11 459 
12 27 
12 56 
12 80 
12 82 
12 136 
12 250 
12 255 
13 14 
13 16 
13 32 
13 42 
13 47 
13 49 
13 81 
13 92 
13 98 
13 126 
13 134 
13 143 
13 180 
13 203 
13 241 
13 292 
13 345 
13 348 
13 350 
13 367 
13 437 
14 22 
14 30 
14 38 
14 39 
14 68 
14 71 
14 140 
14 142 
14 158 
14 256 
14 303 
14 325 
14 358 
14 389 
14 414 
15 17 
15 18 
15 37 
15 40 
15 44 
15 67 
15 70 
15 83 
15 106 
15 115 
15 120 
15 140 
15 158 
15 164 
15 197 
15 201 
15 215 
15 216 
15 217 
15 250 
15 310 
15 354 
15 358 
15 369 
15 385 
15 406 
15 430 
16 40 
16 81 
16 116 
16 147 
16 197 
16 200 
16 211 
16 254 
16 267 
16 283 
16 298 
16 341 
16 360 
16 365 
16 366 
16 497 
17 23 
17 29 
17 30 
17 33 
17 36 
17 38 
17 49 
17 50 
17 63 
17 93 
17 102 
17 105 
17 110 
17 127 
17 142 
17 204 
17 227 
17 232 
17 236 
17 242 
17 264 
17 338 
17 383 
17 429 
17 484 
18 59 
18 100 
18 125 
18 137 
18 138 
18 144 
18 161 
18 381 
18 405 
18 489 
19 20 
19 71 
19 89 
19 105 
19 123 
19 160 
19 221 
19 240 
19 261 
19 312 
19 331 
19 349 
19 378 
19 458 
20 38 
20 62 
20 72 
20 77 
20 86 
20 95 
20 113 
20 199 
20 313 
20 321 
20 326 
20 420 
20 475 
20 480 
21 45 
21 73 
21 77 
21 89 
21 165 
21 280 
21 287 
21 291 
21 369 
21 435 
22 23 
22 36 
22 49 
22 55 
22 112 
22 206 
22 227 
22 301 
22 364 
22 452 
22 476 
22 486 
23 32 
23 64 
23 71 
23 95 
23 144 
23 171 
23 186 
23 198 
23 231 
23 282 
23 347 
23 360 
23 384 
23 395 
23 432 
24 25 
24 34 
24 61 
24 98 
24 154 
24 258 
24 279 
24 329 
24 480 
25 43 
25 54 
25 58 
25 69 
25 137 
25 148 
25 150 
25 167 
25 170 
25 171 
25 190 
25 198 
25 229 
25 245 
25 260 
25 302 
25 319 
25 358 
25 376 
25 427 
25 474 
25 481 
26 44 
26 77 
26 87 
26 195 
26 209 
26 306 
26 428 
27 42 
27 50 
27 75 
27 77 
27 101 
27 113 
27 128 
27 220 
27 226 
27 385 
27 396 
27 407 
27 428 
27 431 
27 477 
28 35 
28 46 
28 51 
28 73 
28 121 
28 151 
28 273 
28 320 
28 440 
28 441 
29 62 
29 169 
29 179 
29 190 
29 252 
29 444 
30 41 
30 52 
30 55 
30 58 
30 80 
30 135 
30 161 
30 168 
30 213 
30 254 
30 297 
30 359 
30 446 
31 39 
31 67 
31 72 
31 73 
31 78 
31 120 
31 151 
31 167 
31 176 
31 188 
31 277 
31 285 
31 290 
31 298 
31 376 
31 393 
31 438 
32 37 
32 79 
32 107 
32 116 
32 248 
33 47 
33 56 
33 60 
33 90 
33 101 
33 104 
33 116 
33 364 
34 38 
34 41 
34 58 
34 60 
34 117 
34 120 
34 149 
34 168 
34 183 
34 191 
34 285 
34 301 
34 363 
34 364 
34 384 
34 400 
34 449 
34 475 
34 488 
35 82 
35 112 
35 118 
35 157 
35 236 
35 250 
35 276 
35 333 
35 496 
36 42 
36 87 
36 94 
36 102 
36 129 
36 178 
36 181 
36 277 
36 437 
36 472 
37 60 
37 73 
37 76 
37 79 
37 85 
37 99 
37 108 
37 114 
37 130 
37 147 
37 148 
37 179 
37 192 
37 210 
37 227 
37 268 
37 272 
37 279 
37 289 
37 295 
37 321 
37 331 
37 332 
37 395 
37 441 
37 444 
38 39 
38 63 
38 76 
38 84 
38 92 
38 104 
38 146 
38 154 
38 165 
38 220 
38 249 
38 250 
38 252 
38 327 
38 399 
38 463 
38 492 
39 55 
39 62 
39 75 
39 146 
39 157 
39 187 
39 281 
40 43 
40 44 
40 61 
40 65 
40 80 
40 130 
40 141 
40 166 
40 248 
40 262 
40 347 
40 403 
40 480 
41 51 
41 54 
41 64 
41 88 
41 93 
41 101 
41 117 
41 131 
41 145 
41 156 
41 173 
41 182 
41 198 
41 209 
41 218 
41 226 
41 237 
41 246 
41 248 
41 318 
41 330 
41 334 
41 351 
41 358 
41 402 
41 420 
41 424 
41 442 
41 452 
41 462 
41 476 
42 46 
42 66 
42 67 
42 96 
42 103 
42 124 
42 235 
42 249 
42 289 
42 332 
42 334 
42 374 
42 401 
42 432 
42 478 
43 57 
43 66 
43 119 
43 136 
43 148 
43 149 
43 168 
43 206 
43 247 
43 275 
43 324 
43 371 
43 372 
43 385 
43 386 
43 408 
43 411 
43 413 
43 488 
44 50 
44 74 
44 108 
44 249 
44 305 
44 362 
45 59 
45 204 
45 220 
45 435 
46 83 
46 117 
46 123 
46 163 
46 214 
46 219 
46 237 
46 382 
47 80 
47 98 
47 99 
47 111 
47 121 
47 132 
47 222 
47 232 
47 259 
47 280 
47 309 
47 341 
47 381 
47 405 
47 412 
47 416 
47 479 
48 50 
48 78 
48 120 
48 153 
48 187 
48 277 
48 365 
48 379 
48 418 
48 448 
49 92 
49 126 
49 181 
49 223 
49 330 
49 486 
50 96 
50 141 
50 228 
50 455 
51 54 
51 68 
51 69 
51 75 
51 109 
51 186 
51 208 
51 240 
51 282 
51 363 
51 470 
51 490 
52 117 
52 157 
52 174 
52 413 
52 457 
52 494 
53 84 
53 95 
53 115 
53 118 
53 134 
53 156 
53 164 
53 199 
53 225 
53 241 
53 304 
53 330 
53 346 
53 386 
53 438 
53 440 
53 492 
54 107 
54 137 
54 305 
54 378 
54 401 
54 464 
54 469 
55 68 
55 109 
55 118 
55 122 
55 170 
55 216 
55 219 
55 228 
55 273 
55 286 
55 371 
55 377 
55 418 
56 140 
56 221 
56 299 
56 374 
56 495 
57 89 
57 92 
57 160 
57 301 
57 367 
58 70 
58 81 
58 83 
58 91 
58 103 
58 187 
58 290 
58 300 
58 377 
58 390 
58 431 
59 65 
59 124 
59 185 
59 203 
59 340 
59 493 
60 63 
60 78 
60 176 
60 209 
60 259 
60 451 
60 453 
61 107 
61 177 
61 193 
61 233 
61 352 
61 429 
61 471 
62 69 
62 70 
62 74 
62 86 
62 90 
62 110 
62 129 
62 130 
62 131 
62 146 
62 152 
62 153 
62 192 
62 211 
62 218 
62 231 
62 270 
62 295 
62 303 
62 307 
62 374 
62 438 
62 456 
63 94 
63 180 
63 208 
63 255 
63 309 
63 471 
64 78 
64 83 
64 112 
64 114 
64 153 
64 169 
64 174 
64 223 
64 235 
64 274 
64 289 
64 304 
64 423 
65 122 
66 96 
66 105 
66 252 
66 296 
66 423 
66 498 
67 91 
67 103 
67 129 
67 215 
67 256 
67 393 
67 442 
67 499 
68 91 
68 123 
68 163 
68 217 
68 268 
68 297 
68 310 
68 324 
68 355 
68 453 
69 72 
69 124 
69 171 
69 210 
69 226 
69 229 
69 254 
69 257 
69 266 
69 293 
69 361 
69 398 
70 81 
70 88 
70 100 
70 184 
70 210 
70 269 
70 328 
71 191 
71 212 
71 218 
71 247 
71 317 
72 373 
72 487 
73 276 
74 76 
74 82 
74 201 
74 203 
74 284 
74 418 
75 208 
75 212 
75 281 
75 385 
75 392 
76 113 
76 188 
76 244 
76 272 
76 375 
77 172 
77 233 
77 310 
77 493 
78 86 
78 126 
78 243 
78 331 
78 332 
78 446 
78 451 
78 487 
79 131 
79 246 
79 253 
79 278 
79 312 
79 325 
80 311 
80 342 
80 434 
80 478 
81 135 
81 180 
81 211 
81 261 
82 111 
82 163 
82 201 
83 104 
83 115 
83 125 
83 136 
83 159 
83 274 
83 328 
83 408 
83 495 
84 178 
85 177 
85 197 
85 221 
86 322 
86 374 
86 380 
87 121 
87 213 
87 259 
87 468 
87 487 
88 234 
88 378 
89 199 
89 270 
89 282 
89 336 
89 357 
90 105 
90 128 
90 134 
90 172 
90 190 
90 257 
90 299 
90 491 
91 97 
91 154 
91 159 
91 165 
91 222 
91 225 
91 259 
91 300 
91 307 
91 468 
92 127 
92 138 
92 139 
92 170 
92 189 
92 190 
92 193 
92 204 
92 302 
93 99 
93 108 
93 111 
93 224 
93 434 
93 465 
93 468 
94 200 
94 225 
94 269 
94 346 
94 399 
94 419 
94 482 
95 119 
95 188 
95 359 
95 476 
96 119 
96 150 
96 217 
96 223 
96 277 
96 383 
96 420 
96 436 
96 463 
97 98 
97 109 
97 215 
97 266 
97 294 
97 356 
97 387 
98 123 
98 241 
98 265 
98 329 
98 338 
98 382 
98 454 
98 477 
99 202 
100 133 
100 209 
100 228 
100 257 
100 284 
100 335 
100 346 
100 437 
100 448 
101 116 
101 156 
101 185 
101 207 
101 253 
101 314 
101 368 
101 439 
102 121 
102 189 
102 262 
102 282 
102 288 
102 321 
102 367 
103 114 
103 185 
103 205 
103 214 
103 239 
103 248 
103 260 
103 327 
103 407 
103 445 
105 172 
105 193 
105 346 
106 125 
106 165 
106 182 
106 263 
106 339 
106 429 
106 485 
106 488 
107 174 
107 183 
107 191 
107 261 
107 308 
107 315 
107 448 
108 122 
108 157 
108 182 
108 290 
108 449 
109 238 
109 267 
110 177 
110 258 
111 406 
112 218 
112 389 
112 425 
112 441 
113 138 
113 140 
113 205 
113 242 
113 300 
113 353 
113 365 
113 433 
113 473 
114 224 
114 249 
114 392 
114 484 
115 162 
115 205 
116 147 
116 195 
116 202 
116 292 
116 412 
116 442 
116 451 
117 333 
117 352 
117 412 
118 141 
118 260 
119 128 
119 139 
119 216 
119 226 
119 445 
119 456 
119 473 
120 158 
120 192 
120 200 
120 222 
120 340 
120 432 
120 434 
120 490 
121 208 
121 477 
122 237 
122 324 
122 388 
123 235 
124 129 
124 468 
124 495 
124 497 
125 127 
125 160 
125 263 
125 272 
125 369 
125 441 
126 130 
126 211 
126 286 
126 409 
126 442 
127 150 
127 175 
127 212 
127 224 
127 230 
127 247 
127 360 
127 389 
127 426 
127 454 
127 485 
127 494 
128 168 
128 232 
128 280 
128 414 
128 416 
128 459 
129 239 
129 425 
130 239 
130 242 
130 281 
130 328 
130 345 
130 373 
130 482 
131 400 
131 424 
132 186 
132 227 
132 271 
132 276 
132 290 
132 293 
132 311 
132 345 
132 376 
132 379 
132 393 
132 395 
132 424 
132 449 
133 145 
133 173 
133 179 
133 309 
133 313 
133 350 
133 410 
133 422 
133 426 
134 162 
134 310 
134 325 
134 397 
135 150 
135 161 
135 172 
135 176 
135 203 
135 279 
135 307 
135 321 
135 360 
136 304 
136 392 
136 444 
137 164 
137 207 
137 258 
137 318 
137 338 
137 356 
138 144 
138 148 
138 176 
138 213 
138 265 
138 266 
138 410 
138 416 
138 437 
138 453 
138 490 
138 494 
139 145 
139 151 
139 223 
139 251 
139 344 
139 372 
139 404 
139 408 
139 409 
140 141 
140 196 
140 447 
141 194 
141 342 
142 152 
142 201 
142 243 
142 343 
142 463 
143 181 
143 206 
144 212 
145 273 
146 159 
146 175 
146 241 
147 152 
147 213 
147 275 
147 300 
147 417 
147 430 
147 446 
147 495 
148 184 
148 316 
148 421 
148 448 
148 457 
148 466 
149 154 
149 167 
149 183 
149 184 
149 191 
149 380 
149 444 
149 455 
150 204 
150 230 
150 267 
150 323 
150 349 
150 455 
150 482 
151 196 
151 313 
151 324 
151 340 
151 353 
152 461 
153 196 
153 219 
153 229 
153 340 
153 368 
153 411 
153 497 
154 440 
155 234 
155 443 
155 496 
156 478 
157 220 
157 285 
157 288 
157 384 
158 175 
158 188 
158 421 
158 483 
159 391 
159 415 
159 436 
160 294 
160 480 
161 280 
161 287 
161 291 
161 304 
161 337 
161 373 
161 424 
163 214 
163 319 
163 366 
163 474 
164 199 
164 319 
164 403 
165 366 
165 454 
167 194 
167 371 
168 262 
168 396 
168 493 
169 179 
169 399 
170 255 
170 306 
170 327 
170 454 
171 269 
171 393 
172 180 
172 326 
173 244 
173 309 
173 367 
173 400 
173 475 
174 422 
175 230 
175 257 
176 270 
176 281 
176 434 
176 489 
177 221 
177 394 
178 194 
178 345 
178 378 
178 408 
180 279 
180 285 
180 499 
181 194 
181 225 
181 240 
181 253 
181 488 
182 443 
183 410 
184 305 
184 395 
184 410 
185 222 
185 322 
186 326 
186 355 
186 406 
186 421 
187 206 
187 242 
187 251 
187 307 
187 311 
187 470 
188 202 
188 228 
188 294 
188 351 
188 487 
189 245 
189 251 
189 297 
189 332 
189 347 
189 412 
189 439 
189 469 
191 262 
191 463 
192 236 
192 314 
192 359 
192 396 
193 276 
193 417 
194 273 
194 334 
194 447 
195 224 
195 256 
195 330 
195 407 
196 427 
197 238 
197 278 
198 433 
198 474 
199 271 
199 354 
199 375 
199 403 
199 436 
201 303 
201 308 
201 405 
201 485 
203 293 
203 390 
203 447 
205 233 
206 287 
206 315 
207 452 
207 498 
208 353 
210 311 
211 235 
211 266 
211 296 
211 303 
211 491 
212 231 
212 271 
212 292 
212 295 
212 363 
212 381 
212 382 
213 264 
213 269 
214 361 
214 473 
215 255 
215 308 
215 479 
217 244 
217 337 
218 339 
219 328 
221 471 
222 416 
222 421 
223 234 
223 296 
223 302 
223 467 
223 470 
224 429 
224 499 
225 349 
226 265 
226 375 
226 387 
226 435 
227 247 
227 357 
227 447 
227 461 
230 402 
231 361 
233 388 
233 390 
233 404 
234 335 
234 411 
234 446 
234 464 
234 489 
235 302 
235 458 
236 322 
236 404 
238 258 
238 415 
238 438 
238 443 
239 355 
239 356 
242 286 
243 397 
244 317 
244 377 
244 409 
246 268 
247 275 
247 295 
247 344 
248 268 
248 461 
250 264 
250 354 
252 298 
252 386 
252 413 
252 486 
253 275 
253 460 
254 283 
254 341 
255 284 
255 299 
255 428 
256 352 
256 420 
256 484 
257 296 
258 283 
258 336 
258 353 
259 329 
261 391 
261 436 
262 362 
262 462 
264 301 
266 355 
266 415 
267 467 
268 271 
268 432 
270 425 
272 316 
272 335 
272 348 
272 350 
272 453 
273 381 
275 370 
278 450 
279 329 
281 459 
282 426 
282 464 
284 409 
285 369 
286 361 
288 314 
288 482 
290 306 
290 474 
293 297 
294 445 
295 318 
295 323 
297 316 
297 337 
297 383 
297 496 
297 498 
300 316 
300 383 
300 427 
301 318 
301 430 
302 320 
302 334 
302 402 
302 492 
304 357 
304 380 
305 322 
305 337 
307 348 
308 452 
310 461 
311 472 
313 341 
315 391 
317 327 
317 384 
317 460 
319 422 
321 462 
325 335 
325 479 
326 423 
329 342 
330 349 
330 370 
330 450 
331 351 
334 394 
335 356 
335 457 
336 394 
336 466 
338 481 
340 376 
340 473 
340 481 
342 343 
342 387 
344 491 
346 466 
347 430 
348 439 
349 460 
351 371 
351 411 
365 382 
366 394 
367 380 
367 422 
367 465 
367 466 
368 375 
368 405 
368 419 
369 407 
372 398 
380 415 
381 419 
382 449 
388 426 
392 476 
402 417 
404 497 
405 469 
415 481 
419 458 
421 493 
427 492 
440 456 
445 467 
447 450 
453 479 
459 469 
480 483 
482 499 
