false
false
500
1988
0 1 
0 3 
0 4 
0 5 
0 7 
0 8 
0 10 
0 12 
0 13 
0 19 
0 22 
0 23 
0 25 
0 46 
0 60 
0 61 
0 69 
0 71 
0 76 
0 79 
0 101 
0 111 
0 130 
0 139 
0 160 
0 170 
0 178 
0 213 
0 222 
0 224 
0 225 
0 247 
0 248 
0 281 
0 282 
0 291 
0 295 
0 298 
0 317 
0 319 
0 329 
0 340 
0 347 
0 352 
0 355 
0 358 
0 364 
0 380 
0 400 
0 435 
0 471 
0 475 
1 2 
1 4 
1 5 
1 6 
1 9 
1 10 
1 13 
1 17 
1 19 
1 21 
1 30 
1 33 
1 51 
1 58 
1 62 
1 75 
1 92 
1 108 
1 112 
1 116 
1 117 
1 125 
1 142 
1 146 
1 152 
1 157 
1 189 
1 193 
1 195 
1 222 
1 223 
1 239 
1 299 
1 302 
1 334 
1 351 
1 352 
1 374 
1 379 
1 398 
1 407 
1 409 
1 413 
1 494 
2 3 
2 4 
2 5 
2 6 
2 7 
2 8 
2 9 
2 13 
2 21 
2 24 
2 27 
2 31 
2 33 
2 36 
2 38 
2 49 
2 60 
2 61 
2 66 
2 72 
2 73 
2 81 
2 84 
2 85 
2 96 
2 97 
2 109 
2 113 
2 124 
2 128 
2 143 
2 155 
2 163 
2 166 
2 168 
2 199 
2 214 
2 240 
2 262 
2 267 
2 273 
2 307 
2 330 
2 331 
2 338 
2 383 
2 397 
2 428 
2 438 
2 452 
2 456 
2 457 
2 486 
3 4 
3 7 
3 11 
3 12 
3 14 
3 16 
3 20 
3 26 
3 65 
3 68 
3 80 
3 102 
3 140 
3 147 
3 154 
3 165 
3 181 
3 193 
3 216 
3 225 
3 226 
3 230 
3 288 
3 297 
3 323 
3 349 
3 378 
3 389 
3 393 
3 399 
4 5 
4 6 
4 8 
4 11 
4 12 
4 14 
4 15 
4 16 
4 17 
4 23 
4 34 
4 41 
4 43 
4 44 
4 47 
4 50 
4 56 
4 57 
4 59 
4 63 
4 68 
4 72 
4 82 
4 83 
4 94 
4 103 
4 111 
4 115 
4 126 
4 130 
4 131 
4 142 
4 159 
4 174 
4 186 
4 192 
4 204 
4 206 
4 210 
4 232 
4 244 
4 249 
4 257 
4 263 
4 266 
4 268 
4 277 
4 286 
4 291 
4 293 
4 297 
4 324 
4 345 
4 353 
4 371 
4 375 
4 392 
4 395 
4 401 
4 444 
5 6 
5 7 
5 8 
5 9 
5 10 
5 11 
5 15 
5 26 
5 29 
5 33 
5 37 
5 46 
5 48 
5 49 
5 51 
5 54 
5 56 
5 62 
5 72 
5 73 
5 75 
5 78 
5 88 
5 99 
5 110 
5 113 
5 119 
5 120 
5 124 
5 138 
5 139 
5 144 
5 146 
5 155 
5 162 
5 167 
5 175 
5 177 
5 179 
5 184 
5 188 
5 209 
5 228 
5 235 
5 236 
5 237 
5 258 
5 273 
5 275 
5 297 
5 305 
5 306 
5 310 
5 342 
5 345 
5 361 
5 370 
5 400 
5 411 
5 412 
5 414 
5 421 
5 434 
5 438 
5 441 
5 447 
5 460 
5 466 
5 487 
6 9 
6 11 
6 17 
6 19 
6 33 
6 41 
6 45 
6 49 
6 51 
6 86 
6 121 
6 129 
6 131 
6 155 
6 164 
6 172 
6 187 
6 202 
6 206 
6 220 
6 299 
6 301 
6 355 
6 371 
6 378 
6 423 
6 457 
7 10 
7 15 
7 16 
7 18 
7 23 
7 31 
7 32 
7 35 
7 67 
7 90 
7 98 
7 123 
7 126 
7 127 
7 133 
7 135 
7 161 
7 216 
7 240 
7 245 
7 262 
7 325 
7 346 
7 348 
7 359 
7 362 
7 363 
7 377 
7 385 
7 394 
7 415 
7 447 
7 472 
8 19 
8 20 
8 21 
8 26 
8 29 
8 45 
8 60 
8 64 
8 71 
8 105 
8 107 
8 130 
8 141 
8 215 
8 217 
8 264 
8 314 
8 332 
8 346 
8 360 
8 394 
8 460 
9 14 
9 25 
9 38 
9 40 
9 65 
9 89 
9 156 
9 230 
9 231 
9 253 
9 363 
9 381 
9 398 
9 405 
9 433 
9 442 
9 493 
9 495 
10 32 
10 36 
10 70 
10 122 
10 123 
10 201 
10 249 
10 331 
10 333 
10 416 
10 418 
10 419 
10 422 
11 12 
11 13 
11 14 
11 17 
11 18 
11 29 
11 30 
11 35 
11 40 
11 41 
11 47 
11 55 
11 87 
11 99 
11 101 
11 108 
11 128 
11 132 
11 148 
11 149 
11 153 
11 167 
11 172 
11 198 
11 211 
11 212 
11 215 
11 246 
11 247 
11 254 
11 276 
11 301 
11 311 
11 337 
11 350 
11 367 
11 375 
11 388 
11 395 
11 420 
11 424 
11 454 
11 463 
11 499 
12 15 
12 22 
12 28 
12 36 
12 40 
12 47 
12 54 
12 59 
12 80 
12 83 
12 84 
12 86 
12 87 
12 121 
12 134 
12 140 
12 144 
12 149 
12 150 
12 158 
12 164 
12 178 
12 180 
12 196 
12 200 
12 228 
12 240 
12 266 
12 292 
12 308 
12 316 
12 368 
12 373 
12 404 
12 417 
12 448 
12 466 
13 18 
13 21 
13 22 
13 81 
13 114 
13 126 
13 161 
13 171 
13 187 
13 188 
13 219 
13 223 
13 306 
13 311 
13 341 
13 348 
13 367 
13 409 
13 411 
13 439 
13 476 
13 479 
13 488 
14 18 
14 28 
14 29 
14 34 
14 39 
14 52 
14 57 
14 59 
14 62 
14 64 
14 69 
14 74 
14 76 
14 78 
14 86 
14 87 
14 99 
14 103 
14 108 
14 110 
14 119 
14 136 
14 137 
14 139 
14 143 
14 182 
14 185 
14 193 
14 205 
14 207 
14 234 
14 236 
14 244 
14 252 
14 260 
14 265 
14 272 
14 284 
14 288 
14 312 
14 323 
14 362 
14 369 
14 377 
14 382 
14 395 
14 396 
14 427 
14 446 
14 448 
14 467 
15 16 
15 35 
15 42 
15 68 
15 70 
15 100 
15 287 
15 399 
16 27 
16 31 
16 34 
16 49 
16 66 
16 71 
16 74 
16 81 
16 85 
16 89 
16 104 
16 105 
16 110 
16 135 
16 145 
16 173 
16 188 
16 194 
16 210 
16 247 
16 408 
16 490 
17 20 
17 24 
17 28 
17 37 
17 38 
17 48 
17 56 
17 63 
17 67 
17 74 
17 77 
17 101 
17 152 
17 160 
17 186 
17 200 
17 285 
17 307 
17 322 
17 329 
17 330 
17 346 
17 376 
17 383 
17 417 
17 418 
17 439 
17 445 
17 461 
17 488 
18 20 
18 184 
19 28 
19 31 
19 37 
19 38 
19 39 
19 45 
19 65 
19 69 
19 85 
19 90 
19 91 
19 129 
19 133 
19 161 
19 168 
19 206 
19 219 
19 243 
19 267 
19 305 
19 313 
19 341 
19 354 
19 377 
19 408 
19 413 
19 414 
19 465 
20 24 
20 42 
20 59 
20 89 
20 95 
20 123 
20 155 
20 179 
20 186 
20 194 
20 197 
20 221 
20 294 
20 304 
20 385 
20 442 
21 22 
21 23 
21 24 
21 25 
21 41 
21 51 
21 53 
21 63 
21 66 
21 67 
21 73 
21 74 
21 80 
21 90 
21 91 
21 93 
21 95 
21 99 
21 112 
21 127 
21 136 
21 141 
21 149 
21 185 
21 217 
21 259 
21 269 
21 273 
21 278 
21 280 
21 282 
21 293 
21 306 
21 345 
21 365 
21 419 
21 450 
21 490 
22 27 
22 39 
22 46 
22 52 
22 228 
22 230 
22 231 
22 250 
22 257 
22 260 
22 265 
22 303 
22 367 
22 483 
23 26 
23 46 
23 54 
23 56 
23 61 
23 78 
23 87 
23 88 
23 115 
23 120 
23 136 
23 162 
23 243 
23 264 
23 321 
23 335 
23 352 
23 423 
23 455 
23 497 
24 25 
24 37 
24 64 
24 86 
24 100 
24 114 
24 126 
24 146 
24 177 
24 192 
24 230 
24 262 
24 387 
24 488 
24 498 
25 27 
25 53 
25 58 
25 116 
25 165 
25 303 
26 30 
26 44 
26 70 
26 84 
26 127 
26 261 
26 274 
26 337 
26 458 
26 474 
27 45 
27 118 
27 132 
27 215 
27 255 
27 263 
27 283 
27 319 
27 385 
27 437 
27 459 
27 466 
27 479 
28 36 
28 95 
28 102 
28 111 
28 122 
28 147 
28 152 
28 157 
28 166 
28 183 
28 328 
28 364 
28 399 
28 498 
29 30 
29 35 
29 145 
29 146 
29 275 
29 283 
29 420 
29 441 
29 481 
30 32 
30 40 
30 50 
30 52 
30 60 
30 108 
30 118 
30 134 
30 140 
30 211 
30 216 
30 218 
30 224 
30 226 
30 243 
30 253 
30 264 
30 271 
30 272 
30 284 
30 285 
30 309 
30 330 
30 343 
30 361 
30 456 
30 466 
30 470 
30 483 
31 32 
31 42 
31 79 
31 93 
31 114 
31 184 
31 204 
31 215 
31 251 
31 295 
31 303 
31 359 
31 450 
31 470 
31 489 
32 43 
32 48 
32 82 
32 120 
32 142 
32 163 
32 222 
32 316 
32 357 
33 34 
33 43 
33 95 
33 120 
33 366 
33 460 
33 464 
34 39 
34 169 
34 180 
35 58 
35 62 
35 69 
35 133 
35 138 
35 176 
35 214 
35 296 
35 298 
35 334 
35 344 
35 403 
35 451 
35 467 
36 43 
36 44 
36 55 
36 58 
36 75 
36 81 
36 89 
36 98 
36 111 
36 117 
36 157 
36 162 
36 164 
36 196 
36 231 
36 250 
36 251 
36 252 
36 366 
36 374 
36 403 
36 404 
36 405 
36 491 
37 52 
37 91 
37 109 
37 129 
37 142 
37 164 
37 175 
37 212 
37 246 
37 352 
37 392 
37 491 
38 97 
38 107 
38 129 
38 135 
38 144 
38 154 
38 156 
38 184 
38 190 
38 210 
38 239 
38 245 
38 269 
38 365 
38 373 
38 484 
38 495 
39 64 
39 97 
39 110 
39 128 
39 159 
39 173 
39 175 
39 248 
39 327 
39 337 
39 366 
39 376 
39 474 
40 42 
40 44 
40 48 
40 53 
40 107 
40 134 
40 158 
40 181 
40 282 
40 336 
40 378 
40 452 
40 461 
40 475 
41 47 
41 54 
41 76 
41 92 
41 143 
41 169 
41 191 
41 201 
41 204 
41 205 
41 213 
41 258 
41 329 
41 383 
41 414 
41 440 
42 50 
42 88 
42 103 
42 113 
42 151 
42 182 
42 326 
42 344 
42 354 
42 412 
42 430 
42 444 
42 496 
43 73 
43 93 
43 94 
43 186 
43 231 
43 275 
43 359 
43 375 
43 408 
43 415 
44 53 
44 96 
44 107 
44 118 
44 150 
44 168 
44 209 
44 217 
44 228 
44 242 
44 268 
44 333 
44 339 
44 359 
44 371 
44 380 
44 413 
44 428 
44 429 
44 471 
45 82 
45 117 
45 123 
45 125 
45 130 
45 137 
45 145 
45 151 
45 202 
45 241 
45 264 
45 343 
45 357 
45 364 
45 472 
46 50 
46 55 
46 57 
46 70 
46 106 
46 115 
46 124 
46 125 
46 237 
46 307 
46 336 
46 380 
46 384 
46 396 
47 55 
47 68 
47 200 
47 241 
47 320 
47 452 
47 497 
48 196 
48 229 
48 286 
48 292 
48 369 
49 77 
49 80 
49 170 
49 456 
50 66 
50 82 
50 85 
50 92 
50 100 
50 135 
50 148 
50 159 
50 175 
50 198 
50 208 
50 224 
50 312 
50 318 
50 368 
50 443 
51 109 
51 131 
51 246 
51 254 
51 326 
52 112 
52 125 
52 295 
52 335 
52 350 
52 436 
52 453 
53 61 
53 153 
53 289 
53 377 
53 390 
53 492 
54 248 
54 341 
54 407 
54 410 
54 436 
54 487 
55 57 
55 244 
55 481 
56 180 
56 220 
56 325 
56 394 
57 204 
57 386 
57 490 
57 495 
58 72 
58 94 
58 151 
58 268 
58 269 
58 320 
58 417 
59 63 
59 91 
59 119 
59 122 
59 252 
59 274 
59 300 
59 311 
59 379 
59 400 
60 71 
60 84 
60 102 
60 229 
60 313 
60 323 
60 326 
60 361 
60 420 
60 431 
61 67 
61 77 
61 121 
61 258 
61 277 
62 77 
62 97 
62 222 
62 250 
62 263 
62 283 
62 344 
62 451 
63 65 
63 106 
63 118 
63 132 
63 173 
63 183 
63 220 
63 296 
63 331 
63 356 
63 423 
63 434 
65 79 
65 304 
65 473 
66 96 
66 147 
66 209 
66 211 
66 238 
66 251 
66 277 
66 339 
66 415 
66 426 
66 480 
66 486 
67 98 
67 101 
67 112 
67 116 
67 298 
67 411 
67 480 
67 482 
68 78 
68 88 
68 90 
68 140 
68 245 
68 379 
68 388 
68 391 
68 407 
69 76 
69 94 
69 105 
69 119 
69 124 
69 167 
69 185 
69 209 
69 227 
69 335 
69 369 
69 422 
70 96 
70 151 
70 223 
70 238 
70 372 
70 458 
71 173 
72 75 
72 191 
72 392 
72 396 
73 83 
73 115 
73 160 
73 191 
73 205 
73 256 
73 339 
73 374 
73 432 
74 103 
74 148 
74 226 
74 494 
75 100 
75 141 
75 150 
75 154 
75 172 
75 176 
75 233 
75 309 
75 356 
76 284 
77 79 
77 83 
77 93 
77 98 
77 127 
77 139 
77 152 
77 166 
77 178 
77 261 
77 288 
77 301 
77 327 
77 332 
77 380 
77 418 
77 480 
77 485 
78 132 
78 148 
78 163 
78 198 
78 202 
78 262 
78 362 
78 397 
78 468 
79 156 
79 214 
79 225 
79 255 
79 381 
80 149 
81 114 
81 254 
81 350 
81 432 
81 493 
82 102 
82 314 
82 429 
83 104 
83 113 
83 281 
84 354 
84 362 
84 386 
85 136 
85 156 
85 168 
85 208 
85 259 
85 325 
85 356 
86 106 
86 109 
86 195 
86 453 
87 92 
87 121 
87 190 
87 271 
87 289 
87 431 
87 464 
88 208 
88 278 
88 310 
89 145 
89 179 
89 183 
89 189 
89 213 
89 249 
89 342 
89 389 
89 424 
89 481 
90 206 
90 393 
90 436 
91 105 
91 190 
91 201 
91 234 
91 241 
91 260 
91 268 
91 350 
91 364 
91 499 
92 122 
92 431 
92 477 
93 153 
93 274 
94 128 
94 273 
94 290 
94 421 
95 104 
95 225 
96 368 
96 395 
96 444 
97 137 
97 446 
98 187 
98 400 
98 432 
99 116 
99 232 
99 297 
99 304 
99 334 
99 402 
99 482 
100 191 
100 356 
100 478 
100 486 
101 144 
101 174 
101 203 
101 279 
101 298 
101 419 
101 420 
102 104 
102 133 
102 158 
102 232 
102 278 
102 351 
102 381 
102 406 
103 134 
103 192 
103 197 
103 233 
103 345 
104 137 
104 159 
104 166 
104 197 
105 106 
105 265 
105 401 
107 171 
107 177 
107 195 
107 203 
107 227 
107 238 
107 287 
107 308 
107 313 
107 315 
107 353 
107 449 
108 464 
109 251 
109 416 
109 497 
110 147 
110 158 
110 181 
110 190 
110 221 
110 235 
110 457 
111 296 
111 409 
111 427 
112 141 
112 312 
112 348 
112 424 
112 488 
113 117 
113 169 
113 171 
113 174 
113 319 
113 384 
114 131 
114 188 
114 189 
114 194 
114 258 
114 382 
115 154 
115 199 
115 279 
115 318 
115 342 
115 386 
115 403 
115 482 
116 172 
116 233 
116 331 
117 203 
117 338 
117 449 
118 238 
118 436 
119 179 
119 303 
120 213 
120 355 
121 201 
121 236 
121 259 
121 351 
122 157 
122 239 
122 270 
122 340 
123 170 
123 176 
123 260 
123 292 
123 392 
123 462 
124 160 
124 177 
124 207 
124 210 
124 344 
124 429 
124 432 
124 472 
125 138 
125 207 
125 278 
125 415 
125 464 
125 496 
126 138 
126 163 
126 246 
126 286 
126 394 
127 220 
127 240 
127 305 
127 323 
127 492 
128 161 
128 194 
129 193 
129 218 
129 378 
130 399 
130 430 
132 143 
132 218 
132 235 
132 442 
132 446 
132 471 
133 150 
133 243 
133 281 
133 304 
133 338 
133 372 
133 421 
133 468 
135 170 
135 311 
135 343 
135 391 
135 440 
136 153 
136 207 
136 211 
136 271 
136 322 
137 198 
137 217 
137 237 
137 266 
137 347 
137 421 
137 428 
138 162 
138 255 
138 279 
138 328 
138 428 
138 479 
139 200 
139 249 
139 314 
139 336 
139 340 
139 382 
139 390 
139 425 
140 309 
140 351 
140 493 
143 257 
143 275 
143 294 
143 295 
143 438 
143 454 
143 469 
143 492 
144 182 
144 430 
144 473 
145 165 
146 218 
146 270 
146 293 
146 317 
146 403 
147 165 
147 167 
147 290 
147 302 
147 396 
147 426 
147 443 
148 174 
148 269 
148 324 
149 180 
149 216 
149 479 
150 203 
150 343 
150 382 
150 398 
150 434 
151 280 
152 402 
152 439 
153 463 
154 263 
154 267 
154 455 
154 489 
155 315 
155 391 
156 169 
156 234 
156 291 
156 322 
156 430 
156 477 
158 237 
158 288 
159 197 
159 285 
159 330 
159 391 
159 458 
159 476 
159 481 
159 489 
160 171 
160 410 
161 265 
161 333 
161 360 
162 253 
162 276 
163 339 
163 374 
163 390 
163 478 
164 234 
164 320 
165 236 
166 227 
166 292 
167 176 
167 253 
168 189 
168 313 
168 315 
168 333 
168 346 
168 447 
169 185 
169 223 
169 319 
169 349 
169 357 
169 368 
169 384 
169 440 
169 442 
169 449 
169 459 
169 469 
169 474 
170 208 
170 257 
170 277 
170 327 
170 348 
170 422 
171 219 
171 227 
171 241 
171 283 
171 290 
171 308 
171 424 
171 475 
172 280 
172 467 
173 181 
173 192 
173 353 
173 355 
173 419 
174 267 
175 239 
175 272 
175 438 
175 468 
176 178 
176 183 
176 199 
176 272 
176 307 
176 402 
176 416 
176 426 
176 427 
177 309 
177 369 
178 259 
178 435 
178 484 
179 219 
180 316 
181 182 
181 256 
181 406 
183 214 
183 242 
183 245 
184 196 
184 261 
184 328 
184 335 
185 187 
185 199 
185 212 
185 221 
185 229 
185 232 
185 252 
185 299 
185 384 
185 385 
185 445 
185 447 
185 483 
186 235 
186 266 
186 287 
187 389 
189 286 
189 468 
189 486 
189 489 
190 308 
190 361 
190 450 
191 280 
192 205 
192 314 
192 360 
192 444 
192 497 
193 195 
194 255 
194 291 
196 221 
198 202 
198 416 
199 290 
199 300 
200 328 
201 224 
201 229 
205 212 
205 397 
205 470 
205 495 
207 226 
208 248 
209 478 
210 435 
211 390 
212 287 
212 393 
214 256 
214 301 
214 401 
216 270 
216 299 
216 318 
216 338 
216 353 
216 434 
216 485 
217 363 
217 414 
218 233 
218 448 
219 302 
219 332 
219 372 
219 404 
220 337 
220 347 
221 357 
221 410 
221 463 
221 491 
222 306 
222 431 
223 247 
223 254 
223 349 
224 327 
224 329 
225 342 
227 324 
227 487 
228 408 
229 250 
230 294 
230 373 
230 387 
231 453 
232 242 
232 407 
233 242 
233 276 
233 282 
233 349 
233 379 
233 397 
233 473 
234 244 
234 406 
235 372 
236 271 
236 325 
237 456 
237 492 
238 439 
239 300 
239 370 
239 459 
240 261 
240 426 
240 478 
240 491 
241 405 
242 318 
242 376 
242 465 
245 461 
246 270 
246 398 
246 425 
247 429 
247 460 
249 294 
249 340 
250 256 
250 302 
252 358 
253 276 
253 279 
256 412 
258 316 
258 433 
258 469 
259 360 
260 474 
261 289 
261 405 
262 281 
262 401 
262 446 
263 312 
264 289 
264 366 
266 274 
267 310 
267 445 
270 336 
270 448 
271 354 
272 285 
272 293 
272 370 
272 427 
272 451 
273 371 
273 465 
273 494 
274 305 
275 322 
275 376 
277 332 
277 373 
277 433 
277 458 
278 347 
278 498 
281 310 
281 367 
281 425 
282 284 
282 315 
282 406 
283 296 
285 317 
285 443 
286 321 
286 370 
287 482 
289 300 
292 389 
293 317 
293 402 
294 365 
295 386 
296 413 
296 450 
297 455 
297 473 
298 326 
298 409 
300 321 
303 321 
303 499 
304 393 
307 387 
308 496 
309 462 
310 493 
314 383 
315 320 
315 437 
316 324 
321 358 
322 388 
323 459 
327 334 
328 381 
329 480 
330 341 
330 461 
330 499 
331 487 
332 441 
334 365 
334 483 
335 363 
335 425 
335 485 
335 496 
337 423 
339 410 
340 358 
340 404 
341 387 
342 485 
353 412 
356 455 
364 375 
364 388 
365 433 
365 437 
366 462 
368 435 
369 484 
375 422 
375 441 
376 418 
378 417 
378 462 
378 477 
386 443 
387 484 
389 440 
389 452 
389 465 
391 411 
391 469 
394 453 
394 454 
403 477 
403 498 
405 471 
406 470 
409 463 
411 451 
411 475 
417 449 
417 476 
417 490 
420 437 
423 457 
425 445 
425 494 
426 454 
440 476 
443 467 
468 472 
