false
false
500
1988
0 1 
0 3 
0 4 
0 5 
0 7 
0 9 
0 11 
0 12 
0 20 
0 25 
0 32 
0 36 
0 43 
0 44 
0 51 
0 63 
0 64 
0 93 
0 99 
0 110 
0 115 
0 123 
0 138 
0 149 
0 153 
0 162 
0 175 
0 190 
0 194 
0 199 
0 228 
0 266 
0 270 
0 274 
0 279 
0 292 
0 315 
0 348 
0 361 
0 373 
0 382 
0 391 
0 409 
0 428 
0 438 
1 2 
1 4 
1 5 
1 7 
1 8 
1 9 
1 11 
1 18 
1 19 
1 20 
1 21 
1 24 
1 27 
1 28 
1 30 
1 31 
1 32 
1 33 
1 36 
1 39 
1 40 
1 41 
1 50 
1 52 
1 53 
1 55 
1 56 
1 57 
1 60 
1 65 
1 67 
1 69 
1 80 
1 82 
1 92 
1 97 
1 100 
1 104 
1 111 
1 112 
1 114 
1 117 
1 121 
1 143 
1 151 
1 180 
1 207 
1 227 
1 250 
1 258 
1 264 
1 269 
1 276 
1 280 
1 281 
1 327 
1 343 
1 347 
1 356 
1 373 
1 381 
1 385 
1 398 
1 401 
1 408 
1 413 
1 429 
1 456 
1 459 
1 462 
1 481 
1 488 
1 496 
2 3 
2 4 
2 5 
2 6 
2 9 
2 13 
2 15 
2 29 
2 30 
2 41 
2 44 
2 46 
2 54 
2 55 
2 83 
2 84 
2 90 
2 98 
2 99 
2 100 
2 111 
2 115 
2 125 
2 139 
2 155 
2 170 
2 187 
2 196 
2 206 
2 212 
2 229 
2 242 
2 252 
2 256 
2 277 
2 280 
2 294 
2 319 
2 371 
2 396 
2 470 
2 476 
3 4 
3 6 
3 8 
3 10 
3 16 
3 22 
3 52 
3 58 
3 63 
3 65 
3 78 
3 84 
3 85 
3 97 
3 102 
3 116 
3 127 
3 174 
3 192 
3 218 
3 219 
3 247 
3 248 
3 254 
3 273 
3 298 
3 318 
3 332 
3 338 
3 395 
3 414 
3 415 
3 445 
3 462 
3 463 
3 476 
4 5 
4 6 
4 8 
4 15 
4 19 
4 23 
4 24 
4 28 
4 37 
4 43 
4 55 
4 60 
4 68 
4 84 
4 89 
4 97 
4 121 
4 135 
4 147 
4 152 
4 163 
4 166 
4 167 
4 172 
4 179 
4 184 
4 194 
4 201 
4 206 
4 211 
4 214 
4 218 
4 222 
4 259 
4 268 
4 278 
4 296 
4 309 
4 324 
4 342 
4 361 
4 362 
4 379 
4 395 
4 404 
4 431 
4 444 
4 455 
4 469 
4 477 
5 6 
5 7 
5 11 
5 14 
5 15 
5 16 
5 17 
5 23 
5 36 
5 42 
5 45 
5 48 
5 49 
5 58 
5 92 
5 103 
5 107 
5 108 
5 118 
5 147 
5 160 
5 182 
5 195 
5 205 
5 211 
5 212 
5 280 
5 359 
5 366 
5 367 
5 368 
5 440 
5 494 
6 7 
6 8 
6 9 
6 10 
6 12 
6 14 
6 16 
6 17 
6 18 
6 19 
6 20 
6 22 
6 23 
6 28 
6 30 
6 33 
6 34 
6 35 
6 40 
6 42 
6 57 
6 59 
6 64 
6 65 
6 73 
6 74 
6 78 
6 79 
6 82 
6 86 
6 92 
6 96 
6 100 
6 102 
6 106 
6 107 
6 113 
6 114 
6 120 
6 122 
6 124 
6 139 
6 141 
6 142 
6 144 
6 145 
6 168 
6 173 
6 181 
6 187 
6 192 
6 198 
6 200 
6 209 
6 221 
6 227 
6 256 
6 261 
6 279 
6 287 
6 294 
6 300 
6 334 
6 357 
6 364 
6 376 
6 380 
6 390 
6 400 
6 403 
6 413 
6 425 
6 428 
6 446 
6 456 
6 465 
6 489 
7 10 
7 14 
7 17 
7 21 
7 23 
7 26 
7 27 
7 28 
7 32 
7 34 
7 37 
7 41 
7 42 
7 58 
7 62 
7 72 
7 75 
7 76 
7 77 
7 81 
7 82 
7 88 
7 89 
7 90 
7 108 
7 119 
7 125 
7 129 
7 134 
7 141 
7 144 
7 152 
7 166 
7 177 
7 178 
7 183 
7 193 
7 234 
7 238 
7 285 
7 290 
7 298 
7 304 
7 327 
7 331 
7 336 
7 354 
7 366 
7 371 
7 378 
7 380 
7 383 
7 387 
7 403 
7 414 
7 418 
7 425 
7 438 
7 442 
7 459 
7 477 
7 483 
8 12 
8 13 
8 18 
8 27 
8 31 
8 34 
8 37 
8 38 
8 39 
8 46 
8 47 
8 63 
8 65 
8 76 
8 95 
8 101 
8 147 
8 156 
8 167 
8 194 
8 202 
8 240 
8 241 
8 263 
8 277 
8 293 
8 303 
8 317 
8 327 
8 328 
8 339 
8 343 
8 344 
8 347 
8 351 
8 369 
8 370 
8 385 
8 409 
8 428 
8 448 
8 486 
8 498 
9 10 
9 11 
9 12 
9 31 
9 37 
9 41 
9 46 
9 57 
9 61 
9 70 
9 74 
9 77 
9 80 
9 91 
9 110 
9 121 
9 125 
9 149 
9 154 
9 161 
9 164 
9 172 
9 179 
9 184 
9 189 
9 204 
9 208 
9 213 
9 225 
9 231 
9 293 
9 312 
9 406 
9 423 
9 434 
9 451 
9 453 
9 469 
9 472 
9 475 
9 479 
9 480 
9 499 
10 13 
10 26 
10 36 
10 47 
10 60 
10 67 
10 75 
10 97 
10 163 
10 209 
10 239 
10 261 
10 390 
10 404 
10 471 
11 15 
11 21 
11 25 
11 27 
11 29 
11 46 
11 50 
11 54 
11 56 
11 81 
11 90 
11 114 
11 120 
11 122 
11 125 
11 136 
11 146 
11 163 
11 201 
11 202 
11 243 
11 284 
11 286 
11 307 
11 323 
11 362 
11 365 
11 368 
11 369 
11 410 
12 13 
12 14 
12 17 
12 22 
12 26 
12 29 
12 34 
12 51 
12 54 
12 59 
12 62 
12 67 
12 69 
12 71 
12 73 
12 79 
12 105 
12 109 
12 128 
12 139 
12 180 
12 201 
12 211 
12 230 
12 238 
12 253 
12 317 
12 325 
12 361 
12 371 
12 397 
12 401 
12 405 
12 422 
12 429 
12 471 
13 16 
13 18 
13 38 
13 72 
13 87 
13 104 
13 205 
13 218 
13 230 
13 291 
13 306 
13 347 
13 373 
14 217 
14 310 
14 376 
15 20 
15 24 
15 25 
15 35 
15 49 
15 74 
15 117 
15 137 
15 167 
15 184 
15 241 
15 250 
15 277 
15 295 
15 310 
15 321 
15 336 
15 348 
15 350 
15 360 
15 398 
15 404 
15 470 
15 495 
16 24 
16 25 
16 68 
16 95 
16 109 
16 186 
16 342 
16 393 
16 419 
17 19 
17 26 
17 32 
17 47 
17 51 
17 52 
17 76 
17 81 
17 101 
17 102 
17 123 
17 157 
17 172 
17 175 
17 360 
17 399 
17 411 
17 412 
17 473 
17 488 
18 48 
18 60 
18 62 
18 80 
18 91 
18 197 
18 231 
18 240 
18 309 
18 325 
18 356 
18 365 
18 391 
18 402 
18 469 
19 21 
19 30 
19 35 
19 221 
19 268 
20 33 
20 35 
20 52 
20 63 
20 66 
20 71 
20 102 
20 138 
20 165 
20 193 
20 214 
20 236 
20 328 
20 385 
20 424 
20 425 
20 473 
21 22 
21 31 
21 33 
21 48 
21 51 
21 53 
21 67 
21 88 
21 110 
21 133 
21 166 
21 182 
21 186 
21 197 
21 199 
21 225 
21 232 
21 239 
21 240 
21 246 
21 260 
21 264 
21 267 
21 285 
21 298 
21 306 
21 314 
21 335 
21 352 
21 356 
21 418 
21 421 
21 433 
22 40 
22 118 
22 119 
22 146 
22 155 
22 158 
22 176 
22 203 
22 235 
22 262 
22 272 
22 300 
22 307 
22 323 
22 343 
22 364 
22 463 
23 29 
23 123 
23 237 
23 259 
23 297 
23 426 
24 124 
24 160 
24 170 
24 183 
24 273 
24 437 
24 468 
25 87 
25 94 
25 106 
25 353 
25 434 
26 39 
26 69 
26 91 
26 230 
26 231 
26 271 
26 275 
26 345 
26 402 
26 445 
26 497 
27 49 
27 50 
27 53 
27 61 
27 66 
27 89 
27 93 
27 95 
27 113 
27 115 
27 119 
27 213 
27 333 
27 358 
27 375 
27 415 
27 449 
27 457 
27 467 
28 38 
28 48 
28 159 
28 242 
28 265 
28 429 
28 465 
29 49 
29 106 
29 127 
29 129 
29 137 
29 229 
29 252 
29 321 
29 338 
29 396 
29 435 
29 492 
30 38 
30 44 
30 75 
30 78 
30 100 
30 106 
30 108 
30 135 
30 137 
30 140 
30 154 
30 191 
30 192 
30 215 
30 235 
30 296 
30 389 
30 405 
30 433 
30 453 
31 54 
31 56 
31 70 
31 72 
31 86 
31 105 
31 109 
31 113 
31 144 
31 171 
31 183 
31 237 
31 243 
31 253 
31 267 
31 286 
31 317 
31 331 
31 353 
31 369 
31 401 
31 421 
31 464 
31 499 
32 44 
32 444 
33 42 
33 43 
33 59 
33 61 
33 66 
33 72 
33 103 
33 120 
33 126 
33 128 
33 143 
33 203 
33 208 
33 246 
33 266 
33 322 
33 339 
33 355 
33 392 
33 405 
33 427 
33 432 
33 433 
33 449 
33 451 
33 475 
34 39 
34 40 
34 69 
34 137 
34 148 
34 156 
34 173 
34 177 
34 189 
34 265 
34 280 
34 288 
34 340 
34 357 
34 373 
34 375 
34 471 
35 45 
35 55 
35 62 
35 80 
35 87 
35 107 
35 117 
35 146 
35 161 
35 189 
35 191 
35 201 
35 223 
35 232 
35 234 
35 237 
35 269 
35 301 
35 432 
35 487 
36 43 
36 45 
36 53 
36 86 
36 132 
36 254 
36 337 
37 75 
37 122 
37 127 
37 130 
37 139 
37 155 
37 159 
37 171 
37 202 
37 300 
38 47 
38 64 
38 111 
38 155 
38 182 
38 188 
38 195 
38 209 
38 296 
38 351 
38 394 
38 467 
39 77 
39 120 
39 169 
39 287 
39 402 
39 416 
40 45 
40 58 
40 95 
40 101 
40 109 
40 131 
40 151 
40 322 
40 349 
40 354 
40 429 
41 90 
41 92 
41 105 
41 138 
41 140 
41 176 
41 219 
41 251 
41 282 
41 354 
41 403 
41 447 
41 459 
42 123 
42 149 
42 158 
42 187 
42 200 
42 207 
42 215 
42 226 
42 234 
42 281 
42 344 
42 400 
43 85 
43 313 
43 389 
43 390 
44 91 
44 154 
44 286 
44 303 
44 304 
44 330 
44 406 
45 56 
45 96 
45 132 
45 207 
45 283 
45 354 
45 400 
46 57 
46 64 
46 70 
46 158 
46 249 
46 269 
46 328 
46 340 
46 367 
46 420 
46 448 
46 476 
47 71 
47 83 
47 132 
47 249 
47 381 
47 435 
48 50 
48 82 
48 130 
48 146 
48 194 
48 203 
48 210 
48 297 
48 375 
48 454 
48 465 
49 73 
49 83 
49 112 
49 118 
49 134 
49 141 
49 143 
49 148 
49 156 
49 157 
49 196 
49 253 
49 255 
49 278 
49 316 
49 334 
49 422 
49 496 
50 87 
50 99 
50 204 
51 98 
51 124 
51 261 
51 265 
51 282 
51 341 
52 71 
52 93 
52 163 
53 61 
53 73 
53 81 
53 158 
53 199 
53 287 
53 304 
53 306 
53 348 
53 377 
54 126 
54 214 
54 333 
54 378 
54 449 
55 74 
55 105 
55 187 
55 208 
55 252 
55 253 
55 256 
55 294 
55 320 
55 376 
55 424 
56 66 
56 68 
56 70 
56 103 
56 128 
56 144 
56 147 
56 174 
56 178 
56 212 
56 293 
56 329 
56 357 
56 441 
57 59 
57 104 
57 162 
57 168 
57 213 
57 226 
57 248 
57 439 
57 465 
57 475 
58 79 
58 88 
58 131 
58 133 
58 200 
58 306 
58 348 
59 116 
59 245 
59 321 
60 83 
60 159 
60 176 
60 350 
60 414 
60 448 
61 89 
61 116 
61 130 
61 133 
61 145 
61 213 
61 258 
61 270 
61 274 
61 322 
61 408 
61 423 
61 458 
61 469 
62 177 
62 202 
62 228 
62 379 
63 85 
63 96 
63 149 
63 153 
63 164 
63 171 
63 258 
63 282 
63 290 
63 459 
63 498 
64 68 
64 129 
64 142 
64 160 
64 162 
64 186 
64 188 
64 223 
64 368 
64 450 
65 131 
65 220 
66 88 
66 165 
66 260 
66 263 
66 377 
66 447 
67 311 
68 77 
68 101 
68 136 
68 225 
68 232 
68 249 
68 267 
68 275 
68 298 
68 309 
68 351 
68 366 
68 450 
69 76 
69 86 
69 94 
69 111 
69 150 
69 168 
69 185 
69 290 
69 299 
69 337 
69 387 
69 424 
69 492 
70 94 
70 217 
71 94 
71 174 
71 210 
71 273 
71 274 
71 460 
72 324 
72 358 
72 443 
73 148 
73 184 
73 222 
73 247 
73 289 
73 346 
73 347 
73 388 
73 440 
73 466 
74 118 
74 178 
74 180 
74 236 
74 246 
74 263 
74 272 
75 78 
75 84 
75 98 
75 103 
75 132 
75 150 
75 179 
75 197 
75 209 
75 233 
75 262 
75 285 
75 292 
75 326 
75 359 
76 142 
76 185 
76 244 
76 248 
76 358 
77 79 
77 85 
77 98 
77 99 
77 108 
77 131 
77 135 
77 136 
77 160 
77 228 
77 270 
77 365 
77 422 
78 112 
78 121 
78 164 
78 409 
78 436 
78 447 
79 96 
80 218 
80 220 
81 138 
81 214 
81 236 
81 353 
82 181 
82 325 
82 458 
83 104 
83 110 
83 208 
84 113 
84 127 
84 185 
84 221 
84 225 
84 337 
84 483 
85 216 
85 220 
85 223 
85 244 
85 383 
85 389 
85 401 
85 497 
86 276 
86 479 
87 93 
87 169 
87 215 
87 242 
87 260 
87 284 
87 365 
87 367 
88 119 
88 196 
88 210 
88 252 
88 287 
88 312 
88 415 
88 443 
89 157 
89 305 
89 412 
90 173 
90 190 
90 245 
90 332 
90 340 
90 393 
90 418 
91 107 
91 112 
91 312 
91 316 
91 333 
91 377 
91 427 
91 458 
91 463 
92 278 
92 420 
93 173 
93 204 
93 233 
93 248 
93 271 
93 281 
93 360 
93 384 
93 407 
93 420 
93 435 
94 134 
94 295 
94 308 
94 386 
94 417 
94 450 
95 133 
95 169 
96 135 
96 152 
96 229 
96 289 
96 291 
96 339 
96 451 
97 489 
98 115 
98 134 
98 223 
98 338 
98 367 
98 372 
98 490 
99 114 
99 130 
99 174 
99 268 
99 399 
99 481 
99 482 
99 498 
100 193 
100 324 
101 140 
101 150 
101 276 
101 375 
102 126 
102 156 
102 195 
103 126 
103 136 
103 169 
103 179 
103 207 
103 234 
103 272 
103 355 
103 388 
104 235 
104 239 
104 241 
104 245 
104 295 
104 423 
104 474 
105 188 
105 195 
105 237 
105 254 
105 258 
105 288 
105 320 
105 362 
105 374 
105 411 
105 471 
106 181 
106 263 
108 124 
108 330 
108 336 
108 392 
108 428 
109 349 
110 129 
113 116 
113 192 
113 199 
113 224 
113 255 
113 272 
113 345 
113 445 
114 165 
114 172 
114 278 
114 314 
114 427 
115 128 
115 145 
115 157 
115 161 
115 162 
115 217 
115 222 
115 281 
115 288 
115 331 
115 402 
115 442 
115 484 
115 487 
116 117 
116 170 
116 230 
116 391 
116 443 
116 487 
116 499 
117 122 
118 196 
118 255 
118 291 
118 351 
118 421 
120 311 
120 407 
120 462 
121 247 
121 292 
121 308 
121 341 
121 349 
122 151 
122 227 
122 302 
122 480 
122 486 
123 153 
123 374 
123 441 
123 446 
124 264 
124 316 
124 454 
125 153 
125 197 
125 286 
125 380 
126 226 
126 249 
126 279 
126 399 
126 453 
126 484 
127 276 
127 411 
128 175 
128 200 
128 254 
128 330 
128 355 
128 457 
128 478 
129 154 
129 193 
129 247 
129 378 
129 479 
129 491 
130 150 
130 215 
130 313 
130 315 
130 328 
130 361 
131 143 
131 233 
131 267 
131 284 
131 299 
131 363 
131 377 
131 386 
131 484 
132 165 
132 205 
132 206 
132 299 
132 403 
132 423 
133 171 
133 264 
133 297 
133 352 
133 409 
134 140 
134 190 
134 212 
134 221 
134 245 
134 246 
134 293 
134 332 
135 191 
135 224 
135 259 
135 315 
135 488 
136 141 
136 152 
136 228 
136 311 
137 151 
137 334 
137 338 
137 414 
138 283 
138 454 
139 204 
140 142 
140 241 
140 299 
140 393 
140 438 
141 181 
142 435 
143 145 
143 178 
143 198 
143 224 
143 251 
143 322 
143 359 
143 431 
144 148 
144 159 
144 266 
144 300 
144 399 
146 381 
147 335 
148 177 
148 290 
148 318 
148 413 
148 430 
148 487 
148 492 
148 494 
149 244 
149 270 
149 283 
149 392 
149 461 
150 161 
150 262 
151 170 
151 239 
152 186 
152 191 
154 210 
154 268 
154 333 
154 406 
155 167 
155 168 
155 269 
155 326 
155 346 
155 440 
155 470 
155 480 
157 312 
157 421 
158 164 
158 327 
158 379 
159 450 
159 489 
160 227 
160 336 
161 166 
161 176 
161 198 
161 235 
161 244 
161 250 
161 257 
161 262 
161 319 
161 384 
161 417 
161 464 
162 183 
162 243 
164 185 
164 211 
164 285 
164 349 
164 397 
164 413 
164 430 
165 344 
166 301 
168 271 
169 198 
169 257 
169 460 
169 467 
170 175 
170 222 
170 226 
170 302 
170 305 
170 419 
171 182 
171 190 
171 203 
171 205 
171 250 
171 339 
171 342 
171 344 
171 360 
171 387 
172 256 
173 395 
174 357 
174 446 
174 474 
175 188 
175 303 
175 384 
175 452 
176 251 
176 329 
177 232 
177 271 
177 301 
177 307 
177 316 
177 382 
177 433 
177 480 
177 494 
178 341 
179 180 
180 216 
180 242 
180 386 
180 451 
181 206 
181 291 
181 326 
181 343 
181 346 
181 422 
182 283 
182 297 
182 321 
182 323 
182 434 
183 380 
183 392 
184 189 
184 216 
184 323 
185 219 
185 282 
186 260 
186 483 
187 216 
188 229 
188 259 
189 437 
190 324 
190 460 
191 243 
191 266 
191 274 
191 310 
191 386 
191 420 
192 238 
192 419 
194 305 
194 330 
195 261 
195 313 
195 426 
195 431 
195 477 
195 491 
198 473 
199 455 
200 220 
200 387 
200 492 
201 370 
202 289 
202 397 
202 457 
203 319 
203 467 
204 418 
205 279 
205 304 
205 329 
205 363 
205 364 
205 404 
205 488 
206 257 
206 364 
206 382 
206 440 
207 219 
207 294 
207 305 
207 320 
207 437 
207 491 
208 393 
210 217 
210 236 
210 345 
210 370 
210 438 
210 475 
211 231 
212 296 
212 329 
212 341 
212 383 
213 376 
215 224 
215 302 
215 427 
216 350 
217 382 
217 432 
217 456 
218 398 
219 394 
219 482 
220 439 
221 275 
221 395 
221 495 
222 257 
222 284 
222 352 
223 289 
223 311 
223 358 
223 424 
224 240 
224 407 
224 454 
225 233 
225 383 
225 455 
227 251 
227 463 
227 485 
227 497 
228 238 
228 481 
228 489 
229 346 
229 394 
230 499 
231 310 
231 318 
231 388 
231 426 
232 432 
232 436 
233 430 
237 315 
237 319 
237 372 
237 416 
237 468 
238 265 
238 372 
238 443 
239 255 
239 325 
241 485 
242 397 
243 303 
243 355 
243 462 
243 491 
243 497 
244 384 
246 273 
247 275 
247 385 
248 308 
248 442 
253 318 
253 363 
253 436 
254 288 
254 314 
254 496 
256 277 
257 417 
257 490 
258 340 
259 353 
261 416 
262 307 
262 417 
262 466 
263 314 
263 335 
263 496 
264 410 
265 419 
266 292 
266 448 
267 302 
267 369 
269 308 
269 466 
273 490 
274 453 
274 493 
275 378 
275 444 
276 452 
280 449 
281 484 
282 352 
283 362 
283 394 
283 461 
284 295 
284 345 
285 334 
285 431 
285 439 
286 372 
287 309 
287 331 
289 396 
290 320 
291 406 
291 408 
294 335 
294 477 
294 482 
295 490 
296 301 
296 342 
298 479 
299 495 
301 356 
301 381 
302 350 
302 493 
303 415 
303 436 
305 317 
306 405 
306 493 
307 388 
310 313 
311 472 
312 326 
313 458 
317 410 
318 366 
319 363 
321 370 
321 457 
323 411 
324 337 
328 332 
330 390 
331 412 
333 445 
333 464 
334 389 
335 359 
335 485 
337 400 
346 478 
347 412 
348 439 
354 391 
357 368 
357 371 
357 478 
358 396 
362 456 
362 474 
364 416 
364 441 
365 374 
365 408 
368 379 
369 374 
370 470 
371 425 
372 442 
378 437 
383 398 
384 426 
384 434 
384 447 
384 472 
385 472 
385 474 
385 493 
387 441 
392 486 
393 464 
394 407 
397 452 
398 473 
400 461 
401 495 
405 460 
409 410 
409 468 
412 486 
414 430 
418 452 
423 455 
423 481 
424 461 
425 444 
433 446 
433 468 
433 478 
448 485 
452 482 
463 466 
463 494 
464 476 
474 483 
484 498 
