false
false
500
1988
0 1 
0 3 
0 4 
0 5 
0 6 
0 8 
0 14 
0 20 
0 23 
0 25 
0 31 
0 38 
0 39 
0 42 
0 73 
0 90 
0 97 
0 110 
0 118 
0 133 
0 137 
0 147 
0 150 
0 151 
0 153 
0 168 
0 190 
0 196 
0 211 
0 254 
0 274 
0 313 
0 353 
0 369 
0 370 
0 418 
0 429 
0 436 
0 444 
0 451 
0 455 
0 459 
1 2 
1 4 
1 5 
1 6 
1 7 
1 11 
1 14 
1 16 
1 39 
1 41 
1 46 
1 58 
1 61 
1 63 
1 64 
1 68 
1 107 
1 111 
1 114 
1 131 
1 136 
1 142 
1 151 
1 155 
1 194 
1 199 
1 216 
1 249 
1 268 
1 322 
1 326 
1 339 
1 355 
1 361 
1 377 
1 394 
1 401 
1 415 
1 437 
1 439 
1 467 
1 468 
1 477 
1 483 
1 486 
2 3 
2 4 
2 5 
2 6 
2 8 
2 9 
2 12 
2 17 
2 18 
2 19 
2 22 
2 23 
2 24 
2 31 
2 32 
2 34 
2 37 
2 41 
2 45 
2 52 
2 53 
2 54 
2 55 
2 63 
2 77 
2 78 
2 80 
2 81 
2 84 
2 90 
2 91 
2 99 
2 108 
2 110 
2 111 
2 112 
2 115 
2 121 
2 123 
2 129 
2 133 
2 135 
2 138 
2 147 
2 154 
2 155 
2 171 
2 175 
2 182 
2 183 
2 185 
2 189 
2 191 
2 207 
2 217 
2 218 
2 228 
2 232 
2 234 
2 235 
2 236 
2 241 
2 255 
2 256 
2 261 
2 262 
2 264 
2 266 
2 269 
2 289 
2 327 
2 352 
2 354 
2 356 
2 357 
2 364 
2 365 
2 406 
2 421 
2 423 
2 424 
2 442 
2 446 
2 449 
2 453 
2 457 
2 460 
2 464 
2 471 
2 473 
2 481 
2 493 
3 4 
3 5 
3 7 
3 8 
3 10 
3 12 
3 13 
3 29 
3 33 
3 35 
3 40 
3 49 
3 53 
3 55 
3 71 
3 81 
3 91 
3 96 
3 100 
3 107 
3 128 
3 136 
3 146 
3 159 
3 174 
3 180 
3 186 
3 192 
3 203 
3 206 
3 250 
3 257 
3 262 
3 303 
3 307 
3 308 
3 324 
3 336 
3 354 
3 357 
3 359 
3 361 
3 373 
3 419 
4 7 
4 11 
4 16 
4 90 
4 99 
4 146 
4 176 
4 180 
4 208 
4 288 
4 372 
4 421 
5 6 
5 10 
5 12 
5 14 
5 22 
5 27 
5 32 
5 37 
5 86 
5 95 
5 102 
5 112 
5 113 
5 116 
5 122 
5 143 
5 159 
5 162 
5 185 
5 188 
5 199 
5 200 
5 203 
5 212 
5 214 
5 217 
5 236 
5 247 
5 262 
5 263 
5 291 
5 318 
5 335 
5 342 
5 343 
5 363 
5 381 
5 390 
5 407 
5 425 
5 428 
5 431 
5 461 
5 466 
5 491 
6 7 
6 8 
6 9 
6 10 
6 11 
6 13 
6 15 
6 16 
6 19 
6 21 
6 24 
6 28 
6 29 
6 30 
6 35 
6 36 
6 48 
6 49 
6 54 
6 64 
6 65 
6 82 
6 92 
6 107 
6 108 
6 112 
6 114 
6 115 
6 117 
6 137 
6 146 
6 150 
6 152 
6 176 
6 178 
6 196 
6 221 
6 244 
6 246 
6 247 
6 249 
6 300 
6 302 
6 323 
6 336 
6 343 
6 344 
6 351 
6 353 
6 381 
6 412 
6 416 
6 429 
6 454 
6 485 
7 9 
7 11 
7 13 
7 17 
7 22 
7 25 
7 26 
7 43 
7 44 
7 50 
7 52 
7 55 
7 61 
7 85 
7 211 
7 222 
7 265 
7 283 
7 295 
7 303 
7 347 
7 350 
7 358 
7 479 
7 480 
8 9 
8 10 
8 14 
8 15 
8 19 
8 21 
8 27 
8 28 
8 31 
8 32 
8 33 
8 36 
8 40 
8 57 
8 59 
8 62 
8 69 
8 81 
8 82 
8 91 
8 94 
8 104 
8 105 
8 113 
8 121 
8 122 
8 127 
8 128 
8 132 
8 140 
8 144 
8 145 
8 150 
8 152 
8 166 
8 170 
8 177 
8 179 
8 182 
8 184 
8 191 
8 195 
8 210 
8 226 
8 228 
8 236 
8 239 
8 273 
8 283 
8 313 
8 320 
8 332 
8 344 
8 345 
8 374 
8 376 
8 379 
8 414 
8 448 
8 467 
8 476 
8 490 
9 13 
9 45 
9 54 
9 66 
9 83 
9 114 
9 158 
9 175 
9 409 
9 438 
9 469 
10 70 
10 77 
10 134 
10 140 
10 216 
10 261 
10 286 
10 395 
10 406 
10 453 
11 12 
11 15 
11 17 
11 19 
11 20 
11 25 
11 30 
11 36 
11 43 
11 56 
11 72 
11 87 
11 94 
11 102 
11 106 
11 127 
11 139 
11 196 
11 198 
11 201 
11 213 
11 215 
11 229 
11 268 
11 348 
11 392 
11 435 
11 454 
11 462 
12 15 
12 16 
12 18 
12 24 
12 29 
12 30 
12 40 
12 41 
12 43 
12 59 
12 65 
12 75 
12 93 
12 98 
12 107 
12 129 
12 134 
12 143 
12 150 
12 171 
12 207 
12 214 
12 250 
12 263 
12 321 
12 375 
12 408 
12 433 
12 494 
12 499 
13 18 
13 23 
13 77 
13 80 
13 87 
13 89 
13 94 
13 97 
13 174 
13 194 
13 248 
13 335 
13 398 
13 421 
13 466 
13 485 
13 486 
14 28 
14 408 
14 470 
15 17 
15 34 
15 35 
15 37 
15 45 
15 47 
15 78 
15 104 
15 105 
15 149 
15 167 
15 191 
15 197 
15 201 
15 227 
15 252 
15 260 
15 267 
15 275 
15 291 
15 299 
15 356 
15 372 
15 395 
15 398 
15 426 
15 495 
16 18 
16 21 
16 25 
16 36 
16 71 
16 164 
16 210 
16 316 
16 328 
17 20 
17 24 
17 27 
17 37 
17 51 
17 53 
17 65 
17 78 
17 80 
17 90 
17 92 
17 104 
17 202 
17 212 
17 243 
17 289 
17 310 
17 333 
17 334 
17 341 
17 378 
17 392 
17 447 
17 475 
17 481 
17 496 
18 20 
18 26 
18 32 
18 44 
18 48 
18 53 
18 60 
18 66 
18 81 
18 89 
18 95 
18 109 
18 113 
18 117 
18 135 
18 142 
18 163 
18 165 
18 173 
18 179 
18 183 
18 184 
18 188 
18 202 
18 216 
18 261 
18 269 
18 273 
18 313 
18 320 
18 348 
18 373 
18 380 
18 391 
18 417 
18 430 
18 472 
18 481 
19 21 
19 23 
19 26 
19 42 
19 43 
19 45 
19 57 
19 59 
19 70 
19 71 
19 89 
19 123 
19 124 
19 129 
19 155 
19 171 
19 201 
19 205 
19 208 
19 213 
19 231 
19 233 
19 235 
19 237 
19 252 
19 278 
19 290 
19 304 
19 325 
19 330 
19 360 
19 384 
19 409 
19 413 
19 441 
19 468 
19 482 
19 499 
20 22 
20 28 
20 56 
20 70 
20 194 
20 231 
20 234 
20 288 
20 307 
20 439 
20 447 
20 461 
20 494 
21 27 
21 29 
21 42 
21 50 
21 52 
21 54 
21 68 
21 69 
21 76 
21 80 
21 109 
21 126 
21 139 
21 145 
21 154 
21 164 
21 280 
21 294 
21 320 
21 328 
21 332 
21 344 
21 362 
21 419 
21 432 
21 456 
21 483 
22 26 
22 34 
22 38 
22 66 
22 93 
22 94 
22 111 
22 124 
22 132 
22 134 
22 141 
22 153 
22 198 
22 300 
22 310 
22 325 
22 368 
22 376 
22 438 
22 471 
22 489 
23 30 
23 33 
23 38 
23 58 
23 62 
23 75 
23 76 
23 92 
23 93 
23 110 
23 133 
23 139 
23 149 
23 174 
23 248 
23 253 
23 256 
23 280 
23 306 
23 315 
23 336 
23 361 
23 368 
24 39 
24 73 
24 251 
24 276 
24 304 
24 390 
24 483 
25 39 
25 51 
25 58 
25 64 
25 99 
25 108 
25 112 
25 114 
25 116 
25 118 
25 141 
25 176 
25 243 
25 255 
25 267 
25 271 
25 293 
25 312 
25 333 
25 345 
25 360 
25 471 
25 498 
26 47 
26 52 
26 60 
26 63 
26 72 
26 85 
26 100 
26 148 
26 153 
26 172 
26 193 
26 204 
26 212 
26 264 
26 292 
26 327 
26 329 
26 339 
26 388 
26 414 
26 415 
26 430 
27 31 
27 35 
27 41 
27 47 
27 51 
27 57 
27 69 
27 103 
27 106 
27 145 
27 183 
27 190 
27 214 
27 217 
27 218 
27 259 
27 265 
27 279 
27 296 
27 375 
27 397 
27 423 
27 437 
27 445 
27 493 
28 34 
28 44 
28 50 
28 75 
28 78 
28 88 
28 97 
28 140 
28 154 
28 186 
28 189 
28 215 
28 231 
28 244 
28 314 
28 322 
28 323 
28 332 
28 346 
28 371 
28 447 
28 459 
28 462 
28 488 
28 490 
29 139 
29 202 
29 251 
29 285 
29 338 
29 351 
29 379 
29 419 
29 440 
30 33 
30 60 
30 68 
30 74 
30 144 
30 151 
30 152 
30 167 
30 168 
30 192 
30 223 
30 247 
30 334 
30 390 
30 465 
31 46 
31 87 
31 131 
31 384 
32 42 
32 74 
32 83 
32 84 
32 133 
32 135 
32 137 
32 140 
32 168 
32 189 
32 221 
32 225 
32 233 
32 243 
32 271 
32 316 
32 331 
32 363 
32 429 
32 469 
33 51 
33 82 
33 86 
33 87 
33 126 
33 204 
33 255 
33 304 
33 324 
33 350 
33 458 
34 40 
34 44 
34 58 
34 59 
34 79 
34 84 
34 113 
34 117 
34 118 
34 136 
34 165 
34 172 
34 187 
34 190 
34 194 
34 225 
34 242 
34 266 
34 267 
34 325 
34 342 
34 349 
34 358 
34 362 
34 411 
34 426 
34 480 
34 487 
35 76 
35 217 
35 240 
35 273 
35 303 
35 341 
35 355 
36 69 
36 79 
36 91 
36 99 
36 199 
36 281 
36 352 
36 382 
36 400 
37 38 
37 46 
37 57 
37 195 
37 360 
37 385 
38 48 
38 67 
38 106 
38 124 
38 132 
38 141 
38 160 
38 169 
38 282 
38 299 
38 317 
39 67 
39 185 
39 225 
39 264 
40 47 
40 88 
40 187 
40 193 
40 356 
40 368 
40 372 
40 374 
40 406 
40 455 
40 488 
40 495 
41 46 
41 50 
41 55 
41 60 
41 74 
41 79 
41 89 
41 96 
41 130 
41 135 
41 151 
41 160 
41 253 
41 298 
41 350 
41 411 
42 49 
42 98 
42 299 
43 127 
43 307 
43 318 
43 369 
43 440 
43 468 
43 491 
44 68 
44 115 
44 125 
44 134 
44 157 
44 227 
44 324 
44 352 
44 418 
45 48 
45 65 
45 67 
45 71 
45 96 
45 111 
45 137 
45 146 
45 170 
45 175 
45 177 
45 181 
45 189 
45 202 
45 220 
45 230 
45 237 
45 270 
45 315 
45 344 
45 369 
45 389 
46 83 
46 96 
46 101 
46 199 
46 228 
46 256 
46 308 
46 403 
46 472 
46 496 
47 49 
47 61 
47 73 
47 97 
47 147 
47 169 
47 216 
47 363 
47 385 
47 458 
48 67 
48 82 
48 88 
48 103 
48 120 
48 330 
48 364 
48 434 
48 441 
48 464 
49 56 
49 74 
49 79 
49 124 
49 158 
49 160 
49 192 
49 371 
49 431 
49 472 
50 77 
50 196 
50 222 
50 231 
50 319 
50 372 
51 72 
51 98 
51 141 
51 156 
51 164 
51 167 
51 211 
51 327 
51 423 
51 438 
52 62 
52 70 
52 75 
52 172 
52 174 
52 287 
52 365 
52 383 
52 391 
53 56 
53 63 
53 85 
53 103 
53 129 
53 252 
53 274 
53 300 
53 301 
54 62 
54 84 
54 88 
54 119 
54 221 
54 302 
54 368 
54 486 
55 86 
55 186 
55 224 
55 238 
55 246 
55 283 
55 327 
55 330 
55 347 
56 83 
56 105 
56 405 
56 485 
57 121 
57 357 
57 361 
57 463 
57 466 
58 183 
58 265 
59 85 
59 145 
59 163 
59 210 
60 61 
60 73 
60 76 
60 158 
60 208 
60 227 
60 263 
61 175 
61 180 
61 182 
61 197 
61 223 
61 229 
61 232 
61 284 
61 305 
61 346 
61 367 
61 369 
61 439 
61 480 
62 66 
62 181 
62 188 
62 215 
62 230 
62 300 
62 393 
62 497 
63 64 
64 101 
64 132 
64 138 
64 143 
64 162 
64 225 
64 236 
64 260 
64 274 
64 349 
64 355 
64 399 
64 402 
64 408 
64 409 
64 461 
64 491 
65 95 
65 230 
65 442 
66 72 
66 203 
66 214 
66 251 
66 280 
66 298 
66 409 
66 424 
66 440 
66 465 
66 490 
67 98 
67 102 
67 116 
67 125 
67 226 
67 240 
67 246 
67 350 
67 386 
68 127 
68 191 
68 235 
68 253 
68 331 
68 417 
68 492 
69 100 
69 101 
69 104 
69 138 
69 166 
69 170 
69 205 
69 244 
69 279 
69 286 
69 364 
69 393 
69 399 
69 410 
69 457 
69 463 
70 275 
70 370 
71 126 
71 331 
71 354 
72 328 
73 93 
73 118 
73 165 
73 201 
73 230 
73 274 
73 294 
73 303 
73 345 
73 383 
73 405 
73 427 
73 497 
74 109 
74 110 
74 142 
74 161 
74 221 
74 287 
74 355 
74 377 
74 395 
74 430 
75 123 
75 155 
75 169 
75 239 
76 160 
77 101 
78 119 
78 148 
78 163 
78 209 
78 315 
78 329 
78 444 
79 156 
79 165 
79 290 
79 479 
80 177 
80 237 
80 450 
81 128 
81 323 
81 342 
81 448 
82 95 
82 130 
82 268 
82 277 
82 442 
83 125 
83 270 
83 301 
85 86 
85 103 
85 156 
85 171 
85 284 
85 285 
85 348 
85 389 
85 407 
85 424 
85 428 
86 92 
86 119 
86 123 
86 130 
86 276 
86 277 
86 292 
86 296 
86 312 
86 324 
86 346 
86 437 
86 463 
86 480 
87 144 
87 176 
87 198 
87 376 
87 418 
88 102 
88 119 
88 156 
88 218 
88 281 
88 286 
88 360 
88 379 
88 443 
89 122 
90 108 
90 240 
90 241 
90 275 
90 337 
90 375 
90 477 
91 149 
91 157 
91 264 
91 281 
91 319 
91 364 
91 378 
92 121 
92 136 
92 148 
92 162 
92 187 
92 228 
92 254 
92 272 
92 293 
92 321 
92 386 
92 399 
92 400 
92 441 
92 487 
93 120 
93 241 
93 290 
93 305 
93 358 
93 425 
94 109 
94 117 
94 195 
94 212 
94 279 
94 318 
94 444 
95 120 
95 173 
96 331 
96 423 
96 425 
96 469 
97 153 
97 178 
97 333 
97 335 
97 478 
98 291 
98 317 
98 432 
99 100 
99 163 
99 193 
99 207 
99 218 
99 248 
99 287 
99 422 
100 105 
100 115 
100 168 
100 173 
100 233 
100 267 
100 295 
100 443 
101 161 
101 242 
101 387 
101 443 
101 462 
101 477 
102 106 
102 242 
102 474 
103 284 
103 377 
103 382 
103 489 
104 281 
105 122 
105 170 
105 209 
105 277 
105 290 
105 301 
105 310 
105 346 
105 418 
107 178 
107 181 
108 482 
109 198 
109 258 
109 279 
109 366 
109 401 
110 125 
110 158 
110 162 
110 190 
110 203 
110 271 
110 286 
110 307 
110 349 
110 366 
111 131 
111 181 
111 282 
111 311 
112 116 
112 144 
112 197 
112 209 
112 311 
112 375 
113 283 
114 126 
114 130 
114 311 
115 120 
115 128 
115 143 
115 154 
115 159 
115 178 
115 238 
115 302 
115 337 
115 358 
115 380 
115 420 
115 426 
115 435 
115 440 
116 147 
116 157 
116 219 
116 318 
116 340 
116 341 
116 435 
116 437 
116 470 
116 482 
117 473 
118 206 
118 294 
118 299 
118 421 
119 138 
120 157 
120 278 
120 332 
120 352 
120 359 
120 465 
120 498 
122 161 
122 206 
122 215 
122 229 
122 256 
122 374 
123 161 
123 177 
123 362 
123 395 
123 445 
123 469 
124 184 
124 188 
124 414 
125 359 
126 193 
126 245 
126 476 
127 131 
127 142 
127 321 
128 405 
129 148 
130 223 
130 288 
130 420 
130 424 
130 428 
130 474 
131 152 
131 410 
131 464 
132 246 
132 337 
132 497 
133 229 
133 316 
133 489 
135 233 
135 242 
135 302 
135 333 
135 450 
135 466 
136 179 
136 200 
136 297 
136 306 
136 308 
136 314 
136 448 
137 258 
137 270 
137 278 
137 295 
137 297 
137 367 
138 207 
138 254 
138 389 
138 401 
138 427 
138 482 
139 149 
139 159 
139 388 
140 187 
140 192 
140 208 
140 238 
140 275 
140 309 
140 404 
140 422 
141 220 
141 260 
142 186 
142 261 
142 276 
142 298 
142 304 
142 308 
142 414 
142 432 
143 164 
143 169 
143 297 
143 343 
143 388 
143 477 
144 489 
145 179 
145 263 
145 329 
145 439 
146 185 
146 197 
146 262 
146 405 
146 431 
147 254 
148 213 
148 232 
148 250 
148 378 
149 180 
149 206 
149 220 
149 222 
149 249 
149 293 
149 415 
150 381 
150 388 
151 166 
151 184 
151 494 
153 205 
153 340 
153 362 
153 398 
153 403 
154 226 
154 241 
154 317 
154 380 
155 238 
155 276 
155 348 
155 467 
155 475 
156 240 
156 323 
156 400 
157 200 
157 312 
157 478 
160 166 
160 280 
160 338 
160 475 
161 173 
162 452 
163 182 
163 213 
163 319 
163 499 
164 167 
165 288 
165 436 
165 470 
166 269 
166 272 
167 222 
168 219 
168 433 
168 463 
169 292 
170 223 
170 320 
171 172 
171 205 
171 458 
172 211 
173 253 
173 347 
173 393 
173 396 
173 412 
174 204 
174 237 
174 432 
174 451 
175 292 
175 384 
175 390 
175 496 
176 436 
177 297 
179 305 
180 248 
180 298 
181 209 
181 326 
181 474 
182 306 
182 396 
184 271 
184 387 
184 417 
185 239 
185 338 
185 366 
185 413 
185 452 
187 219 
187 227 
187 234 
187 293 
187 322 
188 195 
188 245 
188 260 
188 354 
188 483 
189 210 
189 234 
189 245 
189 251 
189 309 
189 349 
189 462 
192 347 
192 374 
193 257 
193 258 
193 289 
193 383 
193 484 
194 235 
194 272 
194 340 
194 373 
195 282 
195 311 
195 337 
195 396 
195 397 
195 404 
196 200 
196 204 
196 258 
196 289 
196 314 
196 397 
196 407 
196 422 
197 224 
197 436 
198 245 
198 257 
198 278 
198 397 
200 220 
200 312 
200 316 
200 404 
200 479 
201 476 
202 219 
202 277 
202 282 
202 451 
202 495 
203 351 
203 460 
204 224 
204 301 
205 252 
205 402 
207 257 
207 434 
208 319 
209 244 
209 296 
212 239 
213 259 
213 394 
215 328 
215 380 
216 226 
216 430 
217 249 
218 224 
218 356 
218 392 
219 313 
219 384 
220 265 
220 306 
220 446 
220 475 
222 479 
226 484 
228 487 
228 499 
229 387 
230 232 
230 338 
231 345 
232 367 
232 417 
233 243 
233 473 
234 270 
234 383 
234 446 
236 321 
236 343 
237 488 
238 287 
238 412 
238 420 
238 492 
239 255 
239 370 
239 491 
240 310 
240 315 
240 391 
241 247 
241 266 
241 273 
243 291 
244 485 
245 325 
245 449 
246 250 
246 394 
247 433 
248 266 
249 285 
249 294 
249 305 
249 386 
249 401 
249 403 
249 457 
250 476 
253 272 
253 426 
253 427 
253 460 
254 268 
254 381 
254 389 
255 398 
256 259 
256 285 
258 259 
258 367 
259 454 
260 269 
261 420 
262 434 
262 470 
263 392 
263 393 
266 295 
268 359 
268 399 
269 410 
271 403 
272 416 
272 431 
274 284 
275 329 
277 371 
278 336 
281 357 
281 415 
281 498 
282 339 
282 365 
282 402 
283 330 
285 434 
286 326 
286 340 
286 378 
286 396 
286 445 
286 450 
286 484 
286 493 
286 495 
287 428 
288 314 
288 317 
291 363 
291 448 
293 296 
293 335 
293 425 
293 473 
294 309 
294 468 
297 490 
300 450 
301 322 
301 441 
301 456 
301 494 
302 382 
302 412 
305 404 
305 453 
307 402 
307 446 
307 493 
308 309 
308 459 
309 406 
310 444 
310 474 
313 408 
313 497 
314 334 
314 371 
314 400 
316 342 
316 445 
319 472 
321 394 
322 410 
323 453 
324 326 
326 373 
329 339 
331 407 
332 427 
332 496 
333 334 
333 452 
336 353 
336 471 
336 481 
337 341 
337 376 
338 464 
342 353 
343 416 
347 386 
348 351 
349 487 
350 385 
352 377 
352 433 
352 459 
353 382 
353 456 
355 387 
358 435 
359 429 
361 443 
362 385 
363 366 
363 457 
364 365 
365 391 
366 370 
366 379 
366 422 
367 467 
373 416 
379 438 
380 465 
386 419 
390 455 
398 456 
401 411 
406 411 
406 413 
406 442 
408 413 
413 460 
415 478 
421 458 
422 452 
423 449 
423 488 
425 455 
427 461 
438 451 
441 454 
442 449 
445 447 
445 492 
449 484 
460 486 
464 492 
466 478 
493 498 
