false
false
500
1988
0 1 
0 3 
0 4 
0 5 
0 6 
0 11 
0 12 
0 13 
0 14 
0 15 
0 17 
0 19 
0 20 
0 22 
0 23 
0 24 
0 31 
0 33 
0 35 
0 39 
0 42 
0 44 
0 54 
0 58 
0 61 
0 69 
0 70 
0 80 
0 86 
0 93 
0 100 
0 112 
0 115 
0 120 
0 127 
0 143 
0 144 
0 146 
0 147 
0 153 
0 161 
0 163 
0 166 
0 178 
0 182 
0 193 
0 203 
0 208 
0 211 
0 236 
0 239 
0 254 
0 257 
0 268 
0 271 
0 274 
0 284 
0 289 
0 299 
0 308 
0 318 
0 319 
0 340 
0 362 
0 365 
0 366 
0 367 
0 382 
0 391 
0 394 
0 397 
0 417 
0 430 
0 436 
0 441 
0 454 
0 462 
0 472 
0 488 
0 492 
0 495 
1 2 
1 4 
1 5 
1 7 
1 13 
1 14 
1 18 
1 25 
1 30 
1 34 
1 42 
1 49 
1 58 
1 65 
1 69 
1 74 
1 77 
1 82 
1 89 
1 91 
1 105 
1 112 
1 113 
1 122 
1 123 
1 138 
1 139 
1 149 
1 160 
1 168 
1 183 
1 192 
1 199 
1 207 
1 211 
1 215 
1 226 
1 229 
1 236 
1 261 
1 278 
1 307 
1 318 
1 329 
1 337 
1 338 
1 372 
1 390 
1 398 
1 437 
1 472 
1 493 
2 3 
2 4 
2 5 
2 6 
2 9 
2 10 
2 11 
2 28 
2 36 
2 39 
2 45 
2 79 
2 96 
2 133 
2 151 
2 169 
2 171 
2 187 
2 199 
2 239 
2 250 
2 252 
2 310 
2 353 
2 398 
2 428 
2 434 
2 451 
3 4 
3 5 
3 6 
3 7 
3 8 
3 9 
3 10 
3 15 
3 22 
3 23 
3 24 
3 27 
3 35 
3 40 
3 43 
3 47 
3 50 
3 52 
3 55 
3 63 
3 71 
3 74 
3 76 
3 82 
3 90 
3 91 
3 100 
3 102 
3 109 
3 128 
3 147 
3 157 
3 167 
3 200 
3 213 
3 215 
3 243 
3 258 
3 275 
3 277 
3 324 
3 336 
3 350 
3 376 
3 384 
3 432 
3 451 
3 459 
3 469 
3 474 
3 489 
3 495 
4 6 
4 7 
4 9 
4 11 
4 12 
4 25 
4 83 
4 91 
4 114 
4 117 
4 126 
4 167 
4 170 
4 173 
4 177 
4 217 
4 277 
4 306 
4 333 
4 359 
4 404 
4 468 
5 8 
5 13 
5 20 
5 27 
5 29 
5 31 
5 39 
5 40 
5 44 
5 62 
5 64 
5 79 
5 87 
5 94 
5 95 
5 109 
5 120 
5 123 
5 129 
5 139 
5 160 
5 165 
5 182 
5 183 
5 191 
5 228 
5 230 
5 233 
5 244 
5 246 
5 260 
5 267 
5 291 
5 316 
5 323 
5 342 
5 355 
5 364 
5 394 
5 401 
5 423 
5 497 
6 7 
6 8 
6 13 
6 15 
6 20 
6 32 
6 34 
6 46 
6 53 
6 56 
6 68 
6 75 
6 125 
6 150 
6 155 
6 168 
6 175 
6 198 
6 201 
6 203 
6 204 
6 206 
6 225 
6 228 
6 257 
6 284 
6 310 
6 320 
6 331 
6 344 
6 369 
6 385 
6 423 
6 449 
6 453 
6 480 
6 497 
7 8 
7 9 
7 10 
7 14 
7 16 
7 17 
7 18 
7 19 
7 20 
7 24 
7 26 
7 29 
7 36 
7 47 
7 50 
7 55 
7 63 
7 66 
7 81 
7 85 
7 90 
7 94 
7 97 
7 103 
7 106 
7 121 
7 127 
7 142 
7 166 
7 170 
7 192 
7 194 
7 202 
7 214 
7 242 
7 256 
7 261 
7 265 
7 290 
7 298 
7 302 
7 311 
7 315 
7 319 
7 340 
7 365 
7 384 
7 391 
7 443 
8 12 
8 15 
8 16 
8 21 
8 27 
8 37 
8 57 
8 59 
8 62 
8 64 
8 66 
8 67 
8 72 
8 83 
8 122 
8 124 
8 128 
8 131 
8 151 
8 160 
8 162 
8 170 
8 183 
8 184 
8 214 
8 216 
8 248 
8 250 
8 273 
8 289 
8 292 
8 302 
8 321 
8 324 
8 326 
8 328 
8 371 
8 382 
8 385 
8 447 
8 498 
9 10 
9 26 
9 28 
9 33 
9 38 
9 44 
9 45 
9 78 
9 82 
9 85 
9 102 
9 108 
9 127 
9 129 
9 141 
9 179 
9 226 
9 241 
9 247 
9 259 
9 265 
9 306 
9 366 
9 373 
9 389 
9 432 
9 467 
9 477 
10 11 
10 12 
10 18 
10 21 
10 31 
10 40 
10 43 
10 55 
10 71 
10 81 
10 88 
10 96 
10 98 
10 104 
10 107 
10 126 
10 173 
10 175 
10 179 
10 193 
10 206 
10 242 
10 246 
10 299 
10 331 
10 342 
10 395 
10 420 
11 16 
11 18 
11 24 
11 69 
11 88 
11 89 
11 106 
11 197 
11 201 
11 203 
11 217 
11 263 
11 272 
11 297 
11 301 
11 365 
11 440 
11 460 
11 474 
12 16 
12 17 
12 19 
12 21 
12 28 
12 48 
12 53 
12 84 
12 94 
12 101 
12 111 
12 117 
12 118 
12 120 
12 135 
12 222 
12 291 
12 304 
12 361 
12 369 
12 414 
12 469 
13 14 
13 21 
13 30 
13 36 
13 49 
13 65 
13 77 
13 208 
13 247 
13 250 
13 331 
13 379 
13 392 
13 485 
13 491 
14 23 
14 26 
14 42 
14 45 
14 50 
14 57 
14 73 
14 101 
14 105 
14 114 
14 137 
14 152 
14 204 
14 230 
14 255 
14 270 
14 281 
14 298 
14 307 
14 395 
15 19 
15 27 
15 39 
15 40 
15 59 
15 61 
15 92 
15 95 
15 109 
15 142 
15 187 
15 188 
15 234 
15 366 
15 410 
15 432 
16 17 
16 22 
16 34 
16 41 
16 43 
16 44 
16 47 
16 61 
16 65 
16 83 
16 85 
16 106 
16 108 
16 115 
16 153 
16 154 
16 167 
16 169 
16 205 
16 207 
16 216 
16 229 
16 246 
16 262 
16 274 
16 285 
16 290 
16 304 
16 336 
16 339 
16 344 
16 347 
16 360 
16 371 
16 381 
16 397 
16 401 
16 403 
16 442 
16 462 
16 467 
16 476 
16 484 
17 23 
17 35 
17 56 
17 73 
17 102 
17 110 
17 125 
17 132 
17 150 
17 194 
17 225 
17 229 
17 272 
17 317 
17 334 
17 418 
17 435 
17 453 
17 476 
18 22 
18 32 
18 54 
18 63 
18 89 
18 141 
18 146 
18 176 
18 196 
18 256 
18 323 
18 335 
18 368 
18 379 
18 410 
18 477 
19 45 
19 68 
19 220 
19 261 
20 32 
20 62 
20 64 
20 103 
20 181 
20 213 
20 280 
20 299 
20 362 
21 26 
21 28 
21 37 
21 41 
21 48 
21 51 
21 76 
21 88 
21 92 
21 107 
21 119 
21 163 
21 199 
21 232 
21 271 
21 348 
21 356 
21 390 
21 397 
21 419 
21 428 
21 458 
21 483 
22 25 
22 49 
22 339 
22 356 
23 25 
23 29 
23 30 
23 41 
23 53 
23 60 
23 80 
23 82 
23 86 
23 124 
23 136 
23 139 
23 145 
23 173 
23 182 
23 184 
23 212 
23 219 
23 220 
23 223 
23 226 
23 249 
23 286 
23 287 
23 288 
23 320 
23 325 
23 337 
23 349 
23 357 
23 358 
23 377 
23 415 
24 74 
24 99 
24 104 
24 369 
24 486 
25 32 
25 41 
25 48 
25 52 
25 57 
25 59 
25 75 
25 77 
25 78 
25 123 
25 129 
25 145 
25 172 
25 184 
25 248 
25 296 
25 380 
25 412 
26 34 
26 43 
26 60 
26 67 
26 70 
26 99 
26 110 
26 119 
26 121 
26 128 
26 158 
26 196 
26 219 
26 255 
26 289 
26 303 
26 415 
26 419 
26 439 
26 481 
26 495 
27 29 
27 52 
27 67 
27 92 
27 129 
27 211 
27 239 
27 259 
27 328 
27 417 
27 479 
28 31 
28 33 
28 38 
28 52 
28 53 
28 62 
28 64 
28 98 
28 113 
28 115 
28 117 
28 144 
28 146 
28 202 
28 209 
28 245 
28 253 
28 287 
28 332 
28 344 
28 355 
29 30 
29 36 
29 38 
29 76 
29 116 
29 119 
29 156 
29 175 
29 202 
29 227 
29 233 
29 247 
29 254 
29 271 
29 394 
29 400 
29 405 
29 430 
29 452 
29 482 
30 33 
30 35 
30 38 
30 54 
30 58 
30 75 
30 80 
30 93 
30 100 
30 103 
30 111 
30 117 
30 126 
30 134 
30 151 
30 181 
30 198 
30 221 
30 245 
30 251 
30 259 
30 265 
30 266 
30 275 
30 279 
30 283 
30 284 
30 288 
30 302 
30 307 
30 347 
30 357 
30 386 
30 400 
30 405 
30 482 
31 110 
31 151 
31 299 
31 303 
31 326 
31 373 
31 403 
31 426 
31 482 
32 47 
32 74 
32 85 
32 96 
32 105 
32 116 
32 150 
32 154 
32 158 
32 172 
32 217 
32 240 
32 484 
33 50 
33 55 
33 73 
33 84 
33 125 
33 165 
33 180 
33 197 
33 245 
33 252 
33 310 
33 327 
33 396 
33 466 
34 37 
34 56 
34 113 
34 130 
34 198 
34 203 
34 213 
34 253 
34 298 
34 304 
34 350 
34 393 
34 404 
34 437 
34 445 
34 452 
34 485 
35 37 
35 69 
35 104 
35 130 
35 133 
35 137 
35 139 
35 200 
35 223 
35 264 
35 313 
35 375 
35 377 
35 382 
35 388 
35 453 
35 468 
35 481 
35 483 
36 42 
36 59 
36 86 
36 97 
36 138 
36 144 
36 176 
36 197 
36 293 
36 326 
36 353 
36 374 
36 436 
36 462 
36 467 
37 91 
37 92 
37 309 
37 312 
37 314 
37 332 
37 364 
37 424 
38 48 
38 99 
38 158 
38 175 
38 179 
38 221 
38 233 
38 296 
38 396 
38 430 
39 51 
39 66 
39 115 
39 152 
39 195 
39 219 
39 262 
39 270 
39 285 
39 330 
39 476 
39 477 
39 490 
40 56 
40 57 
40 61 
40 72 
40 77 
40 141 
40 167 
40 185 
40 217 
40 218 
40 285 
40 340 
40 361 
40 364 
40 378 
40 446 
40 487 
41 46 
41 102 
41 193 
41 205 
41 313 
41 474 
41 496 
42 46 
42 49 
42 51 
42 73 
42 78 
42 122 
42 149 
42 163 
42 201 
42 206 
42 267 
42 281 
42 306 
42 353 
42 370 
42 436 
42 449 
42 465 
42 480 
43 60 
43 72 
43 114 
43 159 
43 342 
43 413 
43 414 
43 459 
43 498 
44 121 
44 148 
44 178 
44 251 
44 385 
45 46 
45 60 
45 66 
45 107 
45 137 
45 148 
45 211 
45 272 
45 276 
45 391 
45 472 
46 71 
46 101 
46 156 
46 224 
46 258 
46 368 
46 375 
46 396 
46 450 
47 51 
47 67 
47 124 
47 148 
47 201 
47 256 
47 257 
47 371 
47 399 
48 58 
48 84 
48 89 
48 213 
48 231 
48 252 
48 308 
48 322 
48 343 
48 351 
48 387 
49 76 
49 78 
49 143 
49 164 
49 166 
49 212 
49 220 
49 312 
49 351 
49 363 
49 465 
49 470 
50 68 
50 87 
50 90 
50 95 
50 100 
50 132 
50 133 
50 134 
50 170 
50 271 
50 284 
50 291 
50 314 
50 348 
50 354 
50 375 
50 448 
50 473 
50 484 
51 54 
51 65 
51 70 
51 75 
51 81 
51 108 
51 111 
51 150 
51 159 
51 204 
51 227 
51 258 
51 280 
51 333 
51 401 
51 421 
52 181 
52 193 
52 282 
53 108 
53 118 
53 238 
53 273 
53 403 
54 90 
54 93 
54 172 
54 181 
54 190 
54 305 
54 351 
54 411 
54 481 
55 79 
55 93 
55 97 
55 116 
55 134 
55 142 
55 169 
55 174 
55 176 
55 188 
55 270 
55 287 
55 288 
55 305 
55 316 
55 321 
55 409 
55 411 
55 440 
56 158 
56 185 
56 209 
56 222 
56 230 
56 237 
56 324 
56 363 
57 128 
57 186 
57 373 
57 422 
58 212 
58 434 
59 114 
59 136 
59 240 
59 244 
60 63 
60 143 
60 144 
60 145 
60 177 
60 202 
60 227 
60 303 
60 343 
61 81 
61 120 
61 261 
62 164 
62 200 
62 224 
62 238 
62 309 
62 338 
63 72 
63 131 
63 140 
63 142 
63 157 
63 159 
63 189 
63 293 
63 295 
63 310 
63 330 
63 350 
63 480 
63 492 
64 68 
64 107 
64 155 
64 465 
65 209 
65 269 
65 473 
65 491 
66 156 
66 161 
66 218 
66 268 
66 376 
66 388 
66 417 
66 422 
66 429 
67 96 
67 171 
67 243 
67 254 
67 363 
67 465 
68 71 
68 87 
68 152 
68 269 
69 70 
69 88 
69 97 
69 105 
69 109 
69 137 
69 236 
69 248 
69 276 
69 295 
69 300 
69 317 
69 333 
69 354 
69 367 
69 370 
69 486 
70 84 
70 111 
70 147 
70 230 
70 329 
70 345 
70 380 
70 405 
71 99 
71 140 
71 471 
72 79 
72 80 
72 132 
72 157 
72 171 
72 234 
72 346 
72 357 
72 471 
73 94 
73 155 
74 112 
74 124 
74 125 
74 136 
74 345 
74 361 
74 371 
74 393 
74 438 
74 454 
75 87 
75 131 
75 135 
75 149 
75 197 
75 235 
75 275 
75 304 
75 309 
75 330 
75 333 
75 391 
75 392 
76 101 
76 190 
78 86 
78 249 
78 266 
78 317 
78 441 
79 174 
79 262 
79 340 
79 459 
80 95 
80 130 
80 169 
80 189 
80 294 
80 296 
80 325 
80 438 
81 133 
81 140 
81 141 
81 337 
81 408 
81 460 
82 83 
82 98 
82 131 
82 147 
82 174 
82 301 
82 327 
82 387 
82 413 
82 463 
82 487 
83 122 
83 152 
83 166 
83 176 
83 303 
83 331 
83 355 
83 456 
84 482 
85 112 
85 140 
85 153 
85 305 
86 214 
86 286 
86 298 
86 402 
88 222 
88 243 
88 302 
88 312 
88 420 
88 442 
89 103 
89 106 
89 156 
89 159 
89 162 
89 215 
89 256 
89 258 
89 267 
89 279 
89 281 
89 312 
89 335 
89 389 
89 408 
89 468 
90 288 
90 346 
90 389 
90 394 
90 464 
90 490 
90 499 
91 490 
92 259 
92 353 
92 417 
92 426 
93 110 
93 116 
93 368 
94 98 
94 127 
94 188 
94 216 
95 146 
95 190 
95 196 
95 244 
95 308 
95 386 
95 499 
96 104 
96 121 
96 148 
96 157 
96 236 
96 308 
96 328 
96 411 
96 427 
96 496 
97 186 
97 187 
97 356 
97 393 
97 396 
97 490 
98 311 
98 489 
99 164 
99 395 
100 163 
100 180 
100 207 
100 274 
100 352 
100 425 
100 477 
101 209 
101 235 
101 253 
101 274 
101 455 
102 119 
102 130 
102 192 
102 196 
102 229 
102 335 
102 349 
102 359 
102 433 
103 118 
103 173 
103 204 
103 228 
103 240 
103 301 
103 316 
103 323 
103 343 
103 380 
103 383 
103 388 
103 455 
104 138 
104 283 
104 337 
104 341 
104 379 
104 414 
105 408 
105 472 
107 161 
107 215 
107 352 
107 374 
107 402 
107 443 
108 177 
108 290 
108 318 
108 363 
108 368 
108 494 
109 346 
110 118 
110 238 
110 242 
110 300 
110 315 
110 316 
110 459 
111 272 
111 378 
111 411 
111 429 
111 496 
112 113 
112 132 
112 194 
112 220 
112 278 
112 382 
112 387 
112 400 
112 470 
113 292 
113 448 
115 172 
115 250 
116 126 
116 224 
116 431 
116 461 
118 135 
118 155 
118 191 
118 221 
118 300 
118 334 
118 460 
119 210 
119 446 
119 478 
119 488 
120 282 
120 484 
121 123 
121 135 
121 343 
122 153 
122 475 
123 143 
123 145 
123 179 
123 191 
123 280 
123 311 
123 379 
123 444 
123 476 
124 136 
124 162 
125 186 
125 198 
125 264 
125 408 
125 437 
126 161 
126 189 
126 208 
126 283 
126 447 
126 457 
127 311 
127 327 
127 329 
127 439 
128 134 
128 168 
128 205 
128 470 
129 162 
129 187 
129 206 
129 286 
130 232 
130 280 
130 378 
130 428 
130 444 
131 186 
131 222 
131 309 
131 313 
131 440 
132 138 
132 268 
132 413 
133 165 
133 214 
133 235 
133 269 
133 336 
133 374 
133 451 
133 466 
134 180 
134 219 
134 257 
134 373 
134 384 
134 410 
135 205 
135 344 
136 225 
137 178 
137 189 
137 192 
137 195 
138 180 
138 210 
138 244 
138 409 
139 154 
139 200 
139 376 
139 431 
140 210 
140 227 
140 341 
140 366 
141 149 
141 239 
141 292 
142 207 
142 354 
142 427 
142 489 
143 341 
143 461 
144 177 
144 234 
144 372 
144 468 
144 496 
145 183 
145 264 
146 386 
146 427 
146 443 
146 499 
147 279 
147 295 
148 165 
148 421 
148 481 
149 154 
149 160 
149 285 
149 390 
150 294 
150 433 
150 485 
151 195 
151 279 
151 440 
151 475 
152 168 
152 263 
153 255 
154 164 
154 324 
154 422 
154 447 
155 171 
155 487 
156 330 
156 412 
156 418 
157 223 
157 336 
157 381 
157 441 
157 456 
157 461 
158 232 
158 277 
158 319 
158 351 
158 362 
158 463 
159 188 
159 234 
159 314 
159 364 
159 378 
159 399 
159 469 
159 471 
159 473 
160 184 
161 199 
161 254 
162 398 
162 442 
164 231 
164 392 
165 226 
165 348 
165 419 
167 190 
167 224 
167 350 
167 390 
168 332 
169 218 
169 318 
169 332 
169 499 
170 182 
170 342 
170 400 
171 208 
171 347 
171 426 
172 174 
172 435 
172 466 
173 185 
173 216 
173 268 
173 451 
174 178 
174 195 
174 228 
174 237 
174 286 
175 263 
175 498 
176 246 
176 295 
176 321 
176 374 
177 444 
178 321 
179 290 
179 325 
179 348 
179 464 
180 194 
180 315 
180 381 
180 478 
180 480 
181 232 
181 287 
181 334 
181 428 
182 223 
182 266 
182 370 
182 387 
182 407 
182 450 
182 463 
183 185 
183 218 
183 359 
183 393 
183 432 
184 240 
184 243 
184 425 
185 296 
186 241 
187 191 
188 260 
189 273 
189 386 
190 260 
190 360 
191 293 
191 485 
192 406 
192 429 
193 249 
193 322 
194 248 
194 339 
194 423 
195 329 
195 357 
196 241 
196 282 
197 225 
197 461 
198 221 
198 300 
198 415 
199 262 
199 424 
201 242 
201 319 
201 355 
202 359 
202 445 
202 456 
203 281 
203 283 
204 231 
204 278 
204 431 
205 275 
205 305 
205 322 
205 435 
206 245 
206 322 
206 356 
206 437 
207 267 
207 335 
207 360 
207 412 
208 210 
208 249 
208 421 
209 354 
210 212 
210 458 
213 251 
214 395 
215 260 
215 264 
215 438 
216 488 
217 231 
217 314 
217 492 
218 347 
218 456 
219 278 
219 416 
219 457 
219 486 
220 247 
221 238 
221 292 
221 418 
221 419 
221 458 
221 460 
223 306 
224 263 
224 439 
224 469 
225 416 
227 237 
229 362 
230 372 
230 464 
231 235 
231 341 
232 233 
232 237 
232 270 
232 320 
232 369 
232 434 
233 467 
234 453 
234 497 
235 410 
238 403 
239 273 
239 294 
240 241 
240 253 
240 315 
240 375 
241 377 
241 429 
242 276 
242 457 
243 255 
243 446 
244 251 
244 269 
244 334 
245 313 
245 409 
246 352 
246 487 
246 495 
248 479 
249 277 
249 407 
250 439 
250 454 
251 252 
253 415 
253 446 
254 349 
256 266 
256 416 
257 372 
257 493 
258 479 
259 297 
259 358 
260 265 
263 421 
264 282 
264 455 
265 307 
267 276 
267 424 
271 384 
273 294 
273 327 
273 367 
273 441 
274 413 
274 445 
276 338 
276 498 
278 406 
278 473 
279 297 
283 385 
283 445 
284 293 
284 301 
284 404 
284 458 
285 414 
286 297 
287 381 
288 289 
288 323 
289 491 
290 291 
290 346 
290 352 
290 478 
291 365 
293 475 
295 345 
295 358 
295 399 
295 425 
296 435 
297 462 
299 464 
300 407 
301 325 
301 447 
304 345 
305 339 
308 328 
312 392 
312 423 
312 478 
314 320 
315 317 
315 401 
315 402 
316 422 
317 326 
319 406 
321 436 
323 338 
324 360 
324 454 
325 361 
325 493 
329 370 
330 420 
331 358 
331 470 
331 494 
334 483 
335 383 
339 367 
339 377 
340 389 
340 404 
341 493 
342 349 
342 398 
342 494 
344 380 
345 406 
346 388 
347 418 
348 434 
351 399 
351 463 
352 383 
352 442 
357 383 
357 409 
357 426 
358 397 
362 376 
362 407 
367 471 
367 488 
369 497 
370 425 
371 433 
376 416 
384 474 
388 449 
389 448 
392 486 
394 450 
396 420 
396 438 
399 402 
399 431 
401 412 
402 405 
402 450 
405 424 
405 433 
407 475 
408 449 
411 483 
415 455 
418 452 
420 430 
424 427 
425 444 
426 457 
430 443 
435 452 
438 489 
440 466 
443 448 
469 491 
477 479 
477 492 
477 494 
