false
false
500
1988
0 1 
0 3 
0 4 
0 5 
0 12 
0 13 
0 22 
0 24 
0 25 
0 52 
0 57 
0 69 
0 88 
0 96 
0 106 
0 119 
0 125 
0 131 
0 137 
0 155 
0 156 
0 202 
0 219 
0 230 
0 260 
0 261 
0 271 
0 273 
0 274 
0 303 
0 312 
0 327 
0 341 
0 369 
0 371 
0 372 
0 374 
0 409 
0 430 
0 448 
0 487 
1 2 
1 4 
1 6 
1 8 
1 9 
1 12 
1 14 
1 15 
1 17 
1 22 
1 24 
1 36 
1 37 
1 39 
1 54 
1 55 
1 59 
1 61 
1 65 
1 67 
1 74 
1 80 
1 92 
1 99 
1 128 
1 129 
1 132 
1 138 
1 146 
1 148 
1 151 
1 155 
1 168 
1 170 
1 176 
1 179 
1 189 
1 192 
1 196 
1 208 
1 221 
1 224 
1 231 
1 234 
1 236 
1 243 
1 260 
1 274 
1 275 
1 295 
1 308 
1 338 
1 357 
1 396 
1 400 
1 426 
1 439 
1 450 
1 455 
1 467 
1 490 
1 492 
2 3 
2 4 
2 5 
2 6 
2 7 
2 9 
2 10 
2 11 
2 12 
2 15 
2 17 
2 19 
2 26 
2 34 
2 38 
2 40 
2 43 
2 52 
2 53 
2 56 
2 58 
2 60 
2 66 
2 70 
2 72 
2 75 
2 87 
2 96 
2 113 
2 124 
2 127 
2 138 
2 143 
2 144 
2 146 
2 153 
2 167 
2 168 
2 213 
2 214 
2 226 
2 228 
2 241 
2 271 
2 292 
2 302 
2 306 
2 315 
2 331 
2 336 
2 349 
2 355 
2 356 
2 383 
2 422 
2 427 
2 442 
2 457 
2 458 
2 473 
3 4 
3 5 
3 6 
3 7 
3 8 
3 21 
3 28 
3 30 
3 33 
3 35 
3 44 
3 50 
3 68 
3 90 
3 113 
3 120 
3 122 
3 133 
3 134 
3 208 
3 228 
3 230 
3 232 
3 247 
3 254 
3 305 
3 313 
3 349 
3 369 
3 371 
3 448 
3 467 
3 470 
3 471 
3 483 
4 5 
4 7 
4 8 
4 14 
4 19 
4 31 
4 32 
4 40 
4 41 
4 48 
4 49 
4 53 
4 61 
4 63 
4 64 
4 68 
4 70 
4 77 
4 99 
4 105 
4 117 
4 149 
4 160 
4 176 
4 191 
4 207 
4 209 
4 248 
4 250 
4 265 
4 301 
4 307 
4 309 
4 314 
4 320 
4 345 
4 348 
4 397 
4 413 
4 446 
4 454 
4 466 
4 496 
5 6 
5 7 
5 8 
5 9 
5 10 
5 11 
5 13 
5 16 
5 17 
5 23 
5 31 
5 36 
5 37 
5 40 
5 43 
5 45 
5 57 
5 59 
5 60 
5 85 
5 86 
5 97 
5 102 
5 107 
5 113 
5 117 
5 121 
5 139 
5 141 
5 148 
5 161 
5 177 
5 182 
5 191 
5 194 
5 198 
5 200 
5 216 
5 247 
5 255 
5 256 
5 258 
5 261 
5 290 
5 291 
5 302 
5 327 
5 343 
5 373 
5 392 
5 428 
5 432 
5 437 
5 453 
5 464 
5 472 
5 474 
5 479 
5 498 
6 18 
6 22 
6 25 
6 32 
6 35 
6 45 
6 64 
6 93 
6 94 
6 134 
6 139 
6 252 
6 328 
6 342 
6 350 
6 355 
6 445 
6 458 
6 465 
7 9 
7 10 
7 11 
7 13 
7 14 
7 19 
7 20 
7 25 
7 26 
7 30 
7 31 
7 32 
7 35 
7 38 
7 41 
7 43 
7 47 
7 53 
7 56 
7 65 
7 73 
7 77 
7 79 
7 81 
7 83 
7 85 
7 93 
7 95 
7 107 
7 114 
7 117 
7 120 
7 121 
7 127 
7 131 
7 134 
7 135 
7 142 
7 147 
7 153 
7 162 
7 187 
7 198 
7 210 
7 217 
7 220 
7 221 
7 242 
7 249 
7 257 
7 272 
7 273 
7 277 
7 290 
7 291 
7 295 
7 309 
7 322 
7 326 
7 328 
7 337 
7 359 
7 376 
7 377 
7 401 
7 402 
7 410 
7 412 
7 435 
7 451 
7 459 
7 477 
7 484 
8 12 
8 13 
8 16 
8 17 
8 21 
8 24 
8 26 
8 27 
8 33 
8 36 
8 39 
8 42 
8 60 
8 67 
8 81 
8 83 
8 87 
8 91 
8 93 
8 103 
8 106 
8 119 
8 126 
8 129 
8 147 
8 150 
8 155 
8 158 
8 174 
8 178 
8 188 
8 193 
8 194 
8 227 
8 228 
8 240 
8 244 
8 252 
8 277 
8 280 
8 283 
8 315 
8 351 
8 355 
8 363 
8 378 
8 407 
8 416 
8 434 
8 441 
9 10 
9 14 
9 16 
9 18 
9 27 
9 30 
9 48 
9 49 
9 50 
9 66 
9 79 
9 81 
9 84 
9 87 
9 89 
9 91 
9 92 
9 103 
9 104 
9 105 
9 108 
9 109 
9 115 
9 128 
9 129 
9 131 
9 144 
9 148 
9 162 
9 163 
9 181 
9 184 
9 186 
9 188 
9 189 
9 215 
9 226 
9 259 
9 281 
9 286 
9 293 
9 305 
9 310 
9 316 
9 363 
9 380 
9 387 
9 391 
9 411 
9 414 
9 435 
9 458 
9 497 
10 11 
10 19 
10 20 
10 21 
10 22 
10 25 
10 38 
10 42 
10 62 
10 63 
10 81 
10 90 
10 102 
10 106 
10 109 
10 114 
10 119 
10 145 
10 159 
10 172 
10 177 
10 193 
10 204 
10 212 
10 215 
10 216 
10 220 
10 229 
10 234 
10 241 
10 255 
10 260 
10 263 
10 316 
10 317 
10 329 
10 330 
10 353 
10 363 
10 370 
10 376 
10 425 
10 426 
10 458 
10 463 
10 475 
11 18 
11 23 
11 27 
11 28 
11 29 
11 42 
11 44 
11 50 
11 62 
11 65 
11 82 
11 100 
11 103 
11 112 
11 125 
11 142 
11 149 
11 152 
11 170 
11 193 
11 207 
11 230 
11 257 
11 287 
11 301 
11 312 
11 324 
11 329 
11 333 
11 339 
11 454 
11 473 
11 478 
11 481 
12 41 
12 60 
12 75 
12 85 
12 115 
12 182 
12 370 
12 477 
12 486 
13 15 
13 16 
13 26 
13 51 
13 53 
13 57 
13 58 
13 66 
13 67 
13 71 
13 73 
13 74 
13 93 
13 102 
13 116 
13 130 
13 162 
13 166 
13 169 
13 170 
13 187 
13 190 
13 199 
13 211 
13 213 
13 243 
13 249 
13 303 
13 323 
13 331 
13 348 
13 358 
13 368 
13 396 
13 423 
13 424 
13 429 
13 475 
14 15 
14 20 
14 54 
14 64 
14 83 
14 110 
14 118 
14 130 
14 141 
14 206 
14 222 
14 225 
14 276 
14 314 
14 379 
14 456 
14 471 
15 18 
15 24 
15 39 
15 46 
15 47 
15 55 
15 57 
15 58 
15 61 
15 73 
15 80 
15 84 
15 86 
15 87 
15 98 
15 99 
15 104 
15 154 
15 155 
15 163 
15 168 
15 184 
15 216 
15 220 
15 223 
15 225 
15 227 
15 243 
15 251 
15 263 
15 281 
15 287 
15 298 
15 321 
15 340 
15 366 
15 370 
15 385 
15 389 
15 397 
15 415 
15 447 
15 450 
16 20 
16 40 
16 239 
16 249 
16 357 
17 23 
17 41 
17 45 
17 75 
17 137 
17 173 
17 188 
17 196 
17 244 
17 277 
17 400 
17 448 
18 37 
18 43 
18 66 
18 74 
18 106 
18 173 
18 198 
18 216 
18 267 
18 285 
18 300 
18 341 
18 376 
18 424 
18 430 
18 435 
19 28 
19 29 
19 34 
19 101 
19 122 
19 125 
19 126 
19 144 
19 161 
19 185 
19 194 
19 195 
19 206 
19 261 
19 293 
19 389 
19 395 
19 417 
19 434 
19 454 
20 21 
20 52 
20 138 
20 156 
20 255 
20 307 
20 398 
20 469 
21 47 
21 51 
21 63 
21 68 
21 118 
21 129 
21 238 
21 295 
21 318 
21 339 
21 445 
21 498 
22 23 
22 36 
22 49 
22 58 
22 62 
22 142 
22 336 
22 416 
23 29 
23 71 
23 131 
23 156 
23 235 
23 256 
23 283 
23 419 
23 422 
23 445 
23 486 
24 30 
24 33 
24 42 
24 84 
24 89 
24 112 
24 114 
24 132 
24 171 
24 395 
24 406 
24 475 
25 28 
25 266 
25 269 
25 278 
25 286 
25 452 
25 466 
25 475 
26 27 
26 31 
26 38 
26 45 
26 76 
26 98 
26 187 
26 192 
26 212 
26 297 
26 368 
27 29 
27 33 
27 35 
27 44 
27 47 
27 56 
27 71 
27 75 
27 89 
27 116 
27 140 
27 152 
27 178 
27 189 
27 198 
27 207 
27 209 
27 213 
27 218 
27 219 
27 226 
27 244 
27 306 
27 308 
27 361 
27 376 
27 464 
28 409 
29 34 
29 46 
29 51 
29 63 
29 68 
29 69 
29 74 
29 97 
29 121 
29 123 
29 124 
29 158 
29 164 
29 166 
29 241 
29 260 
29 284 
29 304 
29 414 
29 427 
29 443 
30 34 
30 197 
30 239 
30 268 
30 287 
30 296 
30 453 
30 472 
31 32 
31 44 
31 78 
31 85 
31 92 
31 96 
31 150 
31 154 
31 160 
31 179 
31 187 
31 229 
31 243 
31 404 
31 444 
32 54 
32 56 
32 152 
32 223 
32 259 
32 267 
32 292 
32 335 
32 345 
32 399 
32 465 
32 478 
33 39 
33 64 
33 67 
33 69 
33 88 
33 89 
33 94 
33 98 
33 100 
33 103 
33 116 
33 141 
33 151 
33 152 
33 242 
33 268 
33 300 
33 408 
33 456 
33 484 
34 37 
34 48 
34 52 
34 55 
34 72 
34 82 
34 110 
34 122 
34 136 
34 169 
34 180 
34 192 
34 211 
34 236 
34 254 
34 270 
34 292 
34 299 
34 369 
34 459 
34 495 
35 46 
35 62 
35 88 
35 133 
35 165 
35 173 
35 231 
35 251 
35 274 
35 279 
35 351 
35 373 
35 387 
35 457 
35 463 
36 77 
36 82 
36 251 
36 269 
36 392 
36 397 
36 431 
37 49 
37 50 
37 54 
37 72 
37 86 
37 111 
37 128 
37 144 
37 171 
37 214 
37 245 
37 248 
37 267 
37 276 
37 296 
37 334 
37 372 
37 382 
37 413 
37 461 
38 46 
38 48 
38 78 
38 80 
38 95 
38 128 
38 137 
38 149 
38 151 
38 157 
38 215 
38 231 
38 257 
38 270 
38 285 
38 473 
39 70 
39 138 
39 150 
39 178 
39 205 
39 227 
39 245 
39 280 
39 462 
40 86 
40 171 
40 222 
40 285 
40 289 
40 312 
41 79 
41 83 
41 94 
41 104 
41 116 
41 123 
41 169 
41 174 
41 253 
41 315 
41 332 
41 374 
41 408 
41 421 
41 434 
41 456 
41 486 
42 135 
42 186 
42 253 
42 339 
42 441 
42 443 
42 460 
43 72 
43 306 
43 423 
43 436 
43 450 
44 80 
44 253 
44 347 
45 240 
45 472 
46 59 
46 204 
46 209 
46 423 
46 450 
47 55 
47 69 
47 76 
47 108 
47 132 
47 170 
47 191 
47 201 
47 205 
47 221 
47 299 
47 367 
47 392 
47 400 
47 455 
47 463 
47 487 
48 65 
48 76 
48 77 
48 200 
48 235 
48 262 
48 264 
48 304 
48 342 
48 352 
48 383 
48 497 
49 59 
49 73 
49 126 
49 139 
49 176 
49 234 
49 250 
50 51 
50 82 
50 95 
50 233 
50 302 
50 338 
50 346 
50 467 
50 494 
51 61 
51 110 
51 111 
51 197 
51 345 
51 381 
53 79 
53 97 
53 123 
53 210 
53 261 
53 306 
53 391 
53 393 
54 76 
54 118 
54 406 
55 70 
55 112 
55 127 
55 185 
55 239 
55 309 
55 368 
55 374 
55 444 
56 120 
56 194 
56 217 
56 256 
56 311 
56 318 
56 357 
56 380 
56 419 
56 433 
56 480 
56 481 
57 101 
57 333 
57 484 
58 90 
58 127 
58 202 
58 265 
58 347 
58 363 
58 365 
59 115 
59 181 
59 203 
60 91 
60 107 
60 112 
60 125 
60 153 
60 159 
60 161 
60 175 
60 185 
60 215 
60 238 
60 272 
60 340 
60 348 
60 390 
60 426 
61 133 
61 191 
61 288 
61 353 
61 358 
61 371 
61 399 
61 403 
61 460 
62 352 
62 488 
63 94 
63 141 
63 172 
63 174 
63 229 
63 269 
63 304 
63 462 
63 489 
64 84 
64 113 
64 117 
64 136 
64 196 
64 264 
64 301 
64 319 
64 388 
64 394 
65 157 
65 341 
65 459 
65 479 
66 109 
66 180 
66 232 
66 283 
66 293 
66 294 
66 414 
67 78 
67 266 
67 367 
67 378 
68 71 
68 97 
68 471 
69 96 
69 195 
69 346 
69 362 
69 431 
70 78 
70 248 
70 251 
70 350 
70 359 
70 378 
70 498 
71 91 
71 137 
71 350 
71 416 
72 98 
72 164 
72 201 
72 210 
72 258 
72 358 
73 111 
73 114 
73 121 
73 259 
73 297 
73 301 
73 365 
74 115 
74 183 
74 340 
75 200 
76 433 
76 495 
77 161 
77 456 
78 100 
78 139 
78 156 
78 186 
78 213 
78 237 
78 489 
78 492 
79 109 
79 110 
79 146 
79 154 
79 157 
79 164 
79 214 
79 266 
79 364 
79 383 
79 385 
79 439 
79 486 
79 497 
80 102 
80 107 
80 406 
80 496 
81 108 
82 88 
82 132 
82 158 
82 209 
82 224 
82 240 
82 263 
82 274 
82 405 
83 92 
83 143 
83 262 
83 294 
83 327 
83 493 
84 231 
84 314 
85 206 
85 271 
85 343 
85 344 
86 120 
86 160 
86 422 
86 472 
87 177 
87 181 
87 291 
87 300 
87 470 
88 95 
88 99 
88 104 
88 108 
88 140 
88 177 
88 223 
88 320 
88 353 
88 418 
89 90 
89 140 
89 190 
89 237 
89 278 
89 354 
90 133 
90 273 
90 400 
91 159 
91 217 
92 167 
92 237 
92 386 
93 135 
93 286 
94 100 
94 175 
94 235 
94 326 
94 467 
95 123 
95 130 
95 140 
95 182 
95 184 
95 289 
95 291 
95 487 
96 101 
96 126 
96 176 
96 188 
96 337 
96 480 
97 124 
97 136 
97 163 
97 331 
98 105 
98 165 
98 224 
98 248 
98 265 
98 357 
98 369 
98 412 
98 415 
98 425 
99 101 
99 146 
99 199 
99 202 
100 145 
100 390 
100 461 
101 153 
101 165 
101 265 
101 273 
102 118 
102 119 
102 246 
102 382 
102 402 
102 454 
102 499 
103 267 
103 275 
103 288 
103 381 
104 105 
104 122 
104 151 
104 166 
104 180 
104 183 
104 217 
104 219 
104 258 
104 316 
104 469 
105 241 
105 252 
105 332 
105 401 
105 411 
106 145 
106 258 
106 323 
106 487 
106 491 
107 130 
107 240 
107 334 
108 270 
108 284 
108 441 
109 111 
109 165 
109 201 
109 220 
109 222 
109 319 
109 380 
110 142 
110 173 
110 235 
110 319 
110 323 
111 164 
111 245 
111 247 
111 282 
111 298 
111 348 
111 354 
111 499 
112 388 
112 449 
112 492 
113 379 
113 469 
114 328 
114 379 
115 297 
115 365 
115 417 
115 461 
116 159 
116 166 
116 206 
116 256 
116 290 
116 356 
117 135 
117 212 
117 294 
117 299 
117 303 
117 322 
117 394 
117 496 
118 150 
118 318 
118 359 
118 383 
119 124 
119 145 
119 171 
119 219 
119 245 
119 465 
120 136 
120 149 
120 226 
120 275 
120 280 
120 282 
120 290 
120 334 
120 405 
120 430 
121 234 
121 266 
121 309 
122 147 
122 148 
122 168 
122 344 
122 420 
122 459 
123 167 
123 179 
123 204 
123 242 
123 253 
123 254 
123 339 
123 457 
123 482 
124 186 
124 204 
124 443 
125 246 
125 315 
125 442 
126 143 
126 262 
126 279 
126 281 
126 284 
126 310 
126 313 
126 466 
127 143 
127 350 
127 373 
127 417 
127 480 
127 490 
128 134 
128 482 
129 160 
129 162 
129 179 
129 208 
129 389 
129 393 
129 421 
129 441 
130 157 
130 182 
130 197 
130 313 
130 418 
130 462 
130 464 
131 289 
132 202 
132 364 
132 405 
133 227 
133 377 
133 452 
133 462 
134 147 
134 229 
134 373 
134 401 
135 174 
135 233 
136 338 
136 381 
136 453 
137 181 
137 233 
137 413 
138 163 
138 387 
138 390 
139 247 
139 296 
139 385 
140 382 
140 451 
141 311 
142 167 
142 362 
142 415 
143 190 
143 409 
143 493 
145 192 
145 196 
145 201 
145 411 
146 396 
146 490 
147 280 
147 305 
147 326 
147 384 
148 154 
148 172 
148 287 
149 158 
149 282 
149 284 
149 422 
150 199 
150 264 
150 303 
150 386 
151 184 
151 195 
151 244 
151 483 
152 446 
153 268 
153 322 
153 432 
155 330 
155 336 
155 361 
156 199 
156 275 
156 307 
156 310 
157 218 
157 360 
158 211 
158 288 
159 178 
159 197 
159 358 
160 203 
160 237 
160 394 
161 169 
161 272 
161 317 
161 395 
163 180 
163 221 
163 332 
163 483 
164 172 
164 252 
165 317 
166 228 
166 305 
166 403 
166 425 
166 433 
166 479 
167 183 
167 476 
168 338 
168 491 
169 175 
170 259 
170 344 
170 354 
170 368 
170 374 
171 185 
171 193 
171 276 
171 326 
171 412 
171 443 
171 446 
171 482 
172 408 
172 449 
173 183 
173 304 
173 325 
173 353 
173 379 
173 497 
174 175 
174 195 
174 225 
174 289 
174 402 
174 404 
174 414 
174 415 
175 286 
175 499 
176 203 
176 464 
177 323 
177 485 
178 190 
178 205 
178 211 
178 246 
178 276 
178 360 
178 399 
179 421 
180 218 
180 246 
180 412 
181 207 
181 239 
181 311 
181 314 
181 321 
181 346 
181 352 
181 361 
182 205 
182 210 
183 208 
183 269 
183 278 
183 347 
183 384 
184 470 
185 232 
185 294 
186 468 
187 281 
187 342 
187 427 
188 189 
189 200 
189 447 
190 298 
190 344 
190 437 
191 242 
191 257 
193 203 
193 218 
193 356 
193 367 
193 498 
194 316 
194 398 
194 407 
194 474 
194 480 
195 225 
195 236 
195 335 
197 224 
197 428 
197 465 
198 429 
198 495 
199 271 
199 325 
200 320 
200 335 
201 436 
202 264 
202 270 
202 296 
202 366 
202 488 
204 262 
205 222 
205 250 
205 385 
206 232 
206 236 
206 346 
206 429 
206 481 
207 233 
207 386 
207 387 
207 390 
207 444 
208 230 
208 317 
208 324 
208 340 
208 378 
208 449 
209 212 
209 377 
210 223 
212 214 
212 423 
212 495 
213 372 
214 238 
214 375 
214 461 
215 299 
215 393 
216 238 
216 370 
217 272 
217 438 
218 388 
219 426 
219 468 
222 447 
222 449 
223 318 
223 360 
223 398 
224 331 
224 342 
224 416 
225 420 
226 278 
226 285 
226 476 
227 393 
228 255 
228 349 
228 361 
228 433 
229 333 
229 366 
231 254 
231 327 
231 478 
232 437 
233 277 
233 424 
235 263 
235 343 
235 408 
236 282 
236 431 
237 249 
237 440 
238 310 
238 349 
238 367 
239 494 
240 250 
240 312 
240 330 
240 438 
241 352 
241 482 
243 445 
244 298 
244 439 
245 407 
246 403 
247 366 
248 354 
248 451 
250 311 
250 324 
250 356 
251 288 
251 474 
252 268 
252 295 
254 360 
255 313 
255 362 
256 413 
257 308 
257 325 
259 283 
259 355 
260 336 
261 332 
261 347 
262 325 
263 463 
264 330 
265 365 
265 398 
265 404 
267 279 
267 418 
267 435 
268 438 
270 496 
271 364 
272 420 
272 440 
272 452 
273 335 
273 375 
273 411 
273 431 
273 444 
273 455 
273 468 
273 477 
273 485 
274 307 
274 308 
274 381 
276 322 
276 337 
277 359 
278 279 
278 292 
278 334 
278 434 
279 297 
280 319 
280 337 
281 394 
282 321 
282 490 
283 293 
283 481 
286 328 
288 371 
290 372 
290 418 
290 451 
291 300 
291 324 
292 320 
292 341 
293 329 
294 302 
294 386 
294 494 
296 455 
296 483 
297 406 
297 474 
301 362 
302 377 
302 478 
303 460 
304 333 
304 436 
304 460 
307 389 
308 488 
314 419 
314 479 
315 343 
316 397 
316 489 
317 321 
317 329 
319 396 
319 420 
319 428 
319 430 
319 448 
319 457 
320 375 
320 404 
327 384 
329 428 
332 405 
335 351 
335 380 
336 345 
338 351 
339 419 
341 375 
342 395 
343 442 
343 493 
346 410 
347 391 
348 392 
351 401 
354 485 
356 491 
357 364 
359 402 
360 437 
360 447 
361 452 
364 410 
365 384 
365 492 
367 409 
369 410 
370 407 
370 442 
373 382 
373 427 
373 436 
374 399 
374 432 
377 388 
380 491 
381 403 
381 424 
382 438 
383 469 
385 391 
386 453 
387 471 
388 499 
390 417 
391 489 
392 425 
400 421 
401 440 
401 446 
401 477 
402 432 
403 439 
404 493 
411 473 
412 429 
414 488 
415 470 
416 468 
432 440 
433 476 
447 466 
449 476 
452 484 
460 494 
477 485 
