false
false
500
1988
0 1 
0 3 
0 4 
0 6 
0 9 
0 12 
0 16 
0 18 
0 31 
0 50 
0 68 
0 73 
0 75 
0 76 
0 82 
0 84 
0 85 
0 98 
0 103 
0 116 
0 118 
0 126 
0 132 
0 141 
0 151 
0 174 
0 209 
0 219 
0 230 
0 255 
0 261 
0 297 
0 318 
0 322 
0 326 
0 354 
0 365 
0 390 
0 395 
0 398 
0 402 
0 408 
0 433 
0 451 
1 2 
1 4 
1 5 
1 6 
1 7 
1 8 
1 9 
1 10 
1 11 
1 13 
1 14 
1 15 
1 17 
1 20 
1 22 
1 23 
1 24 
1 25 
1 26 
1 31 
1 33 
1 34 
1 41 
1 50 
1 52 
1 53 
1 56 
1 59 
1 64 
1 67 
1 80 
1 82 
1 86 
1 91 
1 92 
1 94 
1 98 
1 122 
1 127 
1 134 
1 149 
1 166 
1 168 
1 180 
1 185 
1 219 
1 223 
1 233 
1 235 
1 242 
1 245 
1 246 
1 247 
1 250 
1 253 
1 255 
1 271 
1 280 
1 282 
1 286 
1 295 
1 311 
1 319 
1 322 
1 328 
1 336 
1 370 
1 373 
1 374 
1 376 
1 396 
1 412 
1 430 
1 439 
1 466 
1 478 
1 482 
2 3 
2 4 
2 5 
2 7 
2 8 
2 14 
2 17 
2 27 
2 28 
2 33 
2 35 
2 37 
2 43 
2 45 
2 49 
2 68 
2 69 
2 73 
2 86 
2 117 
2 134 
2 151 
2 200 
2 219 
2 229 
2 241 
2 259 
2 271 
2 288 
2 296 
2 309 
2 317 
2 343 
2 397 
2 448 
2 461 
2 468 
2 476 
3 4 
3 5 
3 6 
3 7 
3 15 
3 19 
3 22 
3 25 
3 26 
3 27 
3 41 
3 42 
3 46 
3 50 
3 57 
3 63 
3 64 
3 65 
3 66 
3 69 
3 72 
3 81 
3 89 
3 91 
3 93 
3 96 
3 107 
3 109 
3 110 
3 115 
3 124 
3 129 
3 130 
3 133 
3 135 
3 142 
3 145 
3 157 
3 158 
3 160 
3 164 
3 166 
3 167 
3 170 
3 172 
3 186 
3 211 
3 220 
3 222 
3 223 
3 230 
3 239 
3 248 
3 252 
3 258 
3 268 
3 269 
3 276 
3 278 
3 282 
3 293 
3 296 
3 301 
3 310 
3 315 
3 321 
3 347 
3 351 
3 357 
3 359 
3 363 
3 373 
3 377 
3 413 
3 424 
3 429 
3 431 
3 438 
3 447 
3 453 
3 457 
3 463 
3 469 
3 470 
3 476 
3 485 
4 5 
4 10 
4 11 
4 16 
4 18 
4 20 
4 21 
4 28 
4 30 
4 37 
4 38 
4 42 
4 47 
4 52 
4 54 
4 59 
4 61 
4 63 
4 69 
4 79 
4 99 
4 104 
4 105 
4 106 
4 109 
4 110 
4 112 
4 148 
4 150 
4 163 
4 170 
4 171 
4 206 
4 216 
4 236 
4 249 
4 283 
4 293 
4 338 
4 368 
4 427 
4 441 
4 461 
4 467 
4 479 
4 496 
4 498 
5 6 
5 7 
5 8 
5 9 
5 10 
5 11 
5 12 
5 17 
5 18 
5 21 
5 27 
5 29 
5 30 
5 31 
5 35 
5 39 
5 46 
5 48 
5 58 
5 67 
5 74 
5 77 
5 90 
5 92 
5 94 
5 102 
5 103 
5 104 
5 113 
5 128 
5 149 
5 154 
5 155 
5 156 
5 168 
5 174 
5 183 
5 191 
5 205 
5 212 
5 244 
5 249 
5 291 
5 292 
5 308 
5 319 
5 320 
5 337 
5 344 
5 348 
5 353 
5 355 
5 358 
5 369 
5 420 
5 492 
6 8 
6 13 
6 29 
6 36 
6 44 
6 54 
6 60 
6 62 
6 88 
6 121 
6 155 
6 180 
6 187 
6 188 
6 225 
6 229 
6 260 
6 318 
6 351 
6 362 
6 452 
7 13 
7 14 
7 28 
7 37 
7 41 
7 46 
7 49 
7 51 
7 63 
7 78 
7 80 
7 92 
7 97 
7 103 
7 111 
7 116 
7 120 
7 121 
7 123 
7 140 
7 154 
7 156 
7 161 
7 162 
7 163 
7 167 
7 168 
7 175 
7 193 
7 198 
7 201 
7 203 
7 205 
7 210 
7 212 
7 218 
7 236 
7 239 
7 248 
7 250 
7 254 
7 262 
7 281 
7 287 
7 300 
7 302 
7 338 
7 347 
7 356 
7 358 
7 361 
7 371 
7 382 
7 394 
7 403 
7 424 
7 488 
8 9 
8 12 
8 13 
8 17 
8 21 
8 25 
8 33 
8 36 
8 43 
8 44 
8 47 
8 57 
8 63 
8 65 
8 89 
8 93 
8 97 
8 105 
8 125 
8 137 
8 149 
8 165 
8 182 
8 211 
8 232 
8 249 
8 300 
8 405 
8 417 
8 488 
8 492 
9 10 
9 11 
9 12 
9 23 
9 33 
9 35 
9 39 
9 62 
9 64 
9 71 
9 81 
9 104 
9 108 
9 109 
9 151 
9 156 
9 159 
9 167 
9 184 
9 214 
9 222 
9 235 
9 253 
9 295 
9 301 
9 384 
9 387 
9 403 
9 480 
10 14 
10 18 
10 30 
10 41 
10 42 
10 45 
10 59 
10 62 
10 75 
10 77 
10 80 
10 88 
10 89 
10 92 
10 102 
10 108 
10 114 
10 165 
10 175 
10 177 
10 260 
10 267 
10 305 
10 328 
10 367 
10 414 
10 459 
10 468 
10 471 
11 15 
11 19 
11 29 
11 122 
11 143 
11 173 
11 175 
11 176 
11 224 
11 238 
11 303 
11 312 
11 319 
11 334 
11 336 
11 390 
11 432 
11 442 
11 481 
11 491 
12 15 
12 20 
12 22 
12 24 
12 31 
12 34 
12 45 
12 53 
12 56 
12 78 
12 91 
12 98 
12 106 
12 122 
12 123 
12 131 
12 169 
12 172 
12 189 
12 191 
12 315 
12 317 
12 352 
12 441 
12 493 
13 19 
13 29 
13 49 
13 58 
13 61 
13 65 
13 71 
13 79 
13 85 
13 90 
13 119 
13 138 
13 144 
13 155 
13 209 
13 262 
13 275 
13 297 
13 308 
13 340 
13 343 
13 375 
13 389 
13 410 
13 415 
13 417 
13 423 
13 432 
13 436 
13 458 
13 495 
14 16 
14 20 
14 22 
14 26 
14 27 
14 36 
14 77 
14 87 
14 88 
14 109 
14 111 
14 160 
14 163 
14 177 
14 205 
14 227 
14 256 
14 295 
14 299 
14 307 
14 309 
14 310 
14 371 
14 400 
14 464 
14 466 
14 476 
15 16 
15 23 
15 28 
15 32 
15 43 
15 46 
15 72 
15 86 
15 94 
15 127 
15 147 
15 148 
15 162 
15 203 
15 217 
15 323 
15 341 
15 353 
15 410 
15 416 
15 419 
15 449 
15 499 
16 19 
16 34 
16 40 
16 117 
16 138 
16 179 
16 242 
16 248 
16 367 
17 21 
17 37 
17 39 
17 44 
17 78 
17 131 
17 134 
17 145 
17 150 
17 158 
17 178 
17 189 
17 195 
17 210 
17 221 
17 276 
17 318 
17 408 
17 421 
17 428 
17 443 
17 445 
17 475 
17 494 
18 48 
18 96 
18 116 
18 209 
18 215 
18 351 
19 40 
19 70 
19 72 
19 101 
19 108 
19 161 
19 172 
19 178 
19 270 
19 392 
19 404 
20 24 
20 25 
20 35 
20 51 
20 57 
20 80 
20 136 
20 144 
20 146 
20 147 
20 194 
20 197 
20 205 
20 213 
20 306 
20 326 
20 382 
20 383 
20 422 
20 429 
20 445 
20 454 
20 460 
20 464 
20 470 
21 23 
21 24 
21 34 
21 38 
21 62 
21 66 
21 70 
21 73 
21 82 
21 90 
21 96 
21 112 
21 126 
21 141 
21 190 
21 207 
21 216 
21 234 
21 251 
21 287 
21 302 
21 308 
21 334 
21 340 
21 387 
21 397 
21 399 
21 409 
21 412 
21 487 
22 30 
22 32 
22 52 
22 64 
22 74 
22 126 
22 136 
22 162 
22 169 
22 199 
22 259 
22 284 
22 325 
22 379 
22 446 
22 460 
22 485 
23 32 
23 53 
23 56 
23 115 
23 157 
23 162 
23 217 
23 230 
23 254 
23 270 
23 325 
23 335 
23 364 
23 370 
23 372 
23 433 
23 447 
23 455 
23 497 
24 44 
24 60 
24 66 
24 79 
24 85 
24 99 
24 107 
24 127 
24 129 
24 130 
24 140 
24 159 
24 254 
24 360 
24 433 
25 26 
25 42 
25 51 
25 55 
25 71 
25 77 
25 105 
25 112 
25 120 
25 130 
25 173 
25 193 
25 313 
25 332 
25 336 
25 377 
25 453 
25 478 
25 479 
26 40 
26 55 
26 58 
26 61 
26 76 
26 96 
26 103 
26 113 
26 141 
26 201 
26 299 
26 360 
26 411 
26 464 
27 43 
27 51 
27 53 
27 71 
27 123 
27 142 
27 187 
27 190 
27 195 
27 196 
27 272 
27 285 
27 296 
27 322 
27 373 
27 413 
27 456 
27 487 
28 32 
28 38 
28 68 
28 137 
28 140 
28 264 
28 294 
28 357 
28 446 
28 493 
29 49 
29 83 
29 114 
29 159 
29 184 
29 228 
29 316 
30 38 
30 47 
30 55 
30 74 
30 81 
30 93 
30 95 
30 112 
30 114 
30 123 
30 224 
30 248 
30 255 
30 260 
30 273 
30 289 
30 301 
30 324 
30 330 
30 339 
30 348 
30 351 
30 389 
30 416 
30 486 
31 69 
31 70 
31 84 
31 129 
31 198 
31 221 
31 342 
31 413 
31 483 
32 39 
32 118 
32 119 
32 143 
32 171 
32 307 
32 384 
33 128 
33 136 
33 263 
33 291 
34 36 
34 45 
34 88 
34 95 
34 99 
34 101 
34 128 
34 136 
34 139 
34 149 
34 177 
34 194 
34 197 
34 218 
34 246 
34 266 
34 267 
34 269 
34 272 
34 286 
34 300 
34 301 
34 330 
34 359 
34 361 
34 397 
34 398 
34 409 
34 416 
35 70 
35 76 
35 93 
35 152 
35 181 
35 184 
35 262 
35 320 
35 349 
35 357 
35 400 
36 48 
36 60 
36 67 
36 82 
36 124 
36 200 
36 220 
36 229 
36 264 
36 267 
36 283 
36 319 
36 401 
36 423 
37 193 
37 333 
37 360 
38 195 
38 271 
38 428 
38 439 
39 40 
39 59 
39 107 
39 135 
39 160 
39 312 
39 340 
40 146 
40 185 
40 206 
40 288 
40 291 
40 456 
40 472 
40 491 
41 56 
41 58 
41 115 
41 118 
41 121 
41 125 
41 217 
41 226 
41 255 
41 314 
41 346 
41 353 
42 100 
42 155 
42 247 
42 344 
42 374 
42 419 
42 431 
43 52 
43 95 
43 227 
43 231 
43 274 
43 312 
43 345 
43 346 
43 437 
43 496 
44 133 
44 226 
44 266 
44 277 
45 50 
45 108 
45 131 
45 177 
45 259 
45 354 
46 47 
46 48 
46 54 
46 66 
46 83 
46 97 
46 154 
46 164 
46 185 
46 259 
46 297 
46 304 
46 306 
46 376 
46 441 
46 450 
47 76 
47 292 
48 138 
48 139 
48 200 
48 232 
48 380 
48 469 
48 491 
49 60 
49 67 
49 75 
49 90 
49 124 
49 128 
49 169 
49 170 
49 171 
49 223 
49 236 
49 302 
49 348 
49 381 
49 388 
49 405 
49 469 
49 483 
49 492 
49 498 
50 72 
50 89 
50 146 
50 150 
50 308 
50 337 
50 438 
51 55 
51 68 
51 86 
51 100 
51 102 
51 106 
51 107 
51 119 
51 134 
51 139 
51 141 
51 142 
51 161 
51 186 
51 208 
51 210 
51 238 
51 241 
51 261 
51 273 
51 291 
51 316 
51 357 
51 363 
51 364 
51 443 
51 463 
51 471 
51 499 
52 61 
52 100 
52 135 
52 152 
52 274 
53 54 
53 87 
53 121 
53 472 
54 57 
54 110 
54 153 
54 171 
54 249 
54 436 
54 449 
55 83 
55 117 
55 138 
55 148 
55 181 
55 214 
55 324 
55 434 
55 473 
56 182 
56 352 
56 371 
56 423 
56 432 
57 78 
57 98 
57 116 
57 221 
57 266 
57 313 
58 65 
58 83 
58 84 
58 137 
58 139 
58 215 
58 218 
58 253 
58 272 
58 398 
58 483 
59 122 
59 268 
59 390 
60 99 
60 125 
60 163 
60 189 
60 199 
60 222 
60 368 
60 444 
60 456 
60 489 
61 79 
61 114 
61 172 
61 202 
61 203 
61 298 
62 133 
62 338 
62 384 
62 386 
63 176 
64 421 
65 75 
65 81 
65 102 
65 113 
65 153 
65 219 
65 231 
65 347 
65 355 
65 383 
65 393 
66 147 
66 257 
66 298 
67 73 
67 87 
67 100 
67 117 
67 120 
67 129 
67 167 
67 200 
67 303 
67 306 
67 341 
67 407 
68 314 
68 473 
69 105 
69 166 
69 246 
69 314 
69 402 
70 106 
70 132 
70 152 
70 211 
70 260 
70 262 
70 281 
70 284 
70 294 
70 316 
70 332 
70 404 
70 436 
70 457 
71 97 
71 111 
71 158 
71 174 
71 178 
71 196 
71 206 
71 208 
71 234 
71 251 
71 293 
71 324 
71 344 
71 402 
72 74 
72 143 
72 145 
72 415 
73 381 
73 408 
74 118 
74 126 
74 140 
74 153 
74 187 
74 244 
74 275 
74 290 
74 327 
74 346 
74 366 
74 421 
74 442 
74 461 
75 152 
75 381 
75 407 
75 437 
75 466 
76 84 
76 91 
76 450 
77 85 
77 131 
77 179 
77 184 
77 218 
77 239 
77 292 
77 392 
77 430 
77 498 
78 148 
78 228 
78 257 
78 339 
78 395 
79 87 
79 110 
79 174 
79 263 
79 332 
79 350 
79 366 
79 449 
80 416 
80 440 
81 95 
81 389 
82 101 
82 104 
82 143 
82 173 
82 176 
82 181 
82 207 
82 228 
82 276 
82 290 
82 305 
82 323 
82 372 
83 101 
83 192 
83 347 
83 356 
83 421 
83 467 
83 475 
84 189 
85 290 
85 327 
85 334 
85 376 
85 455 
85 477 
86 224 
86 391 
86 438 
86 455 
87 287 
87 299 
87 354 
87 380 
88 225 
88 305 
88 353 
88 431 
88 466 
88 468 
88 497 
89 127 
89 142 
89 169 
89 282 
90 179 
90 240 
90 401 
90 497 
90 499 
92 277 
92 281 
92 330 
92 462 
92 475 
93 94 
93 234 
93 410 
95 146 
95 183 
95 209 
95 402 
95 457 
97 137 
97 156 
97 280 
97 369 
97 388 
98 239 
98 321 
98 479 
99 191 
99 372 
100 113 
100 119 
100 147 
100 204 
100 237 
100 336 
100 428 
101 168 
102 215 
102 245 
102 385 
103 111 
103 170 
103 202 
103 214 
103 234 
103 365 
103 385 
103 467 
104 166 
104 282 
104 296 
104 379 
105 135 
105 216 
105 316 
105 317 
106 115 
106 181 
106 207 
106 305 
107 212 
107 310 
107 337 
107 445 
108 396 
108 399 
108 496 
109 120 
109 391 
111 165 
111 210 
111 214 
111 361 
111 389 
111 403 
111 426 
111 470 
111 487 
112 225 
112 240 
112 252 
112 397 
112 456 
112 469 
113 125 
113 196 
113 272 
113 289 
113 363 
113 388 
113 422 
113 440 
113 444 
113 450 
114 157 
114 224 
114 244 
114 257 
114 265 
114 266 
114 333 
114 471 
115 176 
115 242 
115 277 
115 341 
115 391 
116 124 
116 150 
116 180 
116 204 
116 235 
116 237 
116 386 
116 417 
116 429 
116 452 
116 472 
117 132 
117 201 
117 409 
117 486 
118 173 
119 192 
119 212 
120 145 
120 298 
120 359 
120 372 
120 446 
121 229 
121 244 
121 268 
121 349 
122 132 
122 191 
122 202 
122 283 
122 380 
122 481 
123 161 
123 183 
123 196 
123 221 
123 233 
123 241 
123 294 
123 314 
123 406 
123 425 
123 426 
124 273 
124 484 
125 186 
125 345 
126 192 
126 195 
127 130 
127 133 
127 144 
127 201 
127 227 
127 261 
127 297 
127 358 
127 494 
128 188 
128 286 
128 406 
129 144 
129 226 
129 246 
129 256 
129 280 
129 307 
130 213 
130 327 
132 154 
132 164 
132 193 
132 226 
132 258 
132 341 
132 418 
132 439 
132 478 
133 157 
133 240 
133 265 
133 279 
133 294 
133 320 
133 452 
134 151 
134 243 
134 280 
134 400 
134 409 
135 165 
135 215 
135 382 
136 247 
136 279 
136 312 
137 233 
137 329 
137 431 
138 199 
138 443 
139 204 
139 345 
139 361 
140 263 
141 393 
142 233 
142 302 
142 395 
142 427 
142 439 
143 281 
144 230 
144 475 
145 208 
145 242 
145 430 
145 467 
145 473 
146 190 
146 418 
147 231 
148 194 
148 278 
148 365 
148 418 
149 158 
149 160 
149 232 
149 304 
149 481 
150 278 
150 441 
150 458 
151 153 
151 180 
151 250 
151 256 
152 187 
152 194 
152 237 
152 265 
152 273 
152 367 
152 435 
152 482 
153 245 
153 267 
153 311 
154 261 
154 422 
155 159 
155 268 
155 425 
156 198 
156 228 
156 264 
156 269 
156 369 
157 253 
157 429 
158 183 
158 198 
159 179 
159 287 
160 186 
160 235 
160 333 
160 334 
160 427 
161 178 
161 383 
161 490 
163 164 
163 182 
163 197 
163 349 
163 404 
163 427 
163 494 
164 188 
164 217 
164 285 
164 380 
164 442 
164 488 
165 190 
165 223 
165 236 
165 264 
166 222 
166 251 
166 274 
166 275 
166 368 
166 444 
166 451 
167 185 
167 207 
167 220 
167 225 
167 290 
168 188 
168 451 
169 202 
169 231 
169 237 
169 238 
169 474 
170 303 
170 480 
172 213 
172 238 
172 343 
173 315 
173 339 
173 448 
174 175 
174 182 
174 206 
174 232 
174 243 
174 279 
174 376 
174 436 
175 311 
176 298 
176 375 
176 448 
177 256 
177 415 
178 454 
179 304 
179 411 
180 213 
180 325 
180 330 
180 343 
180 434 
181 257 
181 327 
182 227 
182 385 
182 399 
184 197 
184 292 
185 251 
185 258 
185 342 
185 404 
185 477 
186 203 
186 269 
187 192 
187 275 
189 240 
189 401 
189 414 
189 492 
190 199 
190 315 
192 279 
192 300 
192 310 
192 335 
192 359 
192 374 
192 465 
192 493 
193 220 
194 328 
195 442 
195 463 
196 331 
196 364 
196 480 
197 204 
197 413 
198 250 
198 289 
199 208 
199 284 
201 211 
201 295 
201 461 
202 243 
202 283 
202 396 
202 407 
204 216 
204 387 
204 435 
205 241 
205 342 
205 411 
208 338 
208 368 
208 412 
208 455 
208 465 
211 339 
211 454 
211 477 
212 465 
213 337 
215 324 
215 331 
215 377 
215 434 
216 340 
217 447 
218 245 
218 270 
220 276 
220 278 
220 438 
221 321 
222 459 
224 252 
224 263 
224 333 
224 474 
224 478 
225 323 
225 350 
225 393 
226 364 
226 462 
227 490 
228 277 
228 331 
229 435 
229 437 
229 446 
229 457 
230 317 
230 392 
231 243 
231 354 
231 414 
232 490 
232 496 
233 320 
234 313 
234 349 
235 355 
235 395 
235 426 
237 247 
237 258 
238 399 
238 459 
240 303 
240 311 
240 328 
240 418 
240 425 
241 392 
243 285 
243 326 
243 345 
243 367 
243 370 
243 403 
243 453 
243 471 
243 494 
244 484 
245 285 
245 458 
246 254 
246 428 
247 386 
249 252 
249 470 
250 293 
250 498 
251 332 
251 356 
251 432 
251 474 
252 265 
252 271 
252 394 
253 286 
253 321 
253 394 
254 348 
256 377 
256 424 
260 288 
260 460 
261 274 
261 355 
262 288 
263 307 
263 325 
263 362 
263 487 
264 309 
264 417 
266 387 
267 270 
267 318 
267 460 
268 464 
269 419 
270 313 
270 378 
271 400 
272 391 
272 415 
273 284 
273 495 
274 309 
274 465 
276 375 
276 447 
277 350 
277 363 
278 445 
280 289 
280 329 
281 386 
281 411 
281 420 
282 335 
283 304 
283 379 
283 388 
283 426 
283 444 
283 449 
284 378 
284 407 
285 440 
287 484 
287 485 
288 306 
288 323 
288 360 
289 371 
289 374 
290 414 
290 443 
293 356 
294 424 
296 329 
297 419 
298 299 
298 326 
299 365 
300 322 
302 489 
303 366 
309 375 
311 463 
311 472 
312 331 
312 462 
314 329 
314 352 
314 378 
314 398 
314 412 
314 420 
315 433 
316 370 
316 382 
317 482 
319 335 
320 390 
324 350 
327 406 
331 406 
333 430 
333 434 
335 344 
335 384 
335 405 
335 484 
336 342 
336 358 
337 362 
338 352 
341 435 
341 485 
342 425 
342 451 
343 346 
343 381 
344 490 
349 483 
350 366 
353 379 
353 423 
354 437 
356 405 
356 448 
356 476 
358 362 
362 373 
362 458 
363 473 
364 420 
365 369 
365 454 
369 486 
371 401 
372 408 
373 410 
375 396 
376 378 
377 393 
379 394 
381 385 
382 383 
384 459 
384 462 
384 497 
388 488 
389 491 
398 482 
403 493 
405 495 
406 440 
415 422 
417 479 
420 452 
424 453 
424 499 
429 474 
434 450 
443 489 
447 489 
450 468 
452 495 
457 481 
463 477 
474 480 
485 486 
