false
false
500
1988
0 1 
0 3 
0 4 
0 5 
0 6 
0 12 
0 15 
0 16 
0 17 
0 22 
0 35 
0 52 
0 69 
0 72 
0 76 
0 77 
0 79 
0 85 
0 86 
0 91 
0 93 
0 116 
0 125 
0 130 
0 134 
0 139 
0 188 
0 189 
0 202 
0 204 
0 214 
0 219 
0 241 
0 252 
0 254 
0 275 
0 277 
0 290 
0 298 
0 355 
0 383 
0 394 
0 456 
0 458 
0 482 
0 483 
0 487 
1 2 
1 4 
1 6 
1 7 
1 8 
1 9 
1 10 
1 11 
1 18 
1 22 
1 27 
1 28 
1 29 
1 30 
1 31 
1 35 
1 39 
1 45 
1 53 
1 61 
1 67 
1 70 
1 71 
1 95 
1 99 
1 100 
1 101 
1 104 
1 110 
1 128 
1 131 
1 133 
1 135 
1 140 
1 152 
1 164 
1 173 
1 174 
1 179 
1 180 
1 183 
1 197 
1 218 
1 252 
1 266 
1 293 
1 308 
1 316 
1 331 
1 346 
1 363 
1 366 
1 373 
1 394 
1 401 
1 410 
1 426 
1 449 
1 463 
1 475 
2 3 
2 4 
2 5 
2 6 
2 7 
2 11 
2 12 
2 14 
2 15 
2 17 
2 19 
2 20 
2 23 
2 32 
2 51 
2 56 
2 59 
2 64 
2 85 
2 90 
2 93 
2 113 
2 120 
2 122 
2 130 
2 136 
2 176 
2 179 
2 186 
2 205 
2 219 
2 232 
2 234 
2 244 
2 251 
2 272 
2 274 
2 282 
2 301 
2 337 
2 355 
2 359 
2 373 
2 376 
2 421 
2 439 
2 441 
2 457 
2 460 
2 465 
2 471 
2 499 
3 4 
3 5 
3 7 
3 10 
3 15 
3 17 
3 24 
3 25 
3 37 
3 49 
3 62 
3 91 
3 102 
3 178 
3 199 
3 243 
3 254 
3 318 
3 323 
3 330 
3 347 
3 424 
3 427 
3 428 
3 442 
4 5 
4 7 
4 8 
4 13 
4 14 
4 17 
4 21 
4 30 
4 31 
4 41 
4 44 
4 50 
4 78 
4 80 
4 92 
4 94 
4 103 
4 130 
4 134 
4 171 
4 198 
4 217 
4 235 
4 238 
4 298 
4 329 
4 340 
4 348 
4 375 
4 381 
4 384 
4 386 
4 463 
5 6 
5 8 
5 9 
5 11 
5 12 
5 13 
5 18 
5 19 
5 20 
5 28 
5 30 
5 32 
5 38 
5 43 
5 45 
5 47 
5 66 
5 81 
5 107 
5 123 
5 126 
5 147 
5 151 
5 157 
5 169 
5 188 
5 190 
5 205 
5 209 
5 213 
5 222 
5 226 
5 240 
5 265 
5 266 
5 287 
5 303 
5 311 
5 313 
5 345 
5 352 
5 362 
5 365 
5 371 
5 385 
5 393 
5 489 
6 9 
6 11 
6 13 
6 14 
6 82 
6 125 
6 172 
6 196 
6 209 
6 305 
6 319 
6 402 
6 473 
7 8 
7 9 
7 10 
7 16 
7 26 
7 28 
7 36 
7 55 
7 88 
7 89 
7 150 
7 291 
7 420 
7 464 
8 13 
8 18 
8 25 
8 41 
8 54 
8 56 
8 68 
8 83 
8 98 
8 101 
8 102 
8 141 
8 168 
8 200 
8 224 
8 239 
8 283 
8 295 
8 297 
8 317 
8 329 
8 332 
8 344 
8 431 
8 432 
8 481 
8 489 
9 10 
9 14 
9 15 
9 18 
9 20 
9 25 
9 27 
9 31 
9 33 
9 42 
9 49 
9 51 
9 73 
9 74 
9 113 
9 145 
9 167 
9 180 
9 181 
9 187 
9 211 
9 220 
9 237 
9 242 
9 257 
9 302 
9 329 
9 366 
9 367 
9 391 
9 397 
9 443 
9 460 
9 479 
10 19 
10 21 
10 23 
10 33 
10 37 
10 83 
10 105 
10 129 
10 163 
10 166 
10 191 
10 223 
10 258 
10 295 
10 345 
10 348 
10 354 
10 404 
10 434 
10 485 
11 12 
11 16 
11 29 
11 36 
11 46 
11 65 
11 68 
11 72 
11 163 
11 234 
11 240 
11 249 
11 260 
11 264 
11 326 
11 432 
11 477 
12 23 
12 28 
12 75 
12 124 
12 127 
12 261 
12 282 
12 337 
12 338 
13 16 
13 24 
13 26 
13 34 
13 42 
13 46 
13 48 
13 49 
13 52 
13 54 
13 65 
13 74 
13 81 
13 106 
13 107 
13 111 
13 114 
13 126 
13 144 
13 145 
13 153 
13 157 
13 223 
13 243 
13 256 
13 268 
13 270 
13 283 
13 298 
13 309 
13 314 
13 341 
13 387 
13 395 
13 396 
13 400 
13 403 
13 444 
13 450 
13 487 
14 59 
14 84 
14 89 
14 98 
14 112 
14 128 
14 228 
14 334 
14 335 
15 23 
15 24 
15 181 
15 191 
15 250 
15 260 
15 367 
15 368 
15 401 
15 491 
16 59 
16 114 
16 117 
16 121 
16 152 
16 160 
16 165 
16 173 
16 178 
16 192 
16 207 
16 209 
16 246 
16 302 
16 408 
17 19 
17 21 
17 22 
17 25 
17 26 
17 33 
17 35 
17 38 
17 41 
17 43 
17 48 
17 51 
17 59 
17 60 
17 61 
17 64 
17 69 
17 74 
17 87 
17 89 
17 95 
17 96 
17 102 
17 110 
17 118 
17 120 
17 128 
17 133 
17 138 
17 147 
17 156 
17 166 
17 185 
17 215 
17 244 
17 260 
17 271 
17 286 
17 299 
17 400 
17 401 
17 403 
17 416 
17 449 
17 470 
17 483 
17 490 
18 20 
18 21 
18 24 
18 34 
18 38 
18 43 
18 53 
18 55 
18 56 
18 62 
18 81 
18 84 
18 86 
18 110 
18 115 
18 124 
18 144 
18 146 
18 155 
18 184 
18 185 
18 199 
18 200 
18 212 
18 217 
18 232 
18 249 
18 258 
18 280 
18 289 
18 303 
18 307 
18 308 
18 319 
18 341 
18 344 
18 346 
18 379 
18 381 
18 388 
18 391 
18 402 
18 420 
18 442 
18 464 
18 471 
18 478 
18 479 
18 480 
18 495 
19 22 
19 48 
19 50 
19 57 
19 85 
19 103 
19 168 
19 191 
19 196 
19 203 
19 216 
19 247 
19 248 
19 324 
19 337 
19 389 
19 402 
19 414 
19 441 
20 26 
20 27 
20 34 
20 58 
20 63 
20 88 
20 91 
20 148 
20 182 
20 189 
20 195 
20 452 
20 495 
20 497 
21 37 
21 40 
21 50 
21 67 
21 119 
21 146 
21 168 
21 231 
21 351 
21 457 
21 468 
22 29 
22 36 
22 38 
22 39 
22 40 
22 42 
22 44 
22 45 
22 50 
22 70 
22 75 
22 82 
22 88 
22 91 
22 92 
22 94 
22 99 
22 100 
22 118 
22 123 
22 124 
22 144 
22 148 
22 149 
22 150 
22 155 
22 159 
22 162 
22 182 
22 187 
22 193 
22 241 
22 244 
22 255 
22 259 
22 268 
22 285 
22 291 
22 296 
22 313 
22 315 
22 350 
22 351 
22 353 
22 363 
22 366 
22 384 
22 390 
22 399 
22 415 
22 416 
22 437 
22 455 
22 488 
22 492 
22 494 
23 73 
23 75 
23 121 
23 164 
23 189 
23 233 
23 360 
23 379 
23 414 
23 415 
23 418 
23 445 
24 31 
24 61 
24 112 
24 173 
24 226 
24 237 
24 255 
24 436 
25 27 
25 33 
25 36 
25 45 
25 58 
25 62 
25 64 
25 72 
25 73 
25 74 
25 82 
25 90 
25 97 
25 109 
25 117 
25 141 
25 170 
25 176 
25 181 
25 200 
25 208 
25 210 
25 225 
25 226 
25 247 
25 261 
25 300 
25 313 
25 314 
25 342 
25 352 
25 354 
25 358 
25 388 
25 398 
25 437 
25 492 
26 34 
26 37 
26 40 
26 55 
26 66 
26 71 
26 82 
26 96 
26 99 
26 106 
26 122 
26 129 
26 137 
26 146 
26 159 
26 188 
26 227 
26 249 
26 251 
26 255 
26 259 
26 308 
26 320 
26 323 
26 343 
26 411 
26 414 
26 433 
26 452 
26 492 
27 29 
27 32 
27 53 
27 68 
27 80 
27 107 
27 119 
27 133 
27 154 
27 177 
27 181 
27 230 
27 234 
27 263 
27 275 
27 277 
27 301 
27 340 
27 376 
27 382 
27 406 
27 409 
27 427 
27 440 
27 454 
28 103 
28 164 
28 236 
28 356 
28 408 
29 30 
29 46 
29 139 
29 141 
29 157 
29 251 
29 269 
29 292 
29 318 
29 415 
29 466 
30 32 
30 49 
30 56 
30 77 
30 93 
30 105 
30 122 
30 129 
30 137 
30 160 
30 194 
30 203 
30 279 
30 316 
30 377 
30 437 
30 443 
30 468 
30 494 
31 44 
31 51 
31 63 
31 77 
31 92 
31 270 
31 293 
31 299 
31 425 
31 440 
31 448 
32 43 
32 44 
32 47 
32 48 
32 65 
32 100 
32 138 
32 143 
32 160 
32 232 
32 234 
32 242 
32 276 
32 284 
32 305 
32 312 
32 331 
32 358 
32 380 
32 454 
33 41 
33 54 
33 118 
33 124 
33 162 
33 310 
33 312 
34 35 
34 54 
34 88 
34 89 
34 143 
34 158 
34 174 
34 182 
34 236 
34 238 
34 372 
34 396 
35 39 
35 47 
35 117 
35 177 
35 179 
35 215 
35 256 
35 297 
35 305 
35 347 
35 480 
36 42 
36 52 
36 60 
36 69 
36 79 
36 142 
36 144 
36 166 
36 224 
36 247 
36 283 
36 295 
36 307 
36 377 
36 429 
37 39 
37 40 
37 64 
37 78 
37 105 
37 132 
37 170 
37 180 
37 199 
37 292 
37 302 
37 348 
37 397 
37 423 
37 462 
37 484 
38 46 
38 81 
38 115 
38 140 
38 152 
38 159 
38 192 
38 203 
38 216 
38 259 
38 268 
38 304 
38 405 
38 420 
38 423 
38 433 
39 162 
39 223 
39 395 
39 426 
40 70 
40 76 
40 90 
40 96 
40 204 
40 214 
40 315 
40 326 
40 399 
40 410 
40 451 
40 493 
41 70 
41 83 
41 95 
41 109 
41 115 
41 126 
41 131 
41 294 
41 316 
41 394 
41 417 
41 457 
41 466 
41 470 
42 221 
42 323 
42 471 
43 47 
43 52 
43 57 
43 73 
43 94 
43 102 
43 104 
43 109 
43 143 
43 167 
43 169 
43 172 
43 199 
43 218 
43 220 
43 238 
43 242 
43 243 
43 250 
43 253 
43 337 
43 349 
43 361 
43 387 
43 443 
43 453 
43 468 
43 472 
44 61 
44 75 
44 97 
44 196 
44 485 
45 58 
45 63 
45 77 
45 97 
45 137 
45 163 
45 219 
45 245 
45 267 
45 328 
45 334 
45 359 
46 135 
46 229 
46 363 
46 417 
46 421 
46 446 
46 459 
47 57 
47 68 
47 86 
47 105 
47 132 
47 157 
47 203 
47 211 
47 229 
47 288 
47 399 
47 421 
47 435 
48 53 
48 62 
48 90 
48 114 
48 122 
48 145 
48 229 
48 233 
48 292 
48 307 
48 343 
48 344 
48 389 
48 416 
48 454 
48 468 
48 472 
49 107 
49 131 
49 206 
49 314 
49 342 
49 361 
49 392 
50 125 
50 149 
50 206 
50 341 
50 382 
51 55 
51 78 
51 125 
51 220 
51 229 
51 231 
51 338 
51 362 
52 60 
52 65 
52 76 
52 80 
52 86 
52 95 
52 98 
52 108 
52 110 
52 116 
52 161 
52 165 
52 167 
52 190 
52 198 
52 201 
52 207 
52 244 
52 290 
52 322 
52 328 
52 332 
52 335 
52 360 
52 371 
52 386 
52 417 
52 436 
52 481 
53 57 
53 63 
53 83 
53 84 
53 189 
53 193 
53 202 
53 257 
53 258 
53 373 
53 381 
53 402 
53 429 
54 76 
54 140 
54 223 
54 333 
56 106 
56 154 
56 161 
56 228 
56 289 
57 58 
57 67 
57 69 
57 72 
57 96 
57 133 
57 156 
57 178 
57 183 
57 193 
57 215 
57 262 
57 263 
57 327 
58 60 
58 79 
58 93 
58 123 
58 152 
58 170 
58 187 
58 221 
58 275 
58 413 
58 445 
58 472 
58 486 
59 138 
59 243 
59 245 
59 332 
59 361 
60 67 
60 79 
60 169 
60 367 
60 437 
61 151 
61 155 
61 158 
61 217 
61 233 
61 240 
61 253 
61 267 
61 341 
61 397 
61 480 
61 499 
62 66 
62 87 
62 100 
62 113 
62 135 
62 379 
63 78 
63 112 
63 194 
63 322 
63 455 
64 104 
64 108 
64 121 
64 150 
64 161 
64 165 
64 212 
65 66 
65 71 
65 134 
65 151 
65 159 
65 186 
65 266 
65 323 
65 326 
65 411 
65 422 
65 446 
66 136 
68 153 
68 201 
68 226 
68 281 
68 321 
68 444 
68 458 
68 461 
69 71 
69 136 
69 150 
69 151 
69 163 
69 298 
69 471 
70 207 
70 253 
70 288 
70 306 
70 309 
70 398 
70 407 
71 119 
71 123 
71 136 
71 158 
71 174 
71 180 
71 212 
71 236 
71 304 
71 400 
71 416 
71 458 
71 476 
72 407 
72 465 
73 202 
73 254 
73 256 
73 321 
73 431 
74 94 
74 131 
74 142 
74 171 
74 184 
74 322 
74 447 
75 230 
75 493 
76 99 
76 109 
76 141 
76 156 
76 235 
76 270 
76 274 
76 299 
76 312 
76 333 
76 412 
77 80 
77 84 
77 253 
77 405 
78 85 
78 111 
78 132 
78 197 
78 211 
78 218 
78 273 
78 385 
78 493 
79 87 
79 130 
79 197 
79 235 
79 252 
79 279 
80 103 
80 106 
80 132 
80 176 
80 193 
80 198 
80 278 
80 315 
80 403 
80 412 
80 419 
80 494 
81 167 
81 172 
81 258 
81 261 
82 278 
82 342 
82 378 
82 410 
82 464 
82 488 
83 87 
83 108 
83 111 
83 147 
83 192 
83 194 
83 263 
83 334 
83 456 
84 108 
84 149 
84 304 
84 364 
84 366 
84 413 
84 446 
84 477 
85 120 
85 139 
85 149 
85 215 
85 264 
85 289 
85 375 
85 452 
85 462 
86 97 
86 154 
86 173 
86 285 
86 369 
86 370 
87 205 
87 227 
87 237 
87 249 
87 261 
87 439 
88 120 
88 198 
88 265 
88 286 
88 369 
89 92 
89 183 
89 231 
89 277 
89 388 
89 430 
89 451 
90 169 
90 210 
90 259 
91 148 
91 158 
91 224 
91 225 
91 442 
92 127 
92 155 
92 225 
92 345 
92 491 
93 111 
93 395 
94 116 
94 121 
94 135 
94 175 
94 260 
94 310 
94 454 
95 98 
95 101 
95 112 
95 318 
95 365 
96 140 
96 166 
96 194 
96 228 
96 266 
96 280 
96 281 
96 350 
96 422 
97 101 
97 139 
97 214 
97 300 
97 359 
97 371 
97 456 
97 498 
98 171 
98 320 
98 340 
98 349 
98 404 
98 409 
99 113 
99 142 
99 322 
99 343 
99 476 
100 104 
101 115 
101 172 
101 178 
101 436 
101 451 
102 374 
102 419 
103 344 
103 430 
104 116 
104 118 
104 127 
104 128 
104 138 
104 153 
104 156 
104 246 
104 440 
106 134 
106 137 
106 143 
106 186 
106 221 
106 290 
106 306 
106 315 
106 325 
106 343 
106 359 
106 399 
106 423 
106 443 
106 475 
108 142 
108 147 
108 176 
108 246 
108 353 
108 375 
108 387 
109 119 
109 207 
109 211 
109 256 
109 324 
109 325 
109 364 
109 405 
110 114 
110 126 
110 348 
110 410 
111 182 
111 212 
111 230 
111 276 
111 363 
111 372 
112 206 
112 237 
112 300 
112 419 
113 170 
113 185 
113 286 
113 385 
114 117 
114 365 
114 487 
115 190 
115 264 
115 331 
115 384 
116 145 
116 248 
116 422 
117 146 
117 164 
117 184 
117 216 
117 450 
117 473 
118 129 
118 177 
118 267 
118 377 
118 406 
118 461 
119 160 
119 216 
119 274 
120 177 
120 312 
120 446 
120 455 
120 485 
121 272 
121 327 
121 368 
121 412 
122 154 
122 250 
122 287 
122 370 
122 449 
123 127 
123 195 
123 269 
123 285 
124 228 
124 335 
124 461 
125 288 
125 448 
127 205 
127 316 
127 317 
127 346 
127 349 
127 380 
128 162 
128 187 
128 235 
128 325 
128 376 
129 387 
129 474 
131 210 
131 221 
131 257 
131 346 
132 246 
132 326 
132 340 
132 482 
133 204 
133 254 
133 273 
133 430 
133 462 
134 231 
134 362 
135 293 
135 469 
136 201 
137 171 
137 233 
137 352 
137 379 
138 297 
139 482 
140 279 
140 455 
141 153 
141 168 
141 175 
141 279 
141 476 
141 481 
141 483 
142 222 
142 357 
142 362 
142 413 
143 419 
143 459 
144 148 
144 240 
144 433 
145 201 
145 384 
146 195 
146 239 
147 186 
148 327 
150 213 
150 356 
150 378 
150 496 
151 230 
151 239 
151 418 
152 219 
152 466 
153 392 
153 404 
153 491 
154 184 
154 434 
155 179 
155 453 
156 190 
156 208 
156 281 
156 350 
157 175 
157 185 
157 380 
157 424 
158 161 
158 200 
158 241 
158 277 
158 357 
158 380 
159 175 
159 220 
159 222 
159 295 
159 296 
159 317 
159 460 
160 213 
160 248 
160 381 
160 478 
161 165 
161 265 
161 296 
162 174 
162 339 
162 393 
163 351 
163 406 
164 281 
165 255 
165 339 
165 495 
165 496 
166 195 
167 188 
167 218 
167 300 
168 417 
169 191 
169 284 
170 386 
170 481 
171 208 
171 319 
172 192 
172 225 
172 241 
172 248 
172 288 
172 374 
172 383 
172 423 
172 428 
172 438 
172 473 
173 269 
173 302 
173 350 
173 388 
173 392 
174 474 
175 357 
175 403 
175 418 
175 427 
175 432 
175 438 
176 239 
176 264 
176 497 
177 183 
177 294 
177 450 
178 265 
178 327 
179 196 
179 208 
179 252 
179 282 
179 355 
180 206 
180 280 
180 347 
180 428 
180 430 
181 269 
181 333 
181 424 
181 439 
182 336 
182 338 
182 374 
182 418 
182 469 
183 214 
183 217 
183 272 
183 345 
183 467 
183 478 
183 495 
184 439 
184 493 
185 301 
186 271 
186 339 
186 364 
186 396 
187 227 
187 278 
187 309 
188 396 
188 400 
188 440 
188 499 
189 392 
190 262 
190 347 
190 385 
190 453 
191 222 
191 242 
192 204 
192 393 
192 499 
193 197 
193 227 
193 245 
193 262 
193 275 
193 283 
193 287 
193 291 
193 294 
193 306 
193 349 
193 358 
193 372 
193 449 
195 328 
195 445 
197 224 
197 431 
198 250 
198 395 
199 202 
200 209 
200 319 
200 354 
200 377 
200 378 
200 405 
201 210 
201 276 
201 432 
201 438 
202 286 
202 324 
203 213 
204 382 
204 457 
205 383 
205 413 
207 278 
208 262 
208 496 
209 335 
210 245 
211 311 
211 342 
213 308 
214 263 
214 313 
216 409 
217 232 
217 324 
217 367 
217 372 
217 389 
219 271 
219 357 
219 374 
219 397 
220 411 
220 465 
221 467 
222 284 
223 293 
223 305 
223 375 
223 431 
226 356 
227 236 
227 238 
227 273 
228 289 
228 321 
228 415 
229 303 
229 311 
229 498 
231 257 
231 294 
231 338 
231 484 
232 274 
232 287 
232 307 
232 376 
232 453 
233 272 
233 314 
235 309 
235 365 
237 280 
237 331 
237 491 
238 271 
238 336 
238 435 
239 268 
239 336 
240 251 
240 406 
240 426 
240 433 
241 470 
242 247 
242 303 
243 270 
244 306 
244 441 
247 369 
248 292 
248 321 
249 285 
249 320 
249 475 
250 299 
251 353 
252 273 
255 310 
255 486 
256 276 
256 330 
258 297 
259 333 
262 444 
263 497 
264 282 
264 490 
265 267 
266 352 
266 429 
266 469 
269 391 
270 311 
270 356 
270 393 
272 296 
273 334 
273 398 
273 412 
273 484 
275 284 
275 290 
275 291 
275 358 
275 450 
278 411 
280 353 
282 467 
282 477 
286 330 
286 370 
286 458 
287 382 
288 391 
290 398 
291 464 
291 465 
292 394 
292 409 
294 351 
296 301 
296 310 
296 478 
296 492 
297 329 
298 336 
300 317 
300 368 
300 414 
300 434 
301 330 
301 456 
302 304 
303 354 
303 408 
304 452 
305 318 
305 425 
305 460 
306 486 
307 467 
307 490 
308 435 
310 332 
310 360 
312 368 
313 494 
314 328 
315 320 
315 355 
317 371 
317 448 
317 459 
317 476 
319 325 
321 429 
322 390 
323 489 
325 360 
325 390 
325 425 
325 451 
325 461 
334 479 
335 339 
335 390 
336 370 
338 462 
341 389 
342 420 
346 369 
349 383 
349 477 
350 361 
351 426 
351 427 
353 498 
355 428 
355 486 
356 401 
356 447 
357 445 
358 373 
358 404 
359 447 
360 407 
360 425 
360 475 
360 489 
360 496 
361 435 
361 447 
362 364 
362 444 
363 485 
365 386 
366 487 
366 497 
367 407 
367 482 
369 378 
371 424 
372 488 
373 408 
376 434 
379 441 
380 421 
382 438 
389 459 
399 488 
406 480 
407 422 
413 470 
414 484 
429 436 
431 498 
433 442 
433 448 
433 490 
436 473 
437 466 
439 472 
439 474 
444 463 
448 469 
455 463 
455 483 
470 479 
472 474 
