false
false
500
1988
0 1 
0 3 
0 4 
0 5 
0 7 
0 8 
0 11 
0 12 
0 15 
0 17 
0 21 
0 22 
0 23 
0 29 
0 32 
0 33 
0 36 
0 47 
0 48 
0 52 
0 58 
0 85 
0 90 
0 105 
0 106 
0 114 
0 116 
0 123 
0 125 
0 127 
0 155 
0 163 
0 177 
0 209 
0 223 
0 242 
0 253 
0 272 
0 275 
0 276 
0 281 
0 288 
0 294 
0 306 
0 322 
0 331 
0 372 
0 374 
0 419 
0 426 
0 467 
0 474 
1 2 
1 4 
1 5 
1 6 
1 7 
1 8 
1 9 
1 13 
1 14 
1 15 
1 17 
1 19 
1 20 
1 26 
1 30 
1 36 
1 38 
1 58 
1 64 
1 67 
1 71 
1 82 
1 96 
1 99 
1 100 
1 102 
1 103 
1 129 
1 145 
1 158 
1 187 
1 191 
1 202 
1 208 
1 217 
1 227 
1 243 
1 246 
1 294 
1 343 
1 352 
1 370 
1 398 
1 436 
1 437 
1 469 
1 478 
1 486 
2 3 
2 4 
2 9 
2 16 
2 26 
2 29 
2 98 
2 130 
2 139 
2 140 
2 142 
2 205 
2 210 
2 218 
2 257 
2 429 
2 433 
2 456 
2 459 
3 4 
3 5 
3 6 
3 7 
3 12 
3 14 
3 19 
3 28 
3 37 
3 41 
3 43 
3 44 
3 50 
3 56 
3 57 
3 61 
3 86 
3 92 
3 99 
3 103 
3 104 
3 118 
3 129 
3 143 
3 157 
3 160 
3 178 
3 180 
3 181 
3 194 
3 207 
3 212 
3 241 
3 242 
3 272 
3 285 
3 289 
3 293 
3 312 
3 314 
3 354 
3 362 
3 467 
3 468 
3 475 
3 497 
4 5 
4 6 
4 8 
4 10 
4 11 
4 12 
4 14 
4 18 
4 22 
4 24 
4 27 
4 36 
4 39 
4 44 
4 47 
4 49 
4 52 
4 53 
4 55 
4 58 
4 62 
4 65 
4 66 
4 80 
4 91 
4 111 
4 112 
4 131 
4 150 
4 153 
4 166 
4 175 
4 207 
4 218 
4 219 
4 221 
4 225 
4 239 
4 241 
4 251 
4 258 
4 281 
4 295 
4 302 
4 306 
4 338 
4 365 
4 383 
4 393 
4 430 
4 449 
4 451 
4 461 
4 473 
4 483 
5 6 
5 7 
5 9 
5 10 
5 11 
5 14 
5 19 
5 23 
5 24 
5 27 
5 30 
5 31 
5 38 
5 40 
5 52 
5 60 
5 69 
5 70 
5 80 
5 81 
5 82 
5 83 
5 93 
5 100 
5 124 
5 147 
5 149 
5 163 
5 186 
5 197 
5 223 
5 230 
5 247 
5 280 
5 297 
5 299 
5 304 
5 319 
5 333 
5 336 
5 339 
5 368 
5 373 
5 419 
5 425 
5 459 
5 476 
5 479 
5 487 
5 499 
6 8 
6 25 
6 29 
6 34 
6 36 
6 66 
6 81 
6 101 
6 109 
6 110 
6 120 
6 122 
6 202 
6 214 
6 243 
6 261 
6 323 
6 345 
6 349 
6 396 
6 446 
6 462 
6 470 
7 13 
7 20 
7 25 
7 31 
7 37 
7 39 
7 43 
7 46 
7 48 
7 59 
7 96 
7 116 
7 119 
7 130 
7 133 
7 137 
7 158 
7 159 
7 161 
7 204 
7 228 
7 229 
7 232 
7 237 
7 327 
7 406 
7 410 
7 419 
7 469 
7 473 
7 486 
8 9 
8 10 
8 22 
8 105 
8 118 
8 121 
8 136 
8 170 
8 178 
8 187 
8 196 
8 226 
8 227 
8 267 
8 278 
8 322 
8 427 
8 492 
8 496 
9 10 
9 11 
9 12 
9 13 
9 15 
9 16 
9 17 
9 18 
9 19 
9 25 
9 28 
9 29 
9 31 
9 34 
9 38 
9 46 
9 48 
9 60 
9 66 
9 69 
9 72 
9 78 
9 98 
9 102 
9 107 
9 128 
9 138 
9 156 
9 159 
9 170 
9 171 
9 183 
9 184 
9 226 
9 229 
9 242 
9 245 
9 254 
9 269 
9 277 
9 284 
9 285 
9 299 
9 305 
9 316 
9 319 
9 332 
9 365 
9 367 
9 373 
9 378 
9 383 
9 387 
9 397 
9 409 
9 423 
9 425 
9 433 
9 436 
9 477 
9 491 
9 495 
10 18 
10 54 
10 62 
10 84 
10 86 
10 89 
10 92 
10 104 
10 110 
10 113 
10 147 
10 192 
10 203 
10 212 
10 275 
10 278 
10 343 
10 408 
11 15 
11 24 
11 33 
11 41 
11 42 
11 68 
11 75 
11 85 
11 101 
11 117 
11 150 
11 189 
11 193 
11 200 
11 205 
11 220 
11 249 
11 261 
11 262 
11 299 
11 300 
11 301 
11 319 
11 325 
11 361 
11 381 
11 382 
11 389 
11 399 
11 407 
11 449 
11 480 
12 13 
12 16 
12 22 
12 31 
12 32 
12 37 
12 39 
12 50 
12 69 
12 94 
12 108 
12 110 
12 126 
12 127 
12 144 
12 148 
12 154 
12 163 
12 200 
12 209 
12 222 
12 311 
12 346 
12 366 
12 378 
12 420 
12 429 
12 447 
12 452 
13 33 
13 50 
13 52 
13 65 
13 68 
13 114 
13 116 
13 128 
13 142 
13 200 
13 250 
13 260 
13 280 
13 297 
13 343 
13 400 
13 449 
14 32 
14 41 
14 62 
14 64 
14 85 
14 105 
14 120 
14 136 
14 195 
14 253 
14 267 
14 270 
14 273 
14 361 
14 368 
14 411 
14 421 
14 425 
14 476 
14 484 
14 489 
15 16 
15 18 
15 21 
15 25 
15 26 
15 27 
15 28 
15 35 
15 37 
15 48 
15 50 
15 51 
15 63 
15 87 
15 91 
15 94 
15 106 
15 107 
15 108 
15 114 
15 118 
15 125 
15 127 
15 131 
15 132 
15 138 
15 161 
15 180 
15 181 
15 182 
15 188 
15 189 
15 195 
15 200 
15 260 
15 282 
15 292 
15 297 
15 302 
15 309 
15 316 
15 334 
15 335 
15 338 
15 340 
15 341 
15 365 
15 367 
15 374 
15 376 
15 386 
15 396 
15 403 
15 406 
15 421 
15 444 
15 462 
15 466 
15 475 
15 484 
15 490 
15 493 
16 17 
16 21 
16 39 
16 43 
16 68 
16 72 
16 81 
16 83 
16 202 
16 273 
16 276 
16 287 
16 444 
16 457 
16 482 
16 484 
16 491 
17 20 
17 79 
17 288 
17 289 
17 303 
17 310 
17 321 
17 324 
17 431 
17 497 
18 20 
18 23 
18 57 
18 60 
18 80 
18 82 
18 88 
18 90 
18 93 
18 133 
18 161 
18 173 
18 255 
18 276 
18 315 
18 317 
18 338 
18 340 
18 402 
18 448 
18 495 
19 42 
19 45 
19 54 
19 81 
19 95 
19 96 
19 97 
19 130 
19 131 
19 132 
19 136 
19 190 
19 206 
19 208 
19 230 
19 252 
19 264 
19 269 
19 280 
19 314 
19 321 
19 375 
19 414 
19 429 
19 482 
20 21 
20 45 
20 67 
20 114 
20 123 
20 124 
20 135 
20 140 
20 144 
20 152 
20 162 
20 229 
20 236 
20 246 
20 284 
20 334 
20 336 
20 472 
20 476 
20 479 
20 488 
21 23 
21 24 
21 34 
21 42 
21 46 
21 57 
21 65 
21 71 
21 72 
21 73 
21 74 
21 98 
21 102 
21 107 
21 140 
21 142 
21 144 
21 167 
21 175 
21 209 
21 219 
21 220 
21 223 
21 224 
21 235 
21 287 
21 305 
21 364 
21 388 
21 459 
21 471 
21 475 
21 499 
22 45 
22 53 
22 66 
22 70 
22 109 
22 111 
22 119 
22 121 
22 134 
22 141 
22 145 
22 173 
22 202 
22 233 
22 263 
22 279 
22 296 
22 314 
22 317 
22 392 
22 449 
22 453 
22 498 
23 53 
23 61 
23 128 
23 153 
23 396 
23 412 
23 423 
23 499 
24 28 
24 30 
24 35 
24 47 
24 51 
24 53 
24 63 
24 70 
24 73 
24 92 
24 99 
24 112 
24 120 
24 125 
24 162 
24 180 
24 185 
24 188 
24 194 
24 195 
24 226 
24 251 
24 256 
24 274 
24 275 
24 282 
24 291 
24 293 
24 296 
24 317 
24 324 
24 355 
24 361 
24 372 
24 403 
24 437 
24 483 
25 26 
25 27 
25 35 
25 44 
25 47 
25 51 
25 59 
25 62 
25 73 
25 75 
25 80 
25 96 
25 98 
25 100 
25 112 
25 155 
25 184 
25 191 
25 196 
25 199 
25 210 
25 248 
25 292 
25 325 
25 331 
25 362 
25 371 
25 381 
25 415 
25 417 
25 435 
26 34 
26 64 
26 78 
26 82 
26 108 
26 115 
26 117 
26 201 
26 221 
26 271 
26 287 
26 351 
26 474 
26 489 
27 171 
27 315 
27 387 
28 30 
28 40 
28 57 
28 76 
28 83 
28 146 
28 298 
28 313 
28 337 
28 443 
29 109 
29 139 
29 168 
29 178 
29 198 
29 228 
29 309 
29 313 
29 382 
29 442 
30 33 
30 72 
30 74 
30 79 
30 85 
30 89 
30 110 
30 113 
30 158 
30 352 
30 369 
30 405 
31 32 
31 35 
31 55 
31 111 
31 250 
31 292 
31 477 
32 49 
32 51 
32 54 
32 63 
32 70 
32 135 
32 169 
32 318 
32 420 
33 40 
33 84 
33 103 
33 453 
34 59 
34 77 
34 84 
34 87 
34 148 
34 326 
34 371 
35 49 
35 101 
35 193 
35 302 
35 346 
35 448 
36 38 
36 42 
36 45 
36 55 
36 132 
36 201 
36 248 
36 277 
36 323 
36 347 
36 400 
36 413 
37 40 
37 49 
37 56 
37 61 
37 64 
37 65 
37 73 
37 88 
37 139 
37 142 
37 148 
37 152 
37 155 
37 171 
37 182 
37 220 
37 233 
37 238 
37 316 
37 359 
37 401 
37 441 
37 468 
38 118 
38 183 
38 219 
38 290 
38 362 
38 390 
38 422 
38 489 
39 107 
39 128 
39 137 
39 154 
39 250 
39 306 
39 308 
39 351 
39 394 
40 41 
40 55 
40 76 
40 104 
40 149 
40 175 
40 179 
40 187 
40 238 
40 244 
40 245 
40 297 
40 302 
40 407 
40 481 
41 43 
41 54 
41 71 
41 122 
41 133 
41 135 
41 151 
41 185 
41 198 
41 207 
41 211 
41 228 
41 255 
41 278 
41 295 
41 305 
41 331 
41 463 
42 44 
42 74 
42 78 
42 79 
42 92 
42 97 
42 106 
42 126 
42 320 
43 46 
43 56 
43 76 
43 88 
43 101 
43 143 
43 199 
43 217 
43 300 
43 372 
43 419 
43 470 
43 478 
44 68 
44 103 
44 290 
44 350 
44 396 
45 67 
45 75 
45 77 
45 79 
45 91 
45 151 
45 266 
45 293 
45 345 
45 386 
45 486 
46 86 
46 87 
46 97 
46 181 
46 191 
46 270 
47 88 
47 158 
47 234 
47 357 
48 60 
48 154 
48 157 
48 177 
48 319 
48 323 
48 330 
48 364 
48 400 
48 442 
48 464 
49 61 
49 109 
49 167 
49 221 
49 286 
50 56 
50 235 
50 338 
50 404 
50 485 
51 83 
51 146 
51 153 
51 166 
51 174 
51 249 
51 254 
51 326 
51 333 
51 408 
51 423 
51 436 
51 487 
52 74 
52 75 
52 123 
52 134 
52 213 
52 265 
52 267 
52 349 
52 358 
52 434 
52 460 
53 209 
53 246 
53 417 
54 141 
54 150 
54 164 
54 231 
54 259 
54 385 
55 77 
55 144 
55 156 
55 169 
55 213 
55 306 
55 397 
56 59 
56 69 
56 89 
56 94 
56 115 
56 126 
56 145 
56 213 
56 216 
56 296 
56 311 
56 366 
56 379 
56 462 
56 488 
57 58 
57 63 
57 129 
57 134 
57 140 
57 151 
57 165 
57 301 
57 314 
57 320 
57 472 
58 122 
58 238 
58 283 
58 316 
58 383 
58 385 
59 160 
59 185 
59 196 
59 206 
59 236 
59 315 
59 342 
59 379 
59 439 
59 466 
60 124 
60 215 
60 277 
60 313 
60 395 
60 422 
61 203 
61 253 
61 329 
62 125 
62 175 
62 222 
62 244 
62 249 
62 315 
62 487 
63 97 
63 143 
63 352 
63 375 
63 430 
63 487 
64 76 
64 78 
64 86 
64 116 
64 203 
64 230 
64 329 
64 435 
65 67 
65 71 
65 95 
65 239 
65 351 
65 390 
65 446 
65 471 
67 94 
67 152 
67 190 
67 193 
67 265 
67 322 
67 399 
68 87 
68 167 
68 289 
69 119 
69 149 
69 164 
69 170 
69 264 
69 285 
69 298 
69 432 
70 89 
70 153 
70 174 
70 224 
70 385 
71 100 
71 136 
71 172 
71 254 
71 291 
71 377 
71 463 
71 472 
71 485 
72 455 
73 77 
73 115 
73 122 
73 130 
73 147 
73 150 
73 206 
73 218 
73 401 
73 488 
74 95 
74 115 
74 151 
74 164 
74 211 
74 234 
74 288 
74 356 
74 441 
75 117 
75 187 
75 225 
75 282 
75 308 
75 313 
75 390 
75 498 
76 93 
76 112 
76 141 
76 205 
76 236 
76 248 
76 328 
76 347 
76 378 
76 457 
76 467 
76 479 
77 84 
77 91 
77 126 
77 205 
77 225 
77 240 
77 245 
77 272 
78 111 
78 121 
78 154 
78 177 
78 186 
78 227 
78 259 
78 262 
78 379 
78 410 
78 465 
79 90 
79 307 
80 102 
80 106 
80 135 
80 162 
80 173 
80 247 
80 382 
80 429 
81 104 
81 152 
81 160 
81 239 
81 325 
81 355 
81 424 
82 90 
82 93 
82 146 
82 165 
82 174 
82 211 
82 240 
82 291 
82 320 
82 327 
82 359 
82 443 
82 491 
83 179 
83 184 
83 232 
83 421 
84 129 
84 216 
84 337 
84 360 
84 455 
84 495 
85 95 
85 113 
85 127 
85 133 
85 199 
85 233 
85 309 
86 117 
86 155 
86 259 
86 275 
86 368 
86 386 
87 159 
87 241 
87 324 
88 113 
88 165 
88 241 
88 318 
88 386 
88 433 
89 220 
89 232 
89 392 
90 131 
90 149 
91 105 
91 119 
91 264 
91 279 
91 422 
91 466 
92 303 
92 392 
93 177 
93 328 
93 435 
93 458 
94 143 
94 231 
94 269 
94 400 
95 99 
95 161 
95 162 
95 201 
95 222 
95 248 
95 294 
95 340 
95 342 
95 413 
95 434 
95 498 
96 148 
96 157 
96 247 
96 253 
96 276 
96 290 
96 423 
97 310 
97 328 
97 387 
97 406 
97 413 
98 108 
98 141 
98 176 
98 188 
98 210 
98 215 
98 224 
98 384 
98 391 
98 416 
99 134 
99 168 
99 184 
99 394 
100 417 
100 453 
101 132 
101 138 
101 167 
101 169 
101 214 
101 327 
101 336 
101 394 
101 416 
103 464 
104 268 
105 304 
105 329 
105 357 
106 166 
107 235 
107 261 
107 274 
107 415 
108 307 
108 409 
109 120 
109 121 
109 138 
109 163 
109 171 
109 231 
109 263 
109 370 
109 395 
109 434 
109 451 
110 139 
110 168 
110 387 
112 123 
112 269 
112 323 
112 353 
112 428 
112 442 
113 160 
113 236 
113 281 
113 303 
113 363 
113 367 
114 217 
114 224 
114 299 
114 354 
114 430 
115 170 
115 203 
115 217 
115 219 
115 311 
115 408 
115 440 
115 494 
116 137 
116 194 
116 214 
116 215 
116 428 
117 156 
117 168 
117 260 
117 285 
117 320 
117 341 
117 370 
117 471 
118 124 
118 159 
118 166 
118 172 
118 181 
118 189 
118 218 
118 470 
118 495 
119 247 
120 237 
120 240 
120 295 
120 427 
121 182 
121 330 
122 262 
123 264 
123 303 
123 402 
124 173 
124 206 
124 208 
124 496 
125 147 
125 176 
125 192 
125 407 
126 347 
126 350 
126 418 
126 456 
127 146 
127 197 
127 244 
127 358 
128 156 
128 190 
128 210 
128 268 
128 326 
128 379 
128 408 
129 137 
129 234 
129 252 
129 358 
131 213 
131 484 
131 493 
132 197 
132 201 
132 231 
132 244 
132 252 
132 453 
132 478 
133 145 
133 246 
133 454 
134 176 
134 341 
135 196 
135 340 
135 363 
135 458 
136 345 
137 189 
137 198 
137 232 
137 298 
137 359 
137 405 
137 434 
137 438 
137 467 
139 174 
140 381 
140 399 
141 270 
141 376 
141 480 
142 172 
142 188 
142 216 
142 257 
142 271 
142 344 
142 353 
142 457 
143 356 
143 404 
143 452 
144 165 
144 251 
144 290 
145 227 
145 350 
146 157 
146 169 
146 243 
146 422 
146 456 
147 368 
147 420 
148 228 
148 309 
148 332 
148 389 
149 178 
149 237 
149 279 
149 307 
149 401 
151 164 
151 216 
151 254 
151 296 
151 431 
151 491 
151 496 
152 192 
152 286 
152 357 
152 380 
152 464 
153 183 
153 483 
154 185 
154 186 
154 222 
154 230 
154 234 
154 266 
154 336 
154 439 
154 466 
154 468 
155 198 
155 342 
155 450 
156 300 
156 446 
157 204 
157 474 
158 172 
159 182 
159 362 
159 485 
160 179 
160 193 
160 229 
160 239 
160 356 
160 388 
161 207 
161 273 
161 355 
161 492 
163 346 
163 374 
164 280 
164 353 
165 293 
165 332 
166 183 
167 186 
167 214 
168 199 
168 334 
168 364 
169 176 
169 179 
169 195 
169 212 
169 225 
169 271 
169 279 
169 281 
169 359 
169 375 
169 454 
170 197 
170 204 
170 211 
170 446 
171 190 
171 263 
171 348 
171 402 
171 468 
171 473 
172 191 
172 204 
172 212 
172 258 
172 270 
173 284 
175 223 
175 255 
175 380 
175 413 
175 458 
176 237 
176 271 
176 375 
177 258 
177 369 
177 415 
177 418 
178 180 
178 192 
178 490 
179 240 
179 324 
179 348 
179 399 
181 391 
181 461 
181 473 
183 358 
184 208 
184 255 
184 385 
185 249 
185 317 
186 378 
187 342 
188 194 
189 409 
191 242 
191 327 
192 388 
192 439 
192 454 
193 273 
193 284 
193 330 
194 333 
194 353 
194 494 
195 349 
195 388 
196 337 
197 256 
198 257 
199 360 
200 418 
200 460 
201 256 
201 282 
202 263 
202 304 
202 321 
203 221 
203 261 
203 370 
203 404 
203 414 
204 265 
204 301 
205 283 
205 352 
207 226 
207 268 
207 335 
207 341 
207 351 
208 245 
208 256 
208 391 
208 426 
209 406 
209 414 
210 215 
210 475 
210 493 
211 289 
213 233 
213 366 
213 367 
213 410 
213 448 
214 251 
214 339 
215 349 
215 405 
216 300 
217 335 
218 428 
219 334 
219 364 
220 274 
220 331 
222 257 
223 292 
223 366 
223 481 
224 238 
224 294 
224 377 
225 250 
225 318 
225 330 
226 243 
226 262 
226 283 
226 291 
228 402 
231 235 
231 312 
232 356 
232 428 
232 463 
234 391 
235 260 
235 311 
235 373 
237 267 
237 377 
238 393 
238 404 
239 277 
239 424 
241 252 
241 258 
241 301 
241 329 
241 337 
241 393 
242 322 
242 344 
242 369 
242 483 
243 266 
243 310 
243 373 
245 286 
245 310 
245 363 
245 480 
246 346 
246 443 
248 278 
248 380 
248 450 
248 461 
250 268 
250 395 
250 490 
251 266 
251 288 
251 492 
252 259 
252 274 
252 305 
254 272 
254 344 
255 376 
255 431 
255 477 
257 283 
257 332 
257 354 
257 371 
257 389 
257 469 
258 447 
260 287 
261 265 
261 455 
262 339 
262 384 
262 397 
264 348 
264 416 
264 445 
265 333 
265 371 
266 410 
267 344 
268 411 
268 438 
269 355 
270 345 
270 374 
270 459 
272 456 
274 401 
274 432 
275 328 
275 489 
275 496 
276 363 
276 447 
276 478 
277 286 
279 394 
280 433 
281 308 
281 395 
283 412 
283 451 
284 295 
285 490 
288 304 
288 312 
288 493 
290 298 
291 343 
291 347 
291 350 
292 464 
293 438 
293 447 
297 454 
298 435 
298 494 
299 307 
299 470 
300 308 
300 318 
300 321 
300 392 
300 417 
303 326 
303 360 
303 390 
304 335 
304 436 
304 452 
307 312 
307 339 
307 380 
308 354 
308 443 
308 448 
309 398 
309 432 
310 360 
311 357 
312 382 
313 450 
313 498 
314 397 
314 398 
314 472 
317 427 
318 432 
319 424 
322 325 
324 494 
326 412 
331 376 
331 393 
331 421 
332 445 
333 439 
333 477 
334 348 
335 361 
337 389 
337 430 
337 499 
338 377 
338 381 
338 405 
339 437 
339 463 
340 403 
342 384 
343 441 
345 426 
345 462 
345 465 
347 369 
352 411 
353 365 
354 407 
356 431 
358 480 
361 425 
364 450 
365 398 
366 482 
367 482 
368 383 
368 403 
370 372 
371 426 
371 451 
372 452 
373 457 
375 384 
378 441 
379 414 
381 458 
382 445 
384 440 
389 418 
389 440 
391 416 
391 445 
394 411 
396 469 
399 409 
400 415 
401 465 
401 481 
402 412 
403 455 
411 420 
411 444 
412 476 
413 424 
413 442 
414 440 
415 438 
421 427 
424 444 
429 437 
429 492 
431 479 
437 460 
437 471 
437 481 
441 486 
446 460 
447 465 
447 474 
454 461 
458 488 
466 485 
484 497 
486 497 
