false
false
500
1988
0 1 
0 3 
0 4 
0 5 
0 6 
0 7 
0 8 
0 9 
0 18 
0 19 
0 23 
0 29 
0 30 
0 32 
0 33 
0 38 
0 39 
0 43 
0 44 
0 46 
0 56 
0 59 
0 64 
0 70 
0 76 
0 88 
0 91 
0 94 
0 95 
0 114 
0 116 
0 119 
0 124 
0 135 
0 141 
0 144 
0 150 
0 153 
0 171 
0 177 
0 208 
0 210 
0 226 
0 228 
0 263 
0 269 
0 279 
0 288 
0 293 
0 300 
0 314 
0 316 
0 339 
0 361 
0 446 
0 492 
1 2 
1 4 
1 5 
1 6 
1 8 
1 9 
1 10 
1 14 
1 15 
1 19 
1 24 
1 28 
1 29 
1 32 
1 35 
1 40 
1 43 
1 47 
1 52 
1 55 
1 68 
1 70 
1 75 
1 76 
1 77 
1 81 
1 87 
1 90 
1 94 
1 97 
1 102 
1 103 
1 113 
1 119 
1 121 
1 124 
1 130 
1 139 
1 141 
1 172 
1 175 
1 179 
1 183 
1 189 
1 217 
1 226 
1 235 
1 237 
1 248 
1 252 
1 278 
1 282 
1 301 
1 305 
1 333 
1 349 
1 358 
1 363 
1 371 
1 403 
1 441 
1 488 
1 491 
2 3 
2 4 
2 5 
2 7 
2 8 
2 10 
2 11 
2 18 
2 22 
2 28 
2 30 
2 50 
2 51 
2 53 
2 60 
2 69 
2 73 
2 80 
2 83 
2 85 
2 86 
2 90 
2 103 
2 108 
2 115 
2 131 
2 132 
2 139 
2 164 
2 180 
2 186 
2 195 
2 197 
2 206 
2 212 
2 230 
2 247 
2 251 
2 255 
2 257 
2 260 
2 274 
2 284 
2 300 
2 312 
2 315 
2 336 
2 361 
2 380 
2 385 
2 400 
2 407 
2 435 
2 442 
2 450 
2 454 
2 457 
2 465 
2 482 
2 484 
3 4 
3 5 
3 7 
3 8 
3 10 
3 12 
3 13 
3 14 
3 15 
3 16 
3 17 
3 18 
3 21 
3 27 
3 36 
3 38 
3 39 
3 46 
3 56 
3 58 
3 60 
3 62 
3 64 
3 71 
3 73 
3 76 
3 81 
3 82 
3 84 
3 89 
3 107 
3 114 
3 133 
3 137 
3 147 
3 151 
3 155 
3 157 
3 158 
3 166 
3 167 
3 182 
3 184 
3 187 
3 193 
3 252 
3 297 
3 298 
3 313 
3 326 
3 355 
3 381 
3 387 
3 388 
3 415 
3 422 
3 434 
3 478 
3 479 
3 497 
4 6 
4 7 
4 11 
4 13 
4 17 
4 19 
4 27 
4 34 
4 36 
4 37 
4 38 
4 39 
4 48 
4 56 
4 85 
4 104 
4 111 
4 113 
4 142 
4 158 
4 159 
4 188 
4 198 
4 201 
4 202 
4 204 
4 212 
4 218 
4 219 
4 232 
4 241 
4 242 
4 243 
4 253 
4 292 
4 303 
4 305 
4 309 
4 338 
4 345 
4 357 
4 364 
4 370 
4 386 
4 392 
4 420 
4 421 
4 425 
4 428 
4 431 
4 452 
4 484 
4 487 
5 6 
5 9 
5 11 
5 12 
5 15 
5 16 
5 17 
5 22 
5 26 
5 37 
5 39 
5 45 
5 50 
5 52 
5 65 
5 77 
5 81 
5 84 
5 98 
5 101 
5 105 
5 108 
5 109 
5 116 
5 137 
5 138 
5 147 
5 152 
5 170 
5 171 
5 181 
5 191 
5 212 
5 219 
5 234 
5 238 
5 255 
5 265 
5 271 
5 281 
5 292 
5 348 
5 359 
5 365 
5 368 
5 402 
5 410 
5 411 
5 414 
5 434 
5 435 
5 439 
5 464 
5 497 
6 9 
6 10 
6 14 
6 16 
6 26 
6 31 
6 46 
6 57 
6 61 
6 91 
6 158 
6 163 
6 217 
6 269 
6 294 
6 296 
6 299 
6 332 
6 347 
6 375 
6 384 
6 391 
6 399 
6 409 
6 451 
6 470 
6 473 
7 18 
7 19 
7 20 
7 23 
7 25 
7 26 
7 28 
7 32 
7 36 
7 41 
7 46 
7 51 
7 58 
7 60 
7 66 
7 91 
7 112 
7 117 
7 125 
7 145 
7 150 
7 165 
7 172 
7 185 
7 191 
7 200 
7 205 
7 221 
7 242 
7 243 
7 251 
7 268 
7 273 
7 315 
7 328 
7 330 
7 341 
7 414 
7 491 
8 11 
8 12 
8 13 
8 16 
8 23 
8 42 
8 43 
8 54 
8 56 
8 57 
8 67 
8 70 
8 78 
8 82 
8 83 
8 85 
8 86 
8 90 
8 96 
8 102 
8 122 
8 123 
8 135 
8 140 
8 161 
8 165 
8 172 
8 181 
8 185 
8 197 
8 205 
8 227 
8 235 
8 248 
8 252 
8 265 
8 289 
8 295 
8 308 
8 311 
8 319 
8 353 
8 359 
8 400 
8 402 
8 412 
8 441 
8 457 
8 461 
8 472 
8 499 
9 12 
9 13 
9 15 
9 26 
9 52 
9 61 
9 65 
9 106 
9 109 
9 115 
9 126 
9 154 
9 160 
9 200 
9 215 
9 331 
9 373 
9 432 
10 17 
10 21 
10 22 
10 25 
10 31 
10 33 
10 35 
10 36 
10 37 
10 38 
10 59 
10 61 
10 71 
10 73 
10 88 
10 101 
10 118 
10 120 
10 122 
10 124 
10 129 
10 160 
10 179 
10 180 
10 188 
10 201 
10 220 
10 222 
10 235 
10 260 
10 265 
10 287 
10 294 
10 298 
10 326 
10 342 
10 348 
10 354 
10 356 
10 405 
10 408 
10 428 
10 432 
10 467 
10 471 
10 496 
11 20 
11 21 
11 24 
11 27 
11 29 
11 30 
11 33 
11 48 
11 50 
11 53 
11 55 
11 92 
11 121 
11 127 
11 132 
11 142 
11 146 
11 154 
11 161 
11 173 
11 178 
11 188 
11 203 
11 204 
11 230 
11 245 
11 258 
11 261 
11 272 
11 277 
11 280 
11 307 
11 316 
11 322 
11 365 
11 465 
12 14 
12 97 
12 325 
12 436 
13 21 
13 25 
13 31 
13 32 
13 41 
13 53 
13 74 
13 78 
13 93 
13 113 
13 117 
13 126 
13 146 
13 149 
13 156 
13 160 
13 171 
13 174 
13 229 
13 231 
13 256 
13 296 
13 298 
13 316 
13 344 
13 450 
13 459 
14 29 
14 53 
14 58 
14 63 
14 73 
14 82 
14 84 
14 88 
14 95 
14 127 
14 135 
14 167 
14 244 
14 288 
14 310 
14 361 
14 384 
14 396 
14 397 
14 401 
14 402 
14 451 
15 89 
15 110 
15 116 
15 173 
15 190 
15 222 
15 236 
15 286 
15 298 
15 301 
15 315 
15 397 
15 436 
16 22 
16 27 
16 40 
16 63 
16 64 
16 67 
16 72 
16 90 
16 113 
16 118 
16 129 
16 224 
16 225 
16 227 
16 310 
16 335 
16 408 
17 28 
17 34 
17 35 
17 44 
17 51 
17 110 
17 200 
17 279 
17 335 
17 357 
17 378 
17 440 
18 20 
18 25 
18 59 
18 60 
18 68 
18 83 
18 89 
18 91 
18 92 
18 100 
18 128 
18 138 
18 140 
18 162 
18 169 
18 177 
18 209 
18 230 
18 258 
18 262 
18 280 
18 306 
18 322 
18 331 
18 367 
18 426 
18 461 
18 494 
19 20 
19 24 
19 31 
19 34 
19 49 
19 89 
19 96 
19 104 
19 133 
19 153 
19 155 
19 164 
19 262 
19 283 
19 304 
19 320 
19 338 
19 339 
19 394 
19 429 
20 23 
20 24 
20 42 
20 44 
20 45 
20 49 
20 55 
20 57 
20 63 
20 66 
20 72 
20 81 
20 95 
20 96 
20 98 
20 129 
20 131 
20 142 
20 148 
20 149 
20 159 
20 163 
20 210 
20 211 
20 249 
20 250 
20 263 
20 325 
20 340 
20 357 
20 373 
20 378 
20 400 
20 412 
20 414 
20 423 
20 437 
20 443 
20 469 
20 482 
21 33 
21 49 
21 80 
21 86 
21 112 
21 154 
21 183 
21 389 
21 404 
21 445 
21 454 
22 34 
22 41 
22 97 
22 144 
22 184 
22 236 
22 256 
22 356 
22 470 
22 494 
23 35 
23 143 
23 213 
24 106 
24 109 
24 128 
24 159 
24 249 
24 251 
24 276 
24 307 
24 414 
24 429 
24 431 
25 44 
25 54 
25 57 
25 114 
25 119 
25 195 
25 201 
25 213 
25 233 
25 266 
25 286 
25 340 
25 386 
26 50 
26 67 
26 75 
26 83 
26 131 
26 157 
26 166 
26 174 
26 182 
26 247 
26 260 
26 275 
26 324 
26 330 
26 331 
26 351 
26 360 
26 371 
26 378 
26 391 
26 417 
26 462 
26 495 
27 48 
27 74 
27 162 
27 172 
27 189 
27 297 
27 354 
27 366 
27 452 
27 462 
28 30 
28 42 
28 52 
28 54 
28 55 
28 66 
28 79 
28 80 
28 92 
28 94 
28 95 
28 96 
28 102 
28 105 
28 120 
28 130 
28 140 
28 157 
28 158 
28 160 
28 182 
28 188 
28 192 
28 193 
28 203 
28 205 
28 219 
28 232 
28 240 
28 245 
28 247 
28 249 
28 272 
28 302 
28 304 
28 325 
28 343 
28 346 
28 353 
28 362 
28 374 
28 381 
28 419 
28 439 
28 462 
28 482 
29 41 
29 47 
29 79 
29 85 
29 94 
29 100 
29 104 
29 118 
29 141 
29 151 
29 162 
29 165 
29 168 
29 186 
29 192 
29 198 
29 210 
29 216 
29 266 
29 269 
29 300 
29 332 
29 334 
29 363 
29 408 
29 427 
29 456 
30 40 
30 45 
30 65 
30 77 
30 108 
30 116 
30 137 
30 143 
30 223 
30 234 
30 257 
30 278 
30 302 
30 323 
30 349 
30 457 
30 474 
30 481 
30 491 
31 42 
31 204 
31 269 
31 281 
31 294 
31 323 
31 383 
32 72 
32 74 
32 110 
32 114 
32 123 
32 246 
33 62 
33 78 
33 87 
33 132 
33 227 
33 260 
33 274 
34 47 
34 63 
34 100 
34 121 
34 128 
34 147 
34 148 
34 174 
34 206 
34 211 
34 220 
34 237 
34 290 
34 328 
34 427 
34 490 
35 37 
35 65 
35 67 
35 75 
35 78 
35 125 
35 126 
35 134 
35 152 
35 170 
35 187 
35 220 
35 248 
35 273 
35 312 
35 327 
35 352 
35 358 
35 367 
35 368 
35 373 
35 405 
35 407 
35 449 
35 473 
36 300 
36 361 
36 373 
36 377 
36 483 
37 43 
37 79 
37 93 
37 104 
37 134 
37 198 
37 250 
37 262 
37 283 
37 355 
37 377 
37 430 
38 40 
38 70 
38 107 
38 166 
38 167 
38 382 
38 420 
38 469 
38 478 
38 488 
39 49 
39 157 
39 244 
39 423 
39 433 
40 47 
40 98 
40 99 
40 209 
40 270 
40 323 
40 374 
40 433 
40 454 
40 475 
40 481 
41 115 
41 123 
41 466 
42 51 
42 68 
42 75 
42 117 
42 150 
42 184 
42 305 
42 306 
43 48 
43 142 
43 246 
43 271 
43 329 
43 352 
44 45 
44 54 
44 140 
44 201 
44 223 
44 304 
44 472 
45 120 
45 168 
45 191 
45 194 
45 197 
45 224 
45 289 
45 321 
46 202 
46 218 
46 245 
46 390 
46 455 
46 467 
47 72 
47 97 
47 145 
47 148 
47 151 
47 156 
47 173 
47 199 
47 447 
48 61 
48 69 
48 76 
48 77 
48 401 
48 403 
49 120 
49 177 
49 178 
49 198 
49 206 
49 243 
49 282 
49 317 
49 346 
49 425 
49 441 
50 62 
50 138 
50 181 
50 339 
50 355 
50 427 
50 443 
50 453 
50 469 
51 159 
51 163 
51 217 
51 284 
51 366 
51 430 
52 185 
52 195 
52 221 
52 485 
53 341 
53 412 
54 58 
54 71 
54 99 
54 144 
54 179 
54 245 
54 256 
54 267 
54 287 
54 375 
54 395 
54 417 
54 451 
54 497 
55 68 
55 102 
55 169 
55 207 
55 208 
55 221 
55 314 
55 379 
55 410 
55 432 
55 437 
55 443 
56 69 
56 87 
56 101 
56 136 
56 241 
56 327 
56 330 
56 367 
56 413 
57 62 
57 64 
57 71 
57 127 
57 129 
57 193 
57 261 
57 288 
57 440 
57 485 
58 59 
58 253 
58 290 
58 423 
58 460 
58 486 
59 66 
59 213 
59 307 
59 318 
59 345 
60 100 
60 190 
60 216 
60 322 
61 88 
61 130 
61 134 
61 146 
61 182 
61 231 
61 250 
61 365 
61 391 
61 411 
62 199 
62 392 
62 444 
62 468 
63 103 
63 155 
63 259 
63 372 
63 376 
64 108 
64 111 
64 178 
64 231 
64 320 
64 382 
64 411 
64 489 
65 69 
65 80 
65 127 
65 177 
65 187 
65 255 
65 351 
65 463 
65 492 
66 437 
68 79 
68 93 
68 107 
68 111 
68 139 
68 164 
68 168 
68 276 
68 290 
68 330 
68 396 
68 420 
68 442 
68 447 
69 86 
69 203 
69 225 
69 285 
69 297 
69 329 
69 336 
69 370 
69 393 
70 225 
70 274 
70 284 
71 135 
71 282 
71 333 
72 74 
72 82 
72 110 
72 131 
72 136 
72 156 
72 161 
72 264 
72 273 
72 315 
72 317 
72 345 
72 429 
72 467 
72 479 
73 111 
73 112 
73 241 
73 251 
73 293 
73 294 
73 329 
73 353 
73 359 
73 388 
73 401 
73 419 
73 438 
73 494 
74 84 
74 180 
74 194 
74 196 
74 220 
74 229 
74 250 
74 372 
74 452 
74 473 
75 99 
75 106 
75 181 
75 196 
75 216 
75 236 
75 295 
75 296 
75 309 
75 350 
75 354 
75 369 
75 390 
75 425 
75 446 
76 155 
77 189 
77 274 
78 92 
78 117 
78 125 
78 137 
78 168 
78 189 
78 313 
78 337 
78 356 
78 389 
79 130 
79 388 
79 418 
79 480 
80 115 
80 121 
80 124 
80 134 
80 139 
80 253 
80 264 
80 276 
80 278 
80 312 
80 324 
80 425 
80 433 
80 474 
80 476 
81 105 
81 143 
81 234 
81 367 
81 449 
81 472 
81 477 
81 483 
82 101 
82 106 
82 119 
82 184 
82 197 
82 207 
82 404 
84 87 
84 145 
84 163 
84 310 
84 350 
85 93 
85 98 
85 99 
85 207 
85 280 
85 478 
86 122 
86 153 
86 208 
86 216 
86 263 
86 309 
86 331 
87 105 
87 109 
87 112 
87 133 
87 150 
87 166 
87 285 
87 324 
88 271 
89 283 
89 321 
91 128 
91 179 
91 279 
91 285 
91 317 
91 341 
91 471 
91 478 
92 207 
92 268 
92 389 
93 136 
93 343 
94 435 
95 136 
95 308 
95 370 
96 199 
96 254 
96 452 
97 360 
98 122 
98 149 
98 225 
98 226 
98 422 
98 433 
99 103 
99 426 
100 141 
100 144 
100 171 
100 240 
100 403 
100 430 
100 438 
100 458 
100 494 
101 194 
101 209 
101 224 
101 238 
101 263 
101 380 
101 444 
102 162 
102 292 
102 306 
102 439 
103 123 
103 148 
103 149 
103 175 
103 360 
104 107 
104 202 
104 291 
104 318 
104 448 
105 132 
105 143 
105 288 
105 320 
105 382 
105 400 
105 459 
106 153 
106 164 
106 211 
106 228 
106 232 
106 242 
106 244 
106 327 
106 348 
106 450 
107 126 
107 190 
107 204 
107 209 
107 282 
107 289 
108 186 
108 304 
108 364 
109 167 
109 383 
110 118 
110 289 
110 303 
110 387 
110 458 
111 339 
112 262 
112 424 
113 194 
114 154 
114 193 
116 125 
116 152 
116 287 
116 340 
116 436 
117 487 
118 138 
118 215 
118 252 
118 253 
118 254 
118 383 
118 421 
118 430 
119 152 
119 175 
119 256 
119 268 
120 328 
120 337 
120 375 
120 483 
121 314 
122 133 
122 419 
123 292 
124 145 
124 147 
124 226 
124 239 
124 313 
124 379 
124 392 
124 399 
124 416 
124 431 
124 453 
125 206 
125 254 
126 199 
126 218 
126 428 
126 496 
127 196 
127 344 
127 346 
127 475 
128 259 
128 280 
128 299 
129 190 
130 377 
130 438 
131 385 
131 404 
132 434 
132 451 
133 169 
133 334 
133 376 
133 436 
134 246 
134 351 
134 386 
134 450 
136 228 
136 264 
138 366 
139 146 
139 325 
140 156 
140 185 
140 229 
140 279 
140 307 
140 366 
140 431 
140 445 
142 151 
142 214 
142 231 
142 248 
142 438 
142 484 
143 176 
143 210 
144 239 
144 297 
144 356 
144 364 
144 413 
144 444 
144 486 
145 183 
145 191 
145 291 
145 380 
146 295 
147 302 
147 343 
148 236 
149 363 
149 394 
150 170 
150 215 
150 259 
150 277 
150 374 
150 416 
151 217 
151 454 
152 230 
152 358 
152 456 
152 465 
153 261 
153 273 
153 277 
154 286 
154 332 
154 490 
155 195 
155 239 
155 342 
155 455 
158 165 
158 169 
158 176 
158 214 
158 318 
158 355 
158 370 
159 161 
159 174 
159 183 
159 196 
159 416 
159 482 
160 170 
160 393 
160 460 
161 180 
162 219 
163 259 
163 459 
164 471 
164 477 
164 488 
165 173 
165 176 
165 178 
165 233 
165 266 
165 270 
165 350 
165 469 
166 186 
166 246 
166 379 
167 287 
168 247 
168 369 
169 175 
169 215 
169 317 
170 234 
170 275 
170 322 
171 222 
171 337 
172 187 
172 249 
172 417 
173 176 
173 192 
173 271 
173 278 
173 311 
173 447 
176 336 
176 402 
176 464 
177 346 
177 487 
177 495 
178 240 
178 387 
178 408 
179 208 
179 265 
179 306 
179 321 
179 371 
179 399 
179 476 
180 192 
181 463 
182 223 
182 284 
182 308 
182 369 
183 214 
183 480 
185 203 
185 254 
185 281 
185 362 
185 403 
185 434 
186 342 
187 267 
187 290 
187 319 
187 410 
188 200 
188 241 
188 261 
190 202 
190 286 
190 303 
190 379 
190 470 
191 211 
191 237 
191 243 
191 324 
192 320 
192 372 
192 447 
192 460 
193 264 
195 239 
195 350 
196 283 
196 318 
196 440 
197 334 
197 342 
197 362 
198 213 
198 222 
198 224 
198 242 
198 266 
198 344 
198 347 
199 276 
199 328 
199 359 
199 394 
200 214 
200 311 
200 368 
200 493 
201 205 
202 212 
202 301 
202 456 
203 371 
204 404 
205 233 
205 354 
205 390 
205 407 
205 446 
205 499 
206 238 
206 349 
208 489 
209 238 
209 314 
209 381 
210 221 
210 423 
211 223 
211 445 
211 492 
212 218 
212 291 
212 397 
213 486 
214 227 
214 232 
214 233 
214 237 
214 257 
214 378 
214 383 
214 446 
215 490 
215 495 
216 291 
216 326 
216 418 
216 455 
217 309 
217 394 
218 395 
219 229 
219 443 
220 228 
220 411 
220 495 
221 270 
222 267 
222 340 
222 481 
223 244 
223 396 
224 240 
224 268 
226 382 
226 387 
227 272 
227 380 
228 303 
228 311 
228 372 
228 437 
228 464 
229 299 
230 275 
231 327 
231 334 
231 432 
232 296 
232 384 
233 388 
233 393 
233 440 
234 235 
234 285 
234 369 
236 293 
236 365 
236 416 
238 258 
238 341 
238 395 
239 489 
240 313 
240 345 
240 458 
241 257 
241 336 
241 415 
243 466 
244 457 
246 255 
246 343 
246 461 
246 466 
247 281 
247 301 
247 347 
248 335 
248 386 
249 258 
249 477 
250 267 
250 406 
250 463 
251 415 
251 496 
252 349 
252 456 
252 473 
253 312 
253 337 
253 422 
253 449 
253 485 
254 377 
254 409 
255 347 
256 275 
257 461 
257 487 
259 302 
259 316 
259 489 
260 305 
262 426 
262 468 
263 392 
263 463 
264 270 
264 272 
264 418 
266 418 
266 492 
267 338 
268 295 
268 310 
268 335 
268 384 
268 398 
268 445 
268 479 
270 277 
271 376 
277 319 
277 323 
278 468 
278 484 
281 364 
281 398 
283 385 
283 427 
285 293 
285 352 
286 319 
286 393 
286 401 
286 415 
287 449 
288 424 
289 497 
291 486 
292 462 
292 472 
292 498 
292 499 
293 352 
293 358 
294 299 
295 308 
297 362 
297 453 
300 407 
300 424 
301 374 
301 405 
301 435 
302 399 
302 417 
302 448 
302 499 
305 419 
307 321 
307 357 
310 413 
310 422 
311 326 
311 333 
311 389 
311 397 
311 413 
312 466 
312 479 
313 333 
313 376 
313 406 
313 467 
317 381 
318 485 
319 409 
320 390 
321 332 
321 493 
322 348 
322 385 
322 476 
323 459 
324 344 
324 351 
325 329 
325 398 
327 375 
330 395 
330 398 
330 442 
331 421 
332 338 
332 360 
333 439 
333 468 
335 441 
337 442 
338 368 
340 455 
340 496 
341 474 
343 353 
343 483 
345 391 
346 426 
347 363 
349 448 
349 458 
353 396 
354 424 
354 490 
358 480 
360 412 
361 460 
364 475 
365 465 
367 409 
369 448 
380 428 
383 421 
383 429 
391 453 
394 406 
394 480 
396 405 
396 493 
397 471 
398 410 
399 420 
404 406 
407 470 
417 498 
420 475 
424 493 
426 498 
434 477 
437 444 
437 464 
437 488 
446 491 
446 498 
449 476 
456 474 
477 481 
