false
false
500
1988
0 1 
0 3 
0 4 
0 6 
0 10 
0 15 
0 28 
0 60 
0 63 
0 71 
0 72 
0 73 
0 94 
0 96 
0 122 
0 125 
0 128 
0 132 
0 145 
0 148 
0 161 
0 184 
0 187 
0 190 
0 244 
0 257 
0 269 
0 296 
0 302 
0 310 
0 412 
0 435 
0 452 
0 464 
0 474 
0 481 
1 2 
1 4 
1 5 
1 6 
1 7 
1 8 
1 9 
1 10 
1 12 
1 13 
1 14 
1 16 
1 17 
1 19 
1 20 
1 24 
1 28 
1 29 
1 31 
1 32 
1 36 
1 37 
1 42 
1 49 
1 61 
1 62 
1 63 
1 65 
1 70 
1 78 
1 81 
1 91 
1 99 
1 102 
1 130 
1 142 
1 166 
1 173 
1 179 
1 186 
1 190 
1 206 
1 229 
1 231 
1 234 
1 237 
1 238 
1 247 
1 251 
1 254 
1 262 
1 279 
1 286 
1 292 
1 303 
1 308 
1 313 
1 371 
1 374 
1 385 
1 392 
1 415 
1 418 
1 421 
1 431 
1 452 
1 456 
1 475 
1 488 
2 3 
2 4 
2 5 
2 6 
2 8 
2 9 
2 11 
2 13 
2 14 
2 18 
2 26 
2 27 
2 32 
2 35 
2 36 
2 38 
2 40 
2 41 
2 46 
2 50 
2 52 
2 69 
2 73 
2 80 
2 82 
2 99 
2 100 
2 101 
2 113 
2 119 
2 135 
2 137 
2 170 
2 176 
2 199 
2 268 
2 271 
2 297 
2 302 
2 318 
2 325 
2 335 
2 352 
2 367 
2 381 
2 447 
2 457 
2 462 
2 480 
2 493 
3 4 
3 5 
3 7 
3 9 
3 11 
3 15 
3 33 
3 43 
3 51 
3 57 
3 63 
3 75 
3 78 
3 101 
3 106 
3 115 
3 173 
3 179 
3 183 
3 197 
3 204 
3 208 
3 251 
3 285 
3 348 
3 385 
3 408 
3 425 
3 475 
4 5 
4 7 
4 9 
4 15 
4 20 
4 22 
4 23 
4 28 
4 29 
4 40 
4 47 
4 58 
4 67 
4 76 
4 84 
4 85 
4 99 
4 131 
4 160 
4 184 
4 207 
4 300 
4 310 
4 343 
4 362 
4 417 
4 427 
4 464 
5 6 
5 7 
5 8 
5 10 
5 12 
5 14 
5 16 
5 17 
5 18 
5 22 
5 25 
5 26 
5 27 
5 28 
5 33 
5 38 
5 47 
5 55 
5 56 
5 60 
5 65 
5 66 
5 67 
5 68 
5 75 
5 86 
5 88 
5 90 
5 93 
5 104 
5 105 
5 111 
5 129 
5 135 
5 143 
5 147 
5 155 
5 158 
5 159 
5 161 
5 167 
5 175 
5 197 
5 206 
5 215 
5 220 
5 247 
5 257 
5 274 
5 286 
5 297 
5 317 
5 336 
5 337 
5 355 
5 372 
5 379 
5 386 
5 389 
5 391 
5 393 
5 394 
5 432 
5 442 
5 455 
5 488 
5 495 
6 8 
6 17 
6 18 
6 19 
6 20 
6 23 
6 26 
6 34 
6 38 
6 47 
6 58 
6 64 
6 79 
6 96 
6 109 
6 112 
6 154 
6 161 
6 194 
6 214 
6 260 
6 327 
6 340 
6 341 
6 398 
6 409 
6 426 
6 429 
6 451 
7 10 
7 11 
7 12 
7 13 
7 14 
7 15 
7 16 
7 21 
7 22 
7 24 
7 25 
7 27 
7 29 
7 31 
7 35 
7 37 
7 45 
7 55 
7 57 
7 59 
7 70 
7 72 
7 82 
7 89 
7 93 
7 99 
7 120 
7 123 
7 139 
7 145 
7 160 
7 166 
7 170 
7 194 
7 197 
7 210 
7 217 
7 237 
7 238 
7 243 
7 246 
7 251 
7 283 
7 287 
7 291 
7 311 
7 344 
7 364 
7 373 
7 392 
7 407 
7 418 
7 429 
7 441 
7 451 
7 459 
7 477 
7 491 
7 492 
8 11 
8 12 
8 19 
8 23 
8 32 
8 41 
8 92 
8 101 
8 108 
8 122 
8 124 
8 125 
8 163 
8 225 
8 236 
8 252 
8 254 
8 276 
8 300 
8 319 
8 365 
8 400 
8 413 
8 452 
8 458 
9 22 
9 46 
9 51 
9 79 
9 90 
9 97 
9 121 
9 143 
9 160 
9 183 
9 186 
9 200 
9 240 
9 243 
9 267 
9 272 
9 360 
9 383 
9 453 
9 476 
9 493 
10 31 
10 55 
10 56 
10 57 
10 62 
10 65 
10 83 
10 84 
10 93 
10 102 
10 115 
10 119 
10 130 
10 133 
10 136 
10 139 
10 151 
10 154 
10 162 
10 168 
10 175 
10 178 
10 185 
10 191 
10 203 
10 219 
10 280 
10 294 
10 303 
10 304 
10 307 
10 313 
10 334 
10 348 
10 377 
10 384 
10 414 
10 421 
10 422 
10 439 
10 442 
10 459 
10 464 
10 496 
11 13 
11 20 
11 30 
11 43 
11 50 
11 66 
11 98 
11 104 
11 152 
11 236 
11 296 
11 304 
11 371 
11 407 
11 485 
12 18 
12 140 
12 183 
12 211 
12 292 
13 38 
13 45 
13 92 
13 102 
13 108 
13 143 
13 179 
13 189 
13 230 
13 248 
13 250 
13 265 
13 278 
13 339 
13 348 
13 363 
13 370 
13 404 
13 419 
13 460 
14 17 
14 21 
14 25 
14 27 
14 33 
14 34 
14 40 
14 44 
14 48 
14 64 
14 71 
14 77 
14 80 
14 88 
14 90 
14 111 
14 118 
14 126 
14 147 
14 149 
14 158 
14 159 
14 162 
14 167 
14 192 
14 199 
14 203 
14 217 
14 218 
14 225 
14 228 
14 240 
14 244 
14 245 
14 253 
14 327 
14 333 
14 342 
14 345 
14 361 
14 392 
14 395 
14 430 
14 450 
14 462 
15 16 
15 21 
15 46 
15 60 
15 68 
15 74 
15 93 
15 134 
15 169 
15 214 
15 261 
15 266 
15 284 
15 321 
15 359 
15 406 
15 477 
16 49 
16 128 
16 209 
16 229 
16 293 
16 323 
16 340 
16 490 
17 19 
17 29 
17 39 
17 96 
17 101 
17 114 
17 118 
17 142 
17 146 
17 150 
17 157 
17 164 
17 168 
17 171 
17 213 
17 300 
17 303 
17 396 
17 408 
17 413 
17 424 
17 430 
17 435 
17 475 
17 487 
17 498 
18 23 
18 36 
18 45 
18 46 
18 52 
18 60 
18 72 
18 82 
18 83 
18 97 
18 108 
18 112 
18 118 
18 124 
18 139 
18 152 
18 187 
18 229 
18 232 
18 270 
18 306 
18 326 
18 327 
18 329 
18 335 
18 344 
18 425 
18 464 
18 484 
19 21 
19 25 
19 33 
19 37 
19 42 
19 48 
19 50 
19 54 
19 91 
19 92 
19 97 
19 98 
19 116 
19 122 
19 129 
19 162 
19 173 
19 180 
19 226 
19 227 
19 230 
19 241 
19 253 
19 315 
19 346 
19 372 
19 390 
19 399 
19 402 
19 412 
19 453 
19 456 
19 473 
19 487 
19 494 
20 30 
20 51 
20 53 
20 57 
20 59 
20 70 
20 116 
20 177 
20 188 
20 191 
20 200 
20 214 
20 221 
20 345 
20 386 
20 449 
20 458 
20 491 
21 35 
21 48 
21 71 
21 120 
21 142 
21 184 
21 210 
21 224 
21 235 
21 237 
21 269 
21 286 
21 305 
21 324 
21 330 
21 423 
21 478 
22 24 
22 26 
22 34 
22 37 
22 43 
22 44 
22 51 
22 69 
22 71 
22 75 
22 77 
22 79 
22 85 
22 94 
22 110 
22 114 
22 177 
22 211 
22 216 
22 239 
22 243 
22 244 
22 250 
22 256 
22 257 
22 259 
22 260 
22 339 
22 361 
22 384 
22 401 
22 428 
22 466 
22 486 
23 24 
23 30 
23 39 
23 44 
23 54 
23 66 
23 68 
23 78 
23 83 
23 89 
23 92 
23 102 
23 117 
23 130 
23 144 
23 197 
23 198 
23 201 
23 209 
23 231 
23 264 
23 265 
23 273 
23 291 
23 320 
23 321 
23 341 
23 343 
23 396 
23 416 
23 433 
23 445 
23 482 
24 30 
24 32 
24 100 
24 113 
24 117 
24 147 
24 164 
24 201 
24 233 
24 244 
24 273 
24 318 
24 342 
24 372 
24 410 
24 414 
24 425 
24 436 
24 443 
24 445 
24 482 
25 31 
25 58 
25 88 
25 122 
25 221 
25 255 
25 271 
25 295 
25 405 
25 406 
25 455 
25 494 
26 39 
26 95 
26 285 
26 298 
26 302 
26 322 
27 36 
27 39 
27 68 
27 156 
27 196 
27 206 
27 209 
27 213 
27 222 
27 227 
27 232 
27 406 
27 437 
27 454 
27 471 
28 41 
28 75 
28 81 
28 94 
28 105 
28 110 
28 127 
28 169 
28 279 
28 332 
28 389 
28 420 
28 423 
28 499 
29 34 
29 40 
29 55 
29 106 
29 120 
29 134 
29 172 
29 185 
29 226 
29 261 
29 294 
29 381 
29 386 
29 399 
30 42 
30 52 
30 82 
30 115 
30 293 
31 35 
31 42 
31 43 
31 53 
31 89 
31 95 
31 98 
31 105 
31 106 
31 138 
31 144 
31 153 
31 167 
31 233 
31 263 
31 275 
31 295 
31 337 
31 350 
31 351 
31 401 
31 409 
31 419 
31 465 
31 484 
32 41 
32 53 
32 74 
32 76 
32 100 
32 104 
32 123 
32 140 
32 155 
32 159 
32 161 
32 187 
32 205 
32 211 
32 219 
32 267 
32 280 
32 341 
32 364 
32 414 
32 430 
33 44 
33 124 
33 204 
33 290 
34 45 
34 54 
34 56 
34 77 
34 89 
34 137 
34 171 
34 181 
34 191 
34 234 
34 259 
34 266 
34 290 
34 299 
34 347 
34 400 
35 58 
35 72 
35 84 
35 215 
35 218 
35 405 
35 413 
35 428 
36 50 
36 172 
36 188 
36 351 
37 54 
37 59 
37 62 
37 87 
37 147 
37 301 
37 328 
38 49 
38 56 
38 117 
38 119 
38 273 
38 276 
38 308 
38 335 
38 338 
38 356 
38 462 
38 468 
39 61 
39 73 
39 86 
39 134 
39 350 
39 367 
39 406 
40 108 
40 114 
40 116 
40 123 
40 134 
40 176 
40 189 
40 323 
40 351 
40 382 
40 403 
41 107 
41 217 
41 240 
41 257 
41 266 
41 314 
41 396 
41 426 
41 448 
42 65 
42 73 
42 90 
42 136 
42 150 
42 170 
42 174 
42 175 
42 177 
42 189 
42 268 
42 274 
42 288 
42 304 
42 309 
42 312 
42 326 
42 331 
42 381 
42 404 
42 414 
42 416 
42 470 
43 152 
43 188 
43 223 
43 354 
44 111 
44 174 
44 177 
44 235 
44 239 
44 292 
44 358 
44 427 
44 453 
45 47 
45 48 
45 53 
45 67 
45 123 
45 138 
45 140 
45 273 
45 319 
45 330 
45 435 
45 468 
45 486 
46 49 
46 52 
46 59 
46 63 
46 64 
46 110 
46 126 
46 146 
46 176 
46 192 
46 202 
46 206 
46 208 
46 242 
46 272 
46 310 
46 349 
46 387 
46 392 
46 407 
46 436 
46 439 
46 455 
46 472 
46 496 
47 164 
47 249 
48 260 
48 454 
49 130 
49 285 
49 329 
49 460 
50 61 
50 131 
50 140 
50 145 
50 251 
50 276 
50 304 
50 334 
50 357 
51 62 
51 80 
51 87 
51 103 
51 109 
51 114 
51 156 
51 165 
51 180 
51 289 
51 447 
51 463 
52 169 
52 225 
52 274 
52 448 
53 100 
53 116 
53 127 
53 135 
53 148 
53 190 
53 207 
53 275 
53 283 
53 306 
53 384 
53 402 
53 408 
53 422 
53 436 
54 69 
54 86 
54 94 
54 138 
54 262 
54 264 
54 283 
54 291 
54 375 
54 376 
54 397 
54 418 
55 61 
55 66 
55 67 
55 69 
55 70 
55 87 
55 155 
55 176 
55 186 
55 193 
55 209 
55 218 
55 282 
55 328 
55 356 
55 396 
55 470 
56 64 
56 112 
56 185 
56 318 
56 427 
57 107 
57 112 
57 121 
57 411 
57 465 
58 83 
58 84 
58 136 
58 162 
58 180 
58 208 
58 233 
58 241 
58 252 
58 298 
58 354 
58 372 
59 87 
59 88 
59 113 
59 172 
59 224 
59 256 
59 272 
59 293 
59 337 
59 362 
59 375 
59 400 
59 444 
59 471 
60 106 
60 109 
60 129 
60 172 
60 210 
60 258 
60 293 
60 294 
60 305 
60 365 
60 415 
60 428 
60 441 
60 487 
60 491 
61 77 
61 117 
61 118 
61 126 
61 132 
61 135 
61 141 
61 182 
61 202 
61 216 
61 248 
61 280 
61 294 
61 317 
61 347 
61 389 
61 412 
61 484 
62 157 
62 165 
62 184 
62 189 
62 243 
62 255 
62 402 
62 430 
63 74 
63 80 
63 111 
63 152 
63 195 
63 213 
63 271 
63 357 
63 376 
63 395 
64 78 
64 103 
64 107 
64 128 
64 174 
64 218 
64 228 
64 274 
64 277 
64 331 
64 476 
64 485 
65 228 
65 263 
66 103 
66 119 
66 132 
66 216 
66 242 
66 316 
66 352 
67 91 
67 133 
67 157 
67 174 
67 222 
67 340 
67 449 
68 76 
68 128 
68 146 
68 149 
68 216 
68 237 
68 267 
68 296 
68 369 
68 428 
68 448 
69 91 
69 156 
69 185 
69 198 
69 265 
69 272 
69 314 
69 348 
69 367 
69 388 
69 393 
69 398 
69 417 
69 481 
69 499 
70 81 
70 115 
70 146 
70 212 
70 290 
70 299 
70 312 
70 370 
70 447 
71 191 
71 238 
72 74 
72 76 
72 79 
72 109 
72 141 
72 153 
72 195 
72 219 
72 230 
72 241 
72 270 
72 297 
72 311 
73 86 
73 96 
73 136 
73 142 
73 171 
73 231 
73 236 
73 387 
73 411 
74 103 
74 181 
74 248 
74 261 
74 422 
75 163 
75 203 
75 205 
75 282 
75 307 
75 334 
75 437 
75 440 
76 97 
76 223 
76 287 
76 347 
76 441 
76 490 
77 81 
77 85 
77 149 
77 166 
77 182 
77 262 
77 354 
78 143 
78 364 
78 366 
78 391 
78 410 
79 165 
79 187 
80 95 
80 200 
80 201 
80 264 
80 305 
80 331 
81 125 
81 133 
81 193 
81 199 
81 204 
81 211 
81 223 
81 235 
81 349 
81 386 
81 391 
81 411 
81 457 
81 474 
81 481 
82 85 
82 193 
82 214 
82 235 
82 256 
83 154 
83 167 
83 247 
83 321 
83 324 
83 326 
83 359 
83 380 
83 449 
84 104 
84 144 
84 151 
84 179 
84 192 
84 378 
85 253 
85 303 
85 332 
86 121 
86 124 
86 222 
86 379 
86 397 
87 196 
87 263 
88 105 
88 178 
88 473 
89 95 
89 98 
89 149 
89 157 
89 160 
89 255 
89 279 
89 383 
89 451 
91 355 
91 357 
92 205 
92 236 
92 332 
92 333 
92 394 
92 468 
92 486 
93 127 
93 137 
93 138 
93 208 
93 223 
93 232 
93 301 
93 366 
94 165 
94 186 
94 315 
94 423 
95 110 
95 129 
95 225 
95 361 
95 409 
95 477 
96 132 
96 141 
96 153 
96 239 
96 321 
96 345 
96 431 
96 450 
97 125 
97 139 
97 154 
97 264 
97 278 
97 289 
97 420 
98 296 
99 180 
100 121 
100 127 
100 131 
100 281 
100 288 
100 339 
100 371 
100 388 
100 432 
100 450 
100 466 
100 480 
101 107 
101 145 
101 148 
101 265 
101 377 
101 399 
102 168 
102 188 
102 323 
102 354 
102 379 
102 398 
103 120 
103 422 
104 212 
104 249 
105 113 
105 203 
105 217 
105 258 
105 266 
105 314 
105 320 
105 346 
105 385 
105 476 
105 479 
106 163 
106 193 
106 215 
106 281 
106 323 
106 338 
106 404 
107 126 
107 314 
107 350 
107 397 
108 199 
108 316 
109 153 
109 258 
109 415 
109 431 
110 141 
110 202 
110 495 
111 252 
112 282 
112 287 
112 403 
113 150 
113 151 
113 156 
113 376 
113 482 
114 182 
114 241 
114 333 
114 368 
114 395 
114 404 
115 169 
115 306 
115 313 
115 326 
115 343 
116 158 
116 284 
116 295 
116 470 
117 144 
117 192 
117 360 
117 403 
117 433 
118 290 
119 137 
119 226 
119 411 
119 493 
121 133 
121 150 
121 151 
121 196 
121 224 
121 336 
121 463 
122 183 
123 158 
123 159 
123 215 
123 359 
123 472 
125 371 
126 164 
127 250 
127 256 
127 297 
127 369 
127 467 
128 284 
128 307 
128 388 
128 479 
129 210 
129 280 
129 460 
130 131 
130 212 
130 316 
130 461 
131 170 
131 288 
131 412 
131 469 
132 355 
132 474 
133 168 
133 345 
133 424 
134 171 
134 277 
134 339 
135 163 
135 173 
135 228 
135 318 
135 325 
135 378 
136 175 
136 195 
136 320 
136 363 
137 302 
137 463 
137 495 
139 155 
139 166 
139 198 
139 202 
139 246 
139 300 
139 315 
139 367 
139 379 
139 394 
139 465 
140 205 
140 220 
141 148 
141 240 
141 246 
141 319 
141 325 
141 420 
141 474 
142 289 
143 204 
143 213 
143 220 
143 400 
143 433 
144 196 
144 489 
145 178 
146 301 
148 221 
149 275 
150 194 
150 254 
150 479 
151 178 
151 298 
151 306 
152 351 
152 363 
152 446 
152 472 
153 378 
153 482 
153 497 
155 245 
155 252 
155 366 
155 443 
156 305 
156 317 
156 361 
157 285 
157 295 
158 198 
158 200 
158 468 
159 368 
160 181 
160 277 
160 338 
161 207 
161 438 
162 190 
163 234 
163 248 
163 309 
163 353 
163 362 
164 230 
164 284 
164 487 
164 492 
166 336 
167 420 
167 440 
168 182 
169 246 
169 309 
169 353 
170 220 
170 375 
171 262 
171 421 
171 480 
172 344 
172 383 
173 181 
173 212 
173 254 
173 283 
173 308 
174 335 
174 485 
175 194 
175 260 
175 432 
177 259 
177 267 
177 352 
179 249 
180 229 
181 435 
182 207 
182 375 
183 242 
184 299 
184 312 
184 387 
186 268 
186 301 
187 366 
188 195 
188 315 
188 387 
188 410 
188 479 
188 483 
189 494 
190 249 
190 466 
191 250 
192 221 
193 403 
193 431 
194 444 
195 201 
195 319 
195 434 
195 463 
196 224 
196 226 
196 242 
196 342 
196 425 
196 459 
196 462 
197 263 
197 269 
198 440 
199 380 
199 429 
199 447 
199 486 
200 373 
200 397 
202 222 
202 309 
203 337 
203 458 
203 489 
203 496 
204 349 
205 219 
205 369 
205 429 
205 489 
206 408 
209 343 
209 402 
209 498 
210 333 
212 270 
212 278 
212 282 
212 329 
212 360 
214 467 
214 478 
214 488 
215 388 
216 233 
216 281 
216 499 
217 261 
217 461 
218 227 
218 234 
218 238 
218 247 
218 456 
219 446 
220 231 
220 269 
221 381 
221 385 
221 442 
222 239 
222 469 
223 227 
223 245 
223 322 
224 232 
225 278 
225 292 
226 245 
226 253 
226 308 
226 358 
226 419 
227 287 
227 443 
227 460 
228 374 
228 382 
229 349 
229 477 
231 288 
231 317 
233 359 
234 356 
234 409 
235 316 
235 324 
235 336 
235 437 
236 277 
236 330 
237 382 
237 478 
238 279 
238 322 
238 390 
239 270 
239 481 
241 378 
241 424 
242 346 
242 368 
243 258 
243 399 
243 438 
244 370 
244 393 
245 322 
245 438 
245 485 
246 255 
246 259 
246 382 
249 310 
249 320 
249 360 
250 365 
250 389 
250 454 
251 362 
252 268 
252 334 
252 358 
253 426 
255 281 
255 458 
256 456 
257 276 
257 289 
257 368 
257 453 
257 465 
259 286 
259 353 
260 340 
261 357 
262 376 
264 346 
264 356 
264 427 
264 451 
267 271 
268 328 
270 275 
271 330 
274 327 
275 291 
275 332 
275 380 
276 413 
280 394 
280 424 
281 299 
281 307 
281 341 
281 450 
282 311 
282 350 
282 384 
282 446 
282 491 
282 493 
283 328 
283 364 
285 347 
286 312 
286 449 
288 325 
288 490 
289 483 
290 398 
291 311 
291 390 
291 434 
292 329 
293 338 
293 369 
293 416 
293 455 
296 298 
299 439 
301 410 
301 415 
303 497 
304 313 
305 324 
307 457 
308 421 
310 365 
314 416 
314 436 
319 393 
319 444 
320 331 
320 352 
320 401 
320 437 
322 471 
323 495 
324 445 
324 446 
324 461 
324 469 
325 452 
326 342 
328 476 
330 363 
330 467 
331 469 
332 377 
333 374 
333 440 
334 448 
334 467 
336 344 
336 353 
337 433 
339 373 
340 370 
340 483 
341 418 
342 373 
344 355 
344 377 
345 407 
345 441 
345 492 
346 401 
347 434 
347 478 
350 358 
351 471 
352 380 
352 432 
352 490 
356 454 
358 483 
359 439 
360 438 
363 383 
366 390 
367 374 
367 444 
367 475 
368 391 
369 461 
370 434 
371 395 
375 496 
378 423 
379 445 
381 417 
381 489 
382 405 
382 466 
382 480 
387 417 
391 419 
396 405 
396 442 
397 498 
405 426 
414 443 
415 457 
422 492 
429 459 
434 494 
436 497 
437 473 
439 472 
447 470 
448 488 
456 473 
481 497 
482 484 
483 499 
495 498 
