false
false
500
1988
0 1 
0 3 
0 4 
0 6 
0 8 
0 11 
0 13 
0 14 
0 21 
0 22 
0 32 
0 43 
0 48 
0 49 
0 52 
0 54 
0 67 
0 71 
0 78 
0 84 
0 87 
0 100 
0 111 
0 118 
0 132 
0 141 
0 142 
0 153 
0 157 
0 164 
0 165 
0 183 
0 212 
0 213 
0 215 
0 231 
0 232 
0 238 
0 256 
0 257 
0 306 
0 324 
0 326 
0 340 
0 351 
0 356 
0 358 
0 367 
0 370 
0 381 
0 396 
0 402 
0 411 
0 416 
0 427 
0 431 
0 461 
0 474 
0 487 
0 493 
1 2 
1 4 
1 5 
1 6 
1 7 
1 8 
1 10 
1 12 
1 23 
1 34 
1 46 
1 50 
1 54 
1 57 
1 79 
1 80 
1 83 
1 95 
1 109 
1 115 
1 159 
1 220 
1 238 
1 267 
1 269 
1 270 
1 288 
1 308 
1 336 
1 401 
1 406 
1 470 
2 3 
2 4 
2 5 
2 6 
2 28 
2 29 
2 48 
2 55 
2 64 
2 70 
2 71 
2 86 
2 100 
2 163 
2 228 
2 237 
2 274 
2 317 
2 418 
2 437 
2 481 
3 4 
3 5 
3 7 
3 8 
3 9 
3 10 
3 13 
3 27 
3 36 
3 46 
3 56 
3 80 
3 104 
3 107 
3 116 
3 162 
3 165 
3 166 
3 183 
3 190 
3 204 
3 217 
3 228 
3 243 
3 318 
3 325 
3 359 
3 374 
4 5 
4 6 
4 7 
4 9 
4 10 
4 14 
4 16 
4 17 
4 25 
4 26 
4 28 
4 31 
4 33 
4 51 
4 53 
4 54 
4 61 
4 62 
4 75 
4 80 
4 86 
4 87 
4 88 
4 93 
4 95 
4 97 
4 108 
4 110 
4 114 
4 115 
4 122 
4 126 
4 139 
4 151 
4 161 
4 166 
4 190 
4 201 
4 203 
4 209 
4 240 
4 242 
4 243 
4 244 
4 247 
4 252 
4 255 
4 263 
4 286 
4 290 
4 309 
4 320 
4 327 
4 336 
4 339 
4 350 
4 356 
4 365 
4 367 
4 380 
4 382 
4 398 
4 400 
4 403 
4 427 
4 443 
4 448 
4 449 
4 462 
4 483 
5 18 
5 19 
5 20 
5 21 
5 27 
5 32 
5 35 
5 45 
5 51 
5 52 
5 68 
5 88 
5 91 
5 96 
5 99 
5 105 
5 128 
5 134 
5 150 
5 155 
5 167 
5 171 
5 180 
5 285 
5 307 
5 347 
5 399 
5 413 
5 467 
6 7 
6 8 
6 12 
6 15 
6 18 
6 19 
6 21 
6 24 
6 27 
6 39 
6 42 
6 62 
6 67 
6 69 
6 73 
6 93 
6 101 
6 107 
6 125 
6 130 
6 154 
6 201 
6 202 
6 209 
6 243 
6 261 
6 262 
6 275 
6 293 
6 313 
6 361 
6 371 
6 377 
6 404 
6 409 
6 417 
6 426 
6 456 
6 458 
6 482 
7 9 
7 11 
7 18 
7 19 
7 21 
7 24 
7 30 
7 31 
7 32 
7 33 
7 39 
7 42 
7 43 
7 52 
7 60 
7 67 
7 71 
7 79 
7 93 
7 97 
7 98 
7 123 
7 128 
7 131 
7 156 
7 165 
7 168 
7 203 
7 204 
7 216 
7 245 
7 259 
7 260 
7 285 
7 299 
7 311 
7 332 
7 335 
7 350 
7 363 
7 377 
7 428 
7 439 
7 443 
7 464 
7 472 
7 473 
7 483 
8 9 
8 10 
8 12 
8 14 
8 15 
8 17 
8 29 
8 35 
8 37 
8 40 
8 41 
8 44 
8 53 
8 66 
8 70 
8 71 
8 91 
8 129 
8 130 
8 137 
8 142 
8 168 
8 174 
8 175 
8 176 
8 178 
8 205 
8 211 
8 250 
8 255 
8 261 
8 283 
8 298 
8 338 
8 339 
8 357 
8 363 
8 369 
8 399 
8 416 
8 446 
8 454 
9 11 
9 14 
9 16 
9 20 
9 22 
9 40 
9 50 
9 59 
9 60 
9 61 
9 68 
9 73 
9 90 
9 98 
9 102 
9 104 
9 105 
9 115 
9 135 
9 140 
9 147 
9 187 
9 194 
9 200 
9 230 
9 233 
9 235 
9 273 
9 275 
9 294 
9 323 
9 349 
9 354 
9 370 
9 377 
9 412 
9 422 
9 450 
9 454 
9 456 
9 489 
9 491 
10 11 
10 12 
10 13 
10 15 
10 19 
10 25 
10 30 
10 36 
10 40 
10 45 
10 47 
10 49 
10 50 
10 58 
10 64 
10 65 
10 69 
10 75 
10 78 
10 81 
10 83 
10 85 
10 94 
10 105 
10 111 
10 119 
10 129 
10 130 
10 138 
10 146 
10 160 
10 176 
10 179 
10 199 
10 221 
10 223 
10 224 
10 245 
10 250 
10 266 
10 278 
10 286 
10 306 
10 359 
10 376 
10 384 
10 389 
10 398 
10 402 
10 407 
10 408 
10 416 
10 443 
10 450 
10 451 
10 469 
10 474 
11 13 
11 16 
11 23 
11 24 
11 36 
11 38 
11 50 
11 55 
11 58 
11 74 
11 97 
11 102 
11 110 
11 124 
11 131 
11 231 
11 316 
11 355 
11 389 
11 456 
12 26 
12 37 
12 76 
12 90 
12 125 
12 127 
12 137 
12 148 
12 194 
12 196 
12 213 
12 228 
12 259 
12 265 
12 361 
12 384 
13 15 
13 17 
13 20 
13 22 
13 24 
13 32 
13 34 
13 43 
13 65 
13 67 
13 70 
13 81 
13 96 
13 103 
13 111 
13 132 
13 151 
13 159 
13 174 
13 181 
13 186 
13 192 
13 199 
13 217 
13 219 
13 221 
13 237 
13 256 
13 271 
13 275 
13 292 
13 296 
13 299 
13 300 
13 301 
13 305 
13 308 
13 322 
13 351 
13 357 
13 362 
13 415 
13 431 
13 436 
13 441 
13 442 
13 447 
13 469 
13 490 
14 23 
14 25 
14 35 
14 38 
14 39 
14 41 
14 45 
14 62 
14 66 
14 69 
14 99 
14 104 
14 105 
14 108 
14 110 
14 123 
14 145 
14 156 
14 173 
14 179 
14 228 
14 256 
14 263 
14 342 
14 360 
14 403 
14 427 
14 443 
14 467 
14 470 
14 475 
15 16 
15 17 
15 20 
15 28 
15 33 
15 36 
15 58 
15 60 
15 61 
15 93 
15 96 
15 121 
15 151 
15 218 
15 219 
15 232 
15 246 
15 295 
15 350 
15 428 
15 430 
15 449 
16 18 
16 28 
16 30 
16 34 
16 57 
16 65 
16 74 
16 89 
16 118 
16 143 
16 173 
16 184 
16 222 
16 225 
16 319 
16 346 
16 457 
16 466 
17 30 
17 42 
17 44 
17 49 
17 57 
17 72 
17 78 
17 102 
17 114 
17 173 
17 174 
17 241 
17 250 
17 294 
17 317 
17 321 
17 330 
17 407 
17 430 
17 458 
17 467 
17 491 
18 22 
18 64 
18 92 
18 98 
18 198 
18 240 
18 282 
18 483 
19 31 
19 38 
19 82 
19 88 
19 141 
19 187 
19 189 
19 287 
19 307 
19 310 
19 354 
19 403 
19 436 
19 471 
19 476 
20 33 
20 52 
20 123 
20 131 
20 139 
20 155 
20 208 
20 225 
20 236 
20 253 
20 311 
20 331 
20 341 
20 419 
20 423 
21 26 
21 29 
21 38 
21 44 
21 48 
21 61 
21 66 
21 73 
21 94 
21 101 
21 124 
21 154 
21 163 
21 212 
21 225 
21 234 
21 281 
21 287 
21 295 
21 332 
21 346 
21 397 
22 23 
22 31 
22 39 
22 51 
22 62 
22 81 
22 106 
22 120 
22 140 
22 142 
22 153 
22 179 
22 207 
22 211 
22 235 
22 241 
22 265 
22 279 
22 309 
22 316 
22 340 
22 372 
22 392 
22 491 
23 25 
23 37 
23 59 
23 63 
23 81 
23 146 
23 198 
23 264 
23 312 
23 388 
23 403 
23 447 
24 42 
24 59 
24 68 
24 87 
24 200 
24 211 
24 240 
24 251 
24 278 
24 286 
24 418 
24 429 
25 26 
25 29 
25 34 
25 37 
25 56 
25 87 
25 119 
25 139 
25 152 
25 153 
25 169 
25 197 
25 198 
25 214 
25 230 
25 235 
25 259 
25 276 
25 289 
25 328 
25 409 
25 445 
26 27 
26 41 
26 47 
26 57 
26 68 
26 72 
26 79 
26 106 
26 107 
26 109 
26 110 
26 114 
26 119 
26 133 
26 150 
26 160 
26 170 
26 182 
26 183 
26 185 
26 187 
26 206 
26 208 
26 302 
26 308 
26 318 
26 353 
26 361 
26 384 
26 391 
26 421 
27 56 
27 58 
27 79 
27 90 
27 113 
27 171 
27 253 
27 288 
27 328 
27 337 
27 353 
27 410 
27 482 
28 35 
28 70 
28 115 
28 226 
28 278 
28 291 
28 375 
29 63 
29 137 
29 204 
29 344 
29 400 
30 143 
30 379 
30 424 
30 478 
30 497 
31 47 
31 55 
31 96 
31 316 
31 419 
32 45 
32 56 
32 78 
32 80 
32 99 
32 103 
32 116 
32 118 
32 150 
32 215 
32 233 
32 236 
32 237 
32 253 
32 274 
32 302 
32 314 
32 366 
32 431 
32 473 
32 487 
33 77 
33 100 
33 214 
33 285 
33 347 
33 383 
33 388 
33 438 
33 498 
34 258 
35 40 
35 85 
35 89 
35 126 
35 149 
35 162 
35 164 
35 195 
35 197 
35 284 
35 343 
35 358 
35 369 
35 436 
36 43 
36 48 
36 51 
36 54 
36 55 
36 59 
36 63 
36 73 
36 76 
36 113 
36 126 
36 151 
36 157 
36 167 
36 172 
36 211 
36 250 
36 255 
36 288 
36 305 
36 331 
36 352 
36 391 
36 414 
36 440 
36 498 
37 146 
37 303 
37 367 
38 44 
38 95 
38 144 
38 204 
38 207 
38 222 
38 297 
38 364 
38 368 
38 384 
38 449 
39 41 
39 63 
39 86 
39 92 
39 112 
39 125 
39 157 
39 230 
39 234 
39 238 
39 240 
39 254 
39 329 
39 410 
39 461 
40 46 
40 82 
40 94 
40 101 
40 109 
40 118 
40 169 
40 184 
40 195 
40 218 
40 266 
40 314 
40 319 
40 355 
40 455 
41 74 
41 120 
41 133 
41 180 
41 210 
41 213 
41 224 
41 242 
41 269 
41 327 
41 342 
41 386 
41 394 
41 402 
41 451 
42 165 
42 229 
42 313 
42 485 
43 46 
43 76 
43 77 
43 92 
43 97 
43 130 
43 134 
43 135 
43 145 
43 256 
43 290 
43 318 
43 320 
43 331 
43 362 
43 432 
44 47 
44 53 
44 84 
44 149 
44 175 
44 179 
44 233 
44 267 
44 383 
44 389 
44 401 
44 429 
45 53 
45 104 
45 108 
45 122 
45 133 
45 148 
45 159 
45 236 
45 244 
45 249 
45 251 
45 262 
45 354 
45 378 
45 383 
45 400 
45 442 
45 471 
46 49 
46 66 
46 111 
46 132 
46 164 
46 182 
46 227 
46 254 
46 286 
46 325 
46 333 
46 422 
47 72 
47 128 
47 232 
47 276 
47 414 
47 420 
48 83 
48 109 
48 134 
48 170 
48 378 
48 398 
49 127 
49 166 
49 196 
49 206 
49 227 
49 361 
49 408 
49 469 
50 158 
50 289 
50 463 
50 473 
51 82 
51 90 
51 94 
51 106 
51 158 
51 217 
51 390 
51 408 
51 486 
52 64 
52 86 
52 100 
52 200 
52 210 
52 269 
52 421 
52 467 
52 484 
53 112 
53 169 
53 186 
53 195 
54 77 
54 188 
54 271 
54 458 
55 60 
55 72 
55 75 
55 103 
55 156 
55 212 
55 242 
56 65 
56 75 
56 88 
56 215 
56 284 
56 315 
56 326 
56 404 
57 84 
57 89 
57 92 
57 101 
57 169 
57 270 
57 274 
57 330 
57 396 
57 461 
57 475 
58 146 
58 160 
58 303 
58 492 
59 141 
59 182 
59 226 
59 429 
60 82 
60 91 
60 208 
60 227 
60 243 
60 268 
60 309 
60 320 
60 437 
60 473 
61 121 
61 207 
61 216 
61 239 
61 337 
62 76 
62 85 
62 114 
62 180 
62 386 
63 74 
63 77 
63 106 
63 112 
63 138 
63 177 
63 242 
63 248 
63 277 
63 282 
63 353 
63 374 
64 85 
64 102 
64 155 
64 246 
64 323 
64 378 
64 452 
64 466 
65 129 
65 189 
65 214 
65 343 
66 69 
66 98 
66 120 
66 124 
66 128 
66 144 
66 205 
66 299 
66 412 
66 433 
66 499 
67 129 
67 139 
67 173 
67 193 
67 213 
67 334 
68 241 
68 495 
69 133 
69 161 
69 186 
69 279 
69 439 
69 447 
70 122 
70 216 
70 374 
70 405 
70 422 
70 499 
71 121 
71 163 
71 191 
71 249 
71 258 
71 259 
71 335 
71 385 
72 183 
72 357 
72 367 
72 440 
73 202 
73 257 
73 471 
73 495 
74 149 
74 321 
75 107 
75 144 
75 145 
75 270 
75 347 
76 83 
76 152 
76 153 
76 218 
76 226 
76 334 
76 341 
77 152 
77 162 
77 178 
77 184 
77 192 
77 298 
77 393 
77 395 
77 407 
77 459 
78 84 
78 267 
78 362 
78 464 
78 485 
79 148 
79 221 
79 231 
79 277 
79 351 
80 113 
80 224 
80 392 
80 426 
81 289 
82 163 
82 285 
82 328 
82 458 
83 95 
83 121 
83 301 
83 466 
84 89 
84 135 
84 182 
84 207 
84 231 
84 383 
84 423 
84 440 
84 465 
85 91 
85 99 
85 145 
85 150 
85 157 
85 158 
85 185 
85 238 
85 244 
85 315 
85 338 
85 346 
85 406 
86 116 
86 414 
87 124 
87 172 
87 262 
87 280 
88 108 
88 226 
88 252 
88 363 
88 369 
88 477 
89 117 
89 229 
89 245 
89 304 
89 315 
89 352 
89 370 
89 392 
90 113 
90 160 
90 257 
90 266 
90 268 
90 321 
90 386 
91 103 
91 117 
91 119 
91 284 
91 319 
91 465 
92 132 
92 136 
92 397 
93 112 
93 117 
93 152 
93 175 
93 209 
93 219 
93 234 
93 237 
93 251 
93 258 
93 337 
93 348 
93 365 
93 382 
93 391 
93 394 
93 423 
93 460 
93 479 
93 490 
94 116 
94 138 
94 143 
94 180 
94 216 
94 333 
94 457 
95 155 
95 172 
96 127 
96 137 
96 149 
96 181 
96 194 
96 305 
96 415 
97 158 
97 332 
97 468 
98 123 
98 222 
98 317 
98 493 
99 184 
99 189 
99 197 
99 272 
99 354 
99 362 
99 411 
99 463 
100 122 
100 125 
100 248 
100 268 
100 290 
100 350 
100 387 
100 395 
100 444 
101 174 
101 318 
102 120 
102 127 
102 171 
102 178 
102 190 
102 193 
102 249 
102 252 
102 272 
102 275 
102 277 
102 315 
102 337 
102 341 
102 345 
102 353 
102 394 
102 404 
102 413 
102 441 
102 465 
103 147 
103 148 
103 161 
103 201 
103 295 
103 314 
104 117 
104 138 
104 140 
104 175 
104 270 
104 373 
104 424 
106 208 
106 255 
106 260 
106 372 
107 140 
107 276 
107 435 
107 478 
108 199 
108 214 
108 297 
108 415 
108 487 
109 223 
109 241 
109 445 
110 177 
110 326 
110 342 
110 390 
111 134 
111 168 
111 181 
111 280 
111 317 
111 327 
111 358 
111 375 
111 408 
112 426 
113 372 
113 442 
113 448 
113 475 
113 485 
114 135 
114 451 
115 405 
116 126 
116 159 
116 192 
116 269 
116 494 
117 177 
117 236 
117 267 
117 379 
118 136 
118 220 
120 143 
120 206 
120 391 
120 399 
120 484 
121 210 
122 136 
122 199 
122 385 
123 322 
124 310 
124 466 
125 142 
125 161 
125 293 
126 181 
126 388 
126 428 
126 471 
126 489 
126 497 
127 185 
127 283 
127 345 
127 347 
128 381 
129 188 
129 202 
129 205 
129 265 
129 387 
129 474 
130 131 
130 147 
130 170 
130 189 
130 220 
130 296 
130 301 
130 460 
131 147 
131 170 
131 195 
131 273 
131 324 
131 346 
131 374 
131 435 
131 498 
132 141 
132 191 
132 307 
132 324 
132 348 
133 144 
133 190 
133 294 
133 379 
134 136 
134 191 
134 203 
134 252 
134 301 
134 310 
134 338 
134 487 
135 305 
135 360 
135 496 
136 154 
136 162 
136 178 
136 235 
136 245 
136 272 
136 425 
136 452 
137 232 
137 291 
137 417 
138 166 
138 303 
139 273 
139 423 
139 448 
139 489 
140 168 
140 435 
141 260 
141 321 
141 378 
142 154 
142 209 
142 223 
142 260 
142 274 
142 281 
142 283 
142 341 
142 349 
143 164 
143 171 
143 215 
143 218 
143 229 
143 363 
144 380 
145 198 
145 202 
145 366 
146 156 
147 172 
147 262 
147 278 
149 193 
149 196 
149 287 
149 292 
149 311 
149 366 
149 405 
151 205 
151 460 
152 177 
152 193 
152 264 
152 302 
152 312 
152 332 
152 427 
153 192 
153 230 
154 187 
154 322 
154 445 
155 210 
155 296 
156 244 
156 368 
157 176 
157 291 
157 373 
157 390 
157 490 
159 191 
159 273 
159 313 
160 322 
161 272 
161 306 
161 375 
162 167 
162 268 
163 279 
163 300 
164 248 
164 472 
164 485 
165 282 
165 388 
166 167 
166 185 
166 365 
166 377 
166 492 
167 297 
168 304 
168 329 
168 481 
169 176 
169 188 
169 365 
170 206 
170 234 
170 319 
170 330 
170 355 
171 194 
171 251 
171 468 
171 480 
172 224 
172 333 
172 342 
172 395 
173 308 
173 434 
174 292 
174 306 
175 309 
175 433 
175 468 
175 478 
176 249 
177 312 
177 352 
177 460 
177 469 
178 247 
181 222 
181 254 
181 340 
181 381 
181 442 
182 188 
182 203 
182 261 
182 304 
182 379 
182 420 
182 438 
183 290 
183 302 
183 425 
184 217 
184 220 
184 345 
185 186 
185 225 
186 277 
187 304 
187 331 
187 343 
187 376 
188 394 
189 233 
189 293 
189 468 
189 480 
190 348 
190 380 
190 462 
191 196 
192 212 
192 390 
193 200 
193 357 
193 444 
194 197 
194 219 
194 221 
194 223 
194 292 
194 419 
194 457 
195 253 
195 300 
195 398 
196 283 
196 488 
197 325 
197 410 
197 438 
198 298 
198 431 
199 254 
199 452 
200 201 
200 296 
200 368 
200 389 
201 288 
201 450 
202 358 
203 246 
203 280 
203 356 
203 420 
203 426 
203 459 
205 239 
205 271 
205 282 
205 328 
205 349 
205 463 
205 464 
207 334 
207 412 
209 266 
210 338 
210 430 
212 263 
213 229 
215 246 
215 271 
215 276 
215 360 
217 366 
218 264 
220 239 
220 247 
220 264 
220 280 
220 289 
220 424 
220 448 
221 248 
222 462 
222 486 
223 325 
224 480 
225 227 
226 349 
226 453 
226 497 
227 483 
227 496 
228 323 
228 360 
229 261 
230 281 
230 329 
232 239 
232 434 
232 474 
233 491 
234 482 
235 265 
237 437 
238 462 
239 293 
239 356 
239 436 
239 437 
240 263 
240 457 
241 316 
241 409 
242 323 
243 279 
243 281 
246 247 
247 258 
248 257 
248 376 
248 393 
248 396 
249 291 
251 481 
252 294 
252 297 
252 311 
252 352 
253 430 
254 335 
254 396 
256 344 
256 368 
257 412 
258 307 
258 486 
261 428 
262 444 
263 326 
263 336 
265 375 
268 324 
268 364 
268 371 
268 438 
268 461 
269 414 
269 446 
272 419 
273 336 
274 459 
275 340 
275 495 
277 284 
277 395 
278 327 
278 470 
279 295 
280 351 
281 287 
281 402 
282 300 
284 464 
285 385 
287 299 
287 303 
287 355 
287 480 
288 456 
291 344 
291 387 
292 298 
294 320 
294 413 
294 484 
295 339 
295 479 
297 376 
297 380 
297 407 
297 432 
298 479 
298 488 
299 313 
299 330 
299 481 
300 333 
303 312 
303 339 
303 418 
304 492 
305 373 
307 314 
307 343 
307 424 
307 453 
307 476 
308 310 
308 405 
310 345 
310 490 
312 329 
312 369 
314 373 
315 401 
315 421 
315 459 
318 344 
319 359 
324 334 
324 370 
324 477 
327 364 
327 400 
328 434 
328 494 
329 381 
330 348 
330 454 
332 335 
332 359 
332 492 
333 418 
334 371 
334 432 
336 410 
336 452 
337 415 
338 401 
338 489 
339 446 
339 486 
340 433 
341 447 
343 372 
343 478 
344 416 
346 387 
347 477 
348 364 
348 449 
348 488 
349 406 
349 455 
350 494 
351 393 
351 411 
351 421 
355 385 
355 411 
355 417 
358 393 
360 422 
361 439 
362 417 
365 397 
365 488 
367 435 
367 494 
369 371 
369 386 
369 392 
369 429 
369 476 
370 440 
371 397 
371 404 
372 445 
374 409 
374 472 
374 496 
375 420 
375 484 
376 382 
379 382 
379 432 
380 433 
384 476 
386 439 
387 413 
387 425 
388 406 
391 446 
394 493 
395 434 
396 496 
397 399 
399 463 
404 425 
405 441 
405 454 
405 482 
406 470 
406 477 
407 499 
408 451 
408 465 
424 498 
425 455 
427 450 
431 441 
431 479 
432 455 
433 453 
435 444 
439 497 
442 493 
448 453 
452 499 
465 472 
468 475 
493 495 
