false
false
500
1988
0 1 
0 3 
0 4 
0 5 
0 6 
0 7 
0 8 
0 11 
0 12 
0 13 
0 17 
0 18 
0 27 
0 32 
0 42 
0 45 
0 58 
0 60 
0 63 
0 68 
0 70 
0 78 
0 86 
0 90 
0 93 
0 112 
0 116 
0 124 
0 129 
0 130 
0 141 
0 163 
0 170 
0 189 
0 217 
0 237 
0 270 
0 272 
0 295 
0 323 
0 330 
0 331 
0 334 
0 363 
0 387 
0 395 
0 415 
0 453 
0 463 
1 2 
1 4 
1 5 
1 6 
1 9 
1 11 
1 13 
1 15 
1 16 
1 31 
1 35 
1 37 
1 48 
1 52 
1 58 
1 65 
1 72 
1 82 
1 104 
1 106 
1 118 
1 127 
1 159 
1 160 
1 168 
1 171 
1 174 
1 179 
1 196 
1 202 
1 214 
1 217 
1 222 
1 233 
1 235 
1 243 
1 247 
1 250 
1 252 
1 266 
1 272 
1 292 
1 294 
1 296 
1 301 
1 329 
1 338 
1 388 
1 389 
1 393 
1 395 
1 433 
1 459 
1 474 
1 479 
1 485 
1 486 
2 3 
2 4 
2 5 
2 7 
2 11 
2 12 
2 14 
2 22 
2 36 
2 50 
2 67 
2 70 
2 71 
2 82 
2 91 
2 110 
2 112 
2 123 
2 130 
2 166 
2 167 
2 212 
2 241 
2 257 
2 259 
2 263 
2 333 
2 343 
2 346 
2 356 
2 373 
2 377 
2 383 
2 387 
2 398 
2 404 
2 409 
2 415 
2 439 
2 462 
3 4 
3 16 
3 21 
3 30 
3 35 
3 38 
3 50 
3 59 
3 87 
3 94 
3 98 
3 107 
3 113 
3 126 
3 150 
3 160 
3 171 
3 176 
3 180 
3 191 
3 193 
3 218 
3 228 
3 237 
3 261 
3 263 
3 265 
3 273 
3 281 
3 339 
3 380 
3 388 
3 412 
3 436 
3 450 
3 491 
4 5 
4 6 
4 7 
4 8 
4 9 
4 10 
4 12 
4 17 
4 18 
4 19 
4 21 
4 22 
4 24 
4 28 
4 33 
4 36 
4 42 
4 53 
4 57 
4 61 
4 69 
4 71 
4 73 
4 75 
4 81 
4 88 
4 94 
4 105 
4 108 
4 118 
4 129 
4 147 
4 150 
4 156 
4 162 
4 167 
4 174 
4 175 
4 176 
4 189 
4 190 
4 198 
4 208 
4 226 
4 230 
4 233 
4 240 
4 250 
4 251 
4 273 
4 284 
4 285 
4 323 
4 337 
4 361 
4 370 
4 382 
4 416 
4 426 
4 454 
4 455 
4 462 
4 465 
4 475 
4 494 
5 6 
5 7 
5 8 
5 9 
5 10 
5 14 
5 17 
5 18 
5 21 
5 25 
5 27 
5 31 
5 32 
5 37 
5 60 
5 69 
5 74 
5 108 
5 116 
5 137 
5 152 
5 186 
5 187 
5 190 
5 197 
5 218 
5 241 
5 274 
5 280 
5 283 
5 284 
5 303 
5 304 
5 309 
5 330 
5 345 
5 347 
5 350 
5 355 
5 374 
5 378 
5 417 
5 430 
5 435 
5 444 
5 450 
5 463 
5 481 
6 8 
6 9 
6 10 
6 12 
6 13 
6 20 
6 22 
6 23 
6 24 
6 26 
6 28 
6 29 
6 30 
6 31 
6 35 
6 39 
6 40 
6 41 
6 42 
6 47 
6 48 
6 52 
6 53 
6 54 
6 67 
6 74 
6 75 
6 76 
6 80 
6 81 
6 83 
6 84 
6 87 
6 89 
6 101 
6 115 
6 131 
6 134 
6 138 
6 140 
6 142 
6 157 
6 160 
6 163 
6 172 
6 183 
6 188 
6 194 
6 203 
6 207 
6 211 
6 212 
6 219 
6 226 
6 231 
6 246 
6 254 
6 255 
6 259 
6 260 
6 275 
6 285 
6 295 
6 296 
6 299 
6 320 
6 321 
6 322 
6 328 
6 333 
6 340 
6 350 
6 377 
6 385 
6 394 
6 400 
6 404 
6 408 
6 410 
6 419 
6 424 
6 443 
6 447 
6 483 
6 486 
6 490 
6 497 
7 11 
7 15 
7 16 
7 18 
7 19 
7 24 
7 26 
7 32 
7 38 
7 45 
7 46 
7 79 
7 81 
7 115 
7 127 
7 132 
7 139 
7 150 
7 157 
7 168 
7 176 
7 202 
7 246 
7 300 
7 305 
7 311 
7 373 
7 415 
7 432 
8 15 
8 24 
8 30 
8 31 
8 42 
8 73 
8 222 
8 233 
8 318 
8 393 
8 461 
9 10 
9 13 
9 14 
9 16 
9 26 
9 28 
9 38 
9 39 
9 43 
9 48 
9 52 
9 56 
9 60 
9 77 
9 82 
9 101 
9 104 
9 106 
9 123 
9 124 
9 125 
9 135 
9 137 
9 142 
9 150 
9 153 
9 155 
9 160 
9 161 
9 163 
9 164 
9 166 
9 196 
9 205 
9 208 
9 213 
9 221 
9 225 
9 231 
9 244 
9 299 
9 305 
9 382 
9 386 
9 391 
9 405 
9 407 
9 439 
9 440 
9 471 
10 23 
10 27 
10 32 
10 41 
10 47 
10 49 
10 52 
10 53 
10 83 
10 97 
10 107 
10 127 
10 128 
10 144 
10 147 
10 152 
10 178 
10 192 
10 210 
10 213 
10 236 
10 274 
10 287 
10 316 
10 352 
10 416 
10 418 
10 443 
10 449 
10 499 
11 15 
11 17 
11 19 
11 22 
11 30 
11 37 
11 66 
11 98 
11 120 
11 144 
11 174 
11 205 
11 267 
11 345 
11 367 
11 380 
11 440 
11 475 
12 75 
12 77 
12 88 
12 153 
12 215 
12 240 
12 303 
12 324 
12 332 
12 423 
12 447 
12 476 
13 14 
13 51 
13 65 
13 149 
13 175 
13 306 
13 371 
13 374 
13 391 
13 418 
13 436 
13 486 
14 19 
14 20 
14 21 
14 25 
14 29 
14 44 
14 47 
14 48 
14 55 
14 62 
14 64 
14 71 
14 78 
14 93 
14 96 
14 102 
14 118 
14 126 
14 130 
14 134 
14 135 
14 141 
14 153 
14 155 
14 159 
14 169 
14 179 
14 181 
14 190 
14 204 
14 205 
14 214 
14 218 
14 239 
14 277 
14 280 
14 281 
14 307 
14 341 
14 388 
14 421 
14 426 
14 439 
14 446 
15 33 
15 44 
15 45 
15 56 
15 83 
15 89 
15 101 
15 183 
15 193 
15 199 
15 208 
15 252 
15 269 
15 299 
15 316 
15 328 
15 331 
15 360 
15 375 
15 378 
15 410 
15 423 
15 481 
15 483 
15 492 
16 20 
16 35 
16 47 
16 51 
16 63 
16 189 
16 219 
16 248 
16 309 
16 443 
17 20 
17 26 
17 49 
17 66 
17 70 
17 73 
17 77 
17 88 
17 115 
17 213 
17 259 
17 262 
17 278 
17 315 
17 326 
17 346 
17 353 
17 425 
17 429 
17 444 
17 452 
18 23 
18 27 
18 34 
18 56 
18 66 
18 87 
18 96 
18 133 
18 186 
18 231 
18 245 
18 247 
18 315 
18 344 
18 364 
18 397 
18 402 
18 408 
18 425 
18 426 
19 25 
19 33 
19 34 
19 41 
19 44 
19 49 
19 55 
19 124 
19 125 
19 167 
19 170 
19 179 
19 182 
19 200 
19 219 
19 242 
19 289 
19 317 
19 390 
19 473 
20 29 
20 37 
20 40 
20 44 
20 61 
20 62 
20 91 
20 95 
20 98 
20 104 
20 105 
20 111 
20 139 
20 146 
20 232 
20 252 
20 262 
20 264 
20 283 
20 287 
20 332 
20 341 
20 358 
20 376 
20 464 
20 495 
21 57 
21 63 
21 86 
21 94 
21 169 
21 282 
21 482 
21 487 
22 23 
22 25 
22 29 
22 40 
22 55 
22 56 
22 58 
22 86 
22 111 
22 117 
22 131 
22 158 
22 188 
22 200 
22 213 
22 221 
22 242 
22 243 
22 245 
22 265 
22 290 
22 351 
22 360 
22 364 
22 365 
22 380 
22 384 
22 428 
22 490 
23 38 
23 41 
23 64 
23 94 
23 119 
23 157 
23 178 
23 182 
23 216 
23 283 
23 306 
23 340 
24 45 
24 54 
24 60 
24 84 
24 95 
24 99 
24 107 
24 151 
24 155 
24 215 
24 224 
24 258 
24 264 
24 288 
24 401 
24 422 
25 59 
25 65 
25 69 
25 81 
25 93 
25 104 
25 116 
25 147 
25 229 
25 277 
25 310 
25 462 
25 483 
26 67 
26 72 
26 89 
26 193 
26 286 
26 300 
26 302 
26 310 
26 333 
26 342 
26 471 
26 494 
27 28 
27 43 
27 51 
27 211 
27 244 
27 251 
27 272 
27 290 
27 323 
28 33 
28 34 
28 36 
28 50 
28 54 
28 65 
28 66 
28 83 
28 109 
28 114 
28 139 
28 168 
28 268 
28 332 
28 358 
28 393 
29 34 
29 76 
29 95 
29 108 
29 117 
29 136 
29 157 
29 163 
29 187 
29 234 
29 253 
29 301 
29 346 
29 405 
29 437 
29 493 
30 43 
30 51 
30 57 
30 143 
30 304 
30 362 
30 369 
30 372 
30 377 
30 430 
30 490 
31 90 
31 110 
31 230 
31 232 
31 267 
31 308 
31 329 
32 39 
32 97 
32 100 
32 256 
32 275 
32 320 
32 329 
32 381 
32 405 
32 468 
33 36 
33 247 
34 40 
34 62 
34 166 
34 170 
34 173 
34 240 
34 321 
34 403 
34 415 
35 96 
35 100 
35 161 
35 229 
35 456 
36 39 
36 43 
36 68 
36 77 
36 117 
36 121 
36 140 
36 145 
36 155 
36 200 
36 243 
36 250 
36 358 
36 483 
36 492 
36 493 
37 178 
37 214 
37 238 
37 242 
37 265 
37 291 
37 319 
37 322 
37 354 
37 417 
37 456 
38 46 
38 49 
38 61 
38 72 
38 80 
38 93 
38 117 
38 130 
38 138 
38 141 
38 149 
38 176 
38 177 
38 178 
38 184 
38 276 
38 290 
38 353 
38 361 
38 434 
39 57 
39 59 
39 63 
39 110 
39 121 
39 135 
39 141 
39 184 
39 269 
39 284 
39 287 
39 297 
39 340 
39 373 
39 414 
39 467 
40 55 
40 59 
40 98 
40 110 
40 112 
40 113 
40 144 
40 152 
40 199 
40 258 
40 300 
40 355 
40 370 
40 382 
40 410 
40 453 
41 75 
41 115 
41 136 
41 148 
41 269 
41 272 
41 313 
42 46 
42 61 
42 97 
42 169 
42 194 
42 307 
42 387 
42 449 
43 46 
43 89 
43 143 
43 240 
43 371 
43 396 
44 67 
44 85 
44 129 
44 219 
44 337 
44 364 
45 111 
45 309 
45 361 
45 477 
45 487 
46 53 
46 54 
46 64 
46 68 
46 78 
46 85 
46 103 
46 113 
46 120 
46 197 
46 201 
46 211 
46 223 
46 264 
46 314 
46 317 
46 437 
46 464 
47 120 
47 121 
47 127 
47 152 
47 173 
47 314 
47 375 
47 413 
47 490 
48 50 
48 64 
48 180 
48 201 
48 220 
48 487 
49 85 
49 114 
49 119 
49 148 
49 177 
49 203 
49 204 
49 222 
49 254 
49 278 
49 293 
49 363 
49 445 
49 451 
50 80 
50 109 
50 146 
50 195 
50 273 
50 293 
50 349 
50 360 
50 399 
50 414 
50 454 
50 470 
51 79 
51 90 
51 133 
51 200 
51 288 
51 314 
51 422 
52 73 
52 248 
52 396 
52 445 
53 68 
53 154 
53 206 
53 226 
53 239 
53 294 
53 353 
53 444 
53 484 
54 171 
54 327 
54 336 
55 70 
55 72 
55 78 
55 84 
55 122 
55 128 
55 180 
55 199 
55 210 
55 223 
55 234 
55 325 
55 473 
56 58 
56 62 
56 126 
56 245 
56 289 
56 292 
56 319 
56 399 
56 402 
56 411 
56 431 
57 118 
57 134 
57 186 
57 212 
57 216 
58 164 
58 185 
59 84 
59 87 
59 91 
59 114 
59 128 
59 136 
59 185 
59 192 
59 229 
59 302 
59 308 
59 321 
59 406 
59 442 
59 449 
60 125 
60 319 
60 385 
60 420 
60 469 
61 69 
61 90 
61 120 
61 433 
61 469 
62 80 
62 102 
62 112 
62 164 
62 168 
62 185 
62 250 
62 253 
62 255 
62 289 
62 367 
62 437 
62 438 
62 465 
63 101 
63 139 
63 143 
63 192 
63 217 
63 228 
63 274 
63 277 
63 339 
64 79 
64 82 
65 95 
65 148 
65 165 
65 255 
65 306 
66 71 
66 86 
66 99 
66 123 
66 186 
66 334 
66 343 
66 407 
67 74 
67 92 
67 106 
67 228 
67 387 
68 223 
68 241 
68 457 
68 485 
69 74 
69 156 
69 159 
69 204 
69 351 
69 438 
69 445 
70 236 
70 311 
70 318 
70 463 
71 360 
71 374 
71 482 
72 396 
73 76 
73 119 
73 149 
73 206 
73 261 
73 301 
73 327 
73 472 
74 158 
74 214 
74 255 
74 341 
75 76 
75 92 
75 103 
75 206 
75 298 
76 79 
76 320 
76 343 
77 99 
77 140 
77 278 
77 366 
78 100 
78 109 
78 125 
78 128 
78 154 
78 208 
78 407 
78 420 
78 439 
78 452 
79 132 
79 173 
79 243 
79 331 
80 85 
80 111 
80 236 
80 459 
81 114 
81 122 
81 151 
81 210 
81 238 
81 241 
81 294 
81 381 
81 440 
81 455 
81 475 
82 357 
82 409 
82 431 
82 460 
83 91 
83 170 
83 392 
84 88 
84 167 
84 196 
84 311 
84 429 
85 107 
85 122 
85 145 
85 149 
85 197 
85 201 
85 225 
85 261 
85 268 
85 313 
85 481 
86 227 
86 283 
86 411 
87 105 
87 126 
87 142 
87 212 
87 239 
87 298 
87 303 
87 324 
87 414 
87 485 
87 492 
88 92 
88 124 
88 209 
88 267 
88 311 
88 399 
88 427 
89 92 
89 103 
89 133 
89 190 
89 203 
89 221 
89 287 
89 365 
89 384 
89 397 
90 97 
90 106 
90 146 
90 162 
90 177 
90 209 
90 298 
90 301 
90 335 
90 356 
90 446 
90 463 
90 474 
91 109 
91 180 
91 290 
91 395 
92 96 
92 145 
92 253 
93 100 
93 302 
94 140 
94 148 
94 227 
94 260 
95 305 
95 401 
96 113 
96 131 
96 134 
96 154 
96 202 
96 248 
96 345 
96 362 
96 418 
97 99 
97 105 
97 132 
97 147 
97 232 
97 257 
97 276 
97 293 
97 404 
98 102 
98 103 
98 108 
98 121 
98 158 
98 161 
98 162 
98 164 
98 173 
98 181 
98 201 
98 226 
98 227 
98 230 
98 231 
98 254 
98 382 
98 384 
98 458 
98 460 
98 467 
98 487 
99 102 
99 122 
99 133 
99 179 
99 359 
100 207 
100 256 
101 211 
101 310 
101 491 
103 306 
103 352 
103 394 
104 116 
104 187 
104 205 
104 313 
105 142 
105 175 
105 188 
105 206 
105 218 
105 225 
105 296 
105 390 
106 175 
106 227 
106 252 
106 292 
106 318 
106 348 
106 409 
106 422 
106 450 
107 162 
107 216 
107 312 
107 385 
107 480 
107 489 
108 145 
108 165 
108 188 
108 256 
108 273 
108 334 
108 421 
109 174 
110 184 
112 119 
112 146 
113 235 
113 281 
113 381 
113 417 
114 153 
114 182 
114 204 
114 406 
114 454 
115 144 
115 278 
115 338 
116 131 
116 135 
116 172 
116 191 
116 222 
116 310 
116 496 
117 123 
117 137 
117 169 
117 191 
117 254 
117 279 
117 295 
117 363 
119 256 
119 263 
119 330 
119 332 
119 379 
119 427 
120 230 
120 249 
120 297 
120 307 
120 447 
120 466 
120 469 
121 158 
121 172 
121 183 
121 189 
121 193 
121 216 
121 220 
121 297 
121 302 
121 342 
121 455 
122 195 
122 251 
123 184 
123 198 
123 234 
123 277 
123 408 
124 136 
124 161 
124 192 
124 225 
124 232 
124 260 
124 270 
124 365 
124 401 
124 435 
124 471 
125 138 
125 248 
125 344 
125 419 
125 432 
125 436 
126 249 
126 271 
126 362 
126 446 
127 132 
127 143 
127 151 
127 182 
127 237 
127 271 
127 280 
127 320 
127 325 
127 377 
127 424 
127 454 
128 129 
128 171 
128 210 
128 309 
128 357 
129 215 
129 364 
129 494 
130 137 
130 181 
130 183 
130 350 
130 397 
131 156 
131 297 
131 369 
131 442 
132 159 
132 239 
132 485 
133 138 
133 165 
133 288 
133 324 
133 358 
133 379 
133 402 
133 484 
134 398 
134 406 
134 464 
134 470 
134 489 
135 258 
135 305 
136 267 
136 279 
136 312 
136 342 
136 423 
136 478 
137 261 
137 263 
137 488 
138 228 
138 236 
138 291 
138 371 
138 392 
139 242 
139 245 
140 466 
140 492 
141 223 
141 224 
141 404 
141 411 
141 437 
142 166 
143 220 
144 270 
145 181 
145 323 
145 497 
146 151 
146 185 
146 276 
146 386 
146 434 
147 328 
147 355 
148 154 
148 156 
148 237 
148 285 
148 322 
148 411 
148 441 
148 472 
149 195 
149 246 
149 259 
149 274 
149 322 
149 356 
149 383 
149 461 
149 486 
149 491 
150 172 
150 203 
150 264 
150 341 
150 344 
151 195 
151 229 
151 351 
151 430 
152 209 
153 325 
153 337 
153 338 
153 438 
154 489 
156 165 
156 353 
156 389 
156 452 
156 472 
157 194 
157 304 
159 413 
159 428 
159 482 
161 191 
161 472 
162 362 
162 367 
162 457 
163 177 
163 198 
163 207 
163 269 
163 336 
163 435 
163 445 
163 466 
163 494 
164 202 
164 329 
164 389 
164 469 
165 313 
165 354 
166 217 
166 249 
167 317 
167 359 
168 187 
169 199 
169 379 
170 244 
171 235 
171 459 
172 465 
173 221 
173 233 
173 427 
173 477 
174 196 
174 298 
174 357 
175 458 
177 369 
177 467 
178 262 
178 479 
179 215 
179 465 
179 480 
180 318 
180 422 
180 470 
182 224 
182 284 
182 315 
183 197 
183 349 
183 470 
184 257 
184 282 
184 347 
185 285 
186 330 
186 339 
186 476 
187 249 
189 244 
189 334 
191 207 
191 383 
191 399 
191 424 
192 194 
192 367 
193 235 
193 398 
194 294 
195 209 
195 238 
195 319 
195 326 
196 224 
196 376 
197 198 
197 265 
198 253 
198 288 
199 271 
199 479 
200 282 
200 347 
201 220 
202 359 
203 286 
204 317 
204 378 
204 403 
204 432 
204 442 
204 476 
204 478 
205 251 
205 295 
205 316 
205 327 
205 344 
205 453 
206 292 
207 498 
208 234 
208 275 
208 286 
208 289 
208 321 
208 368 
208 406 
209 366 
210 270 
210 312 
211 400 
211 448 
211 496 
212 407 
213 484 
214 391 
215 276 
215 336 
215 421 
216 282 
216 291 
216 338 
216 343 
216 476 
217 403 
218 376 
219 262 
220 275 
220 498 
221 390 
221 440 
222 389 
223 374 
224 238 
224 408 
225 372 
225 420 
225 432 
226 314 
227 300 
227 493 
228 247 
228 271 
228 296 
228 335 
229 473 
230 266 
230 326 
230 368 
230 452 
231 324 
231 431 
232 327 
232 479 
232 488 
232 499 
234 381 
234 426 
234 491 
235 286 
237 383 
238 291 
239 257 
240 258 
241 246 
241 266 
241 304 
242 401 
243 446 
245 268 
245 441 
246 447 
247 420 
248 281 
249 325 
249 328 
249 333 
249 339 
249 348 
249 433 
250 268 
250 335 
251 369 
253 429 
254 260 
255 395 
256 424 
257 337 
258 266 
258 386 
258 480 
259 307 
259 308 
260 279 
260 299 
261 392 
261 488 
262 412 
262 419 
264 380 
265 430 
266 312 
266 342 
266 412 
267 349 
267 356 
268 481 
269 484 
270 315 
270 354 
270 357 
270 405 
271 385 
271 448 
272 308 
272 349 
273 280 
276 279 
276 350 
277 474 
278 316 
278 477 
280 375 
280 478 
281 326 
282 293 
282 370 
282 371 
282 429 
283 456 
284 345 
284 400 
287 347 
287 473 
291 336 
293 340 
295 363 
295 461 
295 468 
296 451 
297 354 
297 368 
297 388 
297 435 
299 335 
299 372 
300 303 
300 346 
300 398 
301 477 
303 403 
303 468 
304 451 
304 464 
307 351 
307 393 
307 493 
308 348 
309 361 
309 366 
309 498 
312 379 
314 355 
314 370 
314 438 
315 457 
316 394 
316 412 
316 474 
316 475 
317 397 
317 459 
318 442 
323 434 
323 496 
325 376 
325 392 
325 499 
326 365 
327 416 
327 456 
327 468 
328 390 
328 391 
330 331 
333 348 
336 434 
336 441 
337 419 
340 449 
340 458 
342 444 
343 373 
344 352 
344 359 
344 384 
344 482 
346 400 
346 436 
347 499 
349 368 
349 372 
350 352 
350 378 
350 417 
351 366 
351 455 
354 396 
355 431 
357 433 
359 414 
362 418 
365 410 
365 462 
366 423 
366 443 
370 450 
371 375 
371 386 
371 425 
380 428 
381 402 
381 458 
384 460 
384 461 
385 413 
385 425 
385 448 
389 394 
390 413 
391 497 
396 497 
397 427 
403 409 
404 457 
405 451 
407 441 
407 471 
408 416 
412 421 
417 496 
418 489 
423 466 
425 480 
426 428 
429 460 
431 448 
436 453 
438 467 
442 495 
451 495 
457 498 
458 478 
485 488 
485 495 
