false
false
500
1988
0 1 
0 3 
0 4 
0 5 
0 7 
0 9 
0 10 
0 11 
0 12 
0 14 
0 18 
0 19 
0 21 
0 28 
0 29 
0 37 
0 50 
0 51 
0 53 
0 56 
0 57 
0 60 
0 73 
0 74 
0 89 
0 90 
0 91 
0 95 
0 99 
0 113 
0 116 
0 119 
0 139 
0 148 
0 149 
0 159 
0 164 
0 178 
0 194 
0 213 
0 215 
0 236 
0 237 
0 240 
0 249 
0 257 
0 259 
0 274 
0 291 
0 293 
0 294 
0 295 
0 300 
0 309 
0 318 
0 323 
0 325 
0 336 
0 340 
0 356 
0 360 
0 361 
0 367 
0 389 
0 408 
0 419 
0 421 
0 432 
0 438 
0 459 
0 462 
0 467 
0 494 
1 2 
1 4 
1 5 
1 6 
1 7 
1 9 
1 10 
1 11 
1 13 
1 19 
1 20 
1 22 
1 31 
1 32 
1 33 
1 36 
1 38 
1 42 
1 52 
1 54 
1 55 
1 62 
1 66 
1 71 
1 79 
1 87 
1 98 
1 100 
1 117 
1 122 
1 123 
1 132 
1 144 
1 150 
1 162 
1 173 
1 193 
1 222 
1 229 
1 239 
1 242 
1 250 
1 265 
1 277 
1 298 
1 310 
1 320 
1 337 
1 344 
1 347 
1 383 
1 413 
1 428 
1 429 
1 430 
1 443 
1 461 
1 489 
2 3 
2 4 
2 5 
2 6 
2 9 
2 10 
2 12 
2 17 
2 32 
2 34 
2 35 
2 40 
2 53 
2 61 
2 69 
2 74 
2 79 
2 83 
2 105 
2 123 
2 134 
2 147 
2 161 
2 166 
2 186 
2 201 
2 204 
2 212 
2 220 
2 251 
2 293 
2 315 
2 412 
2 432 
2 434 
2 452 
2 453 
2 469 
2 491 
3 4 
3 6 
3 7 
3 8 
3 12 
3 13 
3 16 
3 19 
3 22 
3 37 
3 47 
3 65 
3 75 
3 85 
3 132 
3 139 
3 234 
3 242 
3 287 
3 303 
3 325 
3 355 
3 374 
3 383 
3 402 
3 409 
3 427 
3 428 
3 459 
3 476 
4 5 
4 6 
4 8 
4 10 
4 11 
4 15 
4 18 
4 19 
4 20 
4 23 
4 25 
4 27 
4 30 
4 31 
4 33 
4 41 
4 43 
4 45 
4 49 
4 70 
4 77 
4 92 
4 104 
4 107 
4 108 
4 112 
4 126 
4 130 
4 134 
4 151 
4 158 
4 161 
4 169 
4 177 
4 187 
4 204 
4 210 
4 225 
4 238 
4 246 
4 254 
4 270 
4 308 
4 311 
4 316 
4 353 
4 360 
4 368 
4 395 
4 398 
4 402 
4 411 
4 435 
4 438 
4 444 
4 445 
4 457 
4 458 
4 468 
4 482 
4 493 
4 495 
5 7 
5 17 
5 18 
5 20 
5 26 
5 84 
5 91 
5 106 
5 115 
5 177 
5 180 
5 205 
5 350 
5 418 
6 8 
6 16 
6 24 
6 36 
6 48 
6 94 
6 126 
6 129 
6 137 
6 175 
6 180 
6 207 
6 211 
6 232 
6 241 
6 260 
6 269 
6 272 
6 286 
6 334 
6 350 
6 369 
6 375 
6 413 
6 430 
6 469 
6 472 
7 8 
7 9 
7 11 
7 13 
7 14 
7 16 
7 23 
7 27 
7 30 
7 36 
7 39 
7 50 
7 59 
7 63 
7 70 
7 103 
7 106 
7 116 
7 118 
7 148 
7 156 
7 168 
7 185 
7 197 
7 208 
7 226 
7 231 
7 238 
7 243 
7 244 
7 247 
7 258 
7 286 
7 308 
7 321 
7 328 
7 331 
7 333 
7 335 
7 339 
7 343 
7 351 
7 369 
7 406 
7 447 
8 14 
8 20 
8 21 
8 29 
8 66 
8 68 
8 72 
8 80 
8 83 
8 85 
8 103 
8 107 
8 109 
8 130 
8 131 
8 147 
8 161 
8 168 
8 172 
8 173 
8 187 
8 199 
8 240 
8 245 
8 261 
8 278 
8 346 
8 347 
8 364 
8 365 
8 373 
8 411 
8 439 
8 450 
8 461 
8 477 
8 478 
8 481 
8 486 
8 487 
9 12 
9 17 
9 39 
9 48 
9 70 
9 76 
9 128 
9 143 
9 168 
9 233 
9 259 
9 307 
9 312 
9 348 
9 432 
9 470 
9 487 
10 14 
10 17 
10 18 
10 24 
10 25 
10 27 
10 34 
10 36 
10 51 
10 55 
10 59 
10 63 
10 67 
10 81 
10 83 
10 84 
10 138 
10 145 
10 169 
10 171 
10 176 
10 182 
10 187 
10 194 
10 200 
10 205 
10 207 
10 224 
10 230 
10 233 
10 268 
10 276 
10 286 
10 291 
10 326 
10 328 
10 348 
10 351 
10 387 
10 390 
10 437 
10 455 
10 478 
10 489 
10 490 
11 21 
11 73 
11 100 
11 208 
11 284 
11 290 
11 314 
11 377 
11 381 
11 383 
12 13 
12 15 
12 21 
12 23 
12 28 
12 33 
12 38 
12 40 
12 41 
12 51 
12 56 
12 58 
12 59 
12 61 
12 64 
12 69 
12 76 
12 78 
12 82 
12 87 
12 92 
12 96 
12 99 
12 105 
12 153 
12 159 
12 160 
12 163 
12 164 
12 172 
12 176 
12 182 
12 185 
12 199 
12 213 
12 218 
12 227 
12 259 
12 315 
12 316 
12 324 
12 343 
12 350 
12 367 
12 375 
12 405 
12 407 
12 410 
12 419 
12 423 
12 425 
12 431 
12 443 
12 447 
12 448 
12 475 
12 489 
12 494 
13 15 
13 26 
13 46 
13 56 
13 68 
13 71 
13 75 
13 77 
13 140 
13 183 
13 202 
13 239 
13 275 
13 276 
14 15 
14 16 
14 26 
14 44 
14 137 
14 199 
14 264 
14 349 
14 386 
14 435 
15 22 
15 31 
15 38 
15 39 
15 88 
15 106 
15 154 
15 183 
15 229 
15 243 
15 280 
15 312 
15 337 
15 360 
15 364 
15 374 
15 377 
15 379 
15 390 
15 428 
15 431 
15 496 
16 102 
16 122 
16 136 
16 225 
16 245 
16 291 
17 41 
17 75 
17 94 
17 119 
17 141 
17 170 
17 235 
17 375 
18 22 
18 29 
18 32 
18 33 
18 34 
18 39 
18 57 
18 80 
18 90 
18 96 
18 99 
18 115 
18 133 
18 142 
18 147 
18 152 
18 180 
18 196 
18 216 
18 256 
18 298 
18 325 
18 333 
18 376 
18 382 
18 470 
18 484 
19 24 
19 35 
19 37 
19 40 
19 41 
19 46 
19 47 
19 50 
19 61 
19 62 
19 63 
19 65 
19 81 
19 89 
19 93 
19 114 
19 124 
19 128 
19 146 
19 172 
19 179 
19 191 
19 202 
19 210 
19 213 
19 219 
19 250 
19 266 
19 277 
19 303 
19 349 
19 385 
19 410 
19 412 
19 421 
19 468 
20 30 
20 45 
20 49 
20 51 
20 66 
20 68 
20 81 
20 93 
20 119 
20 145 
20 163 
20 174 
20 209 
20 216 
20 254 
20 329 
20 340 
20 390 
20 418 
21 24 
21 28 
21 29 
21 44 
21 55 
21 58 
21 98 
21 116 
21 148 
21 156 
21 170 
21 182 
21 183 
21 193 
21 212 
21 219 
21 236 
21 241 
21 244 
21 250 
21 263 
21 380 
21 416 
21 435 
21 468 
21 481 
22 23 
22 25 
22 32 
22 42 
22 43 
22 52 
22 56 
22 57 
22 66 
22 69 
22 72 
22 124 
22 127 
22 128 
22 133 
22 137 
22 142 
22 145 
22 146 
22 158 
22 247 
22 249 
22 263 
22 289 
22 315 
22 317 
22 330 
22 338 
22 348 
22 374 
22 403 
22 416 
22 425 
22 488 
22 497 
23 25 
23 26 
23 49 
23 64 
23 69 
23 70 
23 76 
23 87 
23 88 
23 104 
23 171 
23 225 
23 233 
23 234 
23 236 
23 313 
23 331 
23 383 
23 446 
23 454 
24 44 
24 53 
24 101 
24 117 
24 142 
24 170 
24 186 
24 190 
24 194 
24 237 
24 248 
24 262 
24 272 
24 279 
24 312 
24 319 
24 356 
24 366 
24 401 
24 418 
25 27 
25 28 
25 45 
25 47 
25 48 
25 63 
25 110 
25 115 
25 133 
25 155 
25 189 
25 195 
25 218 
25 243 
25 319 
25 320 
25 328 
25 356 
25 394 
25 461 
25 482 
25 499 
26 54 
26 64 
26 67 
26 71 
26 85 
26 100 
26 117 
26 123 
26 129 
26 166 
26 174 
26 178 
26 218 
26 230 
26 323 
26 327 
26 372 
26 380 
26 386 
26 425 
26 437 
26 441 
26 480 
26 488 
26 491 
27 30 
27 31 
27 44 
27 47 
27 57 
27 59 
27 126 
27 184 
27 204 
28 52 
28 95 
28 102 
28 179 
28 227 
28 368 
28 372 
28 375 
28 482 
29 54 
29 278 
29 290 
29 335 
29 345 
29 362 
29 450 
30 35 
30 38 
30 42 
30 48 
30 60 
30 61 
30 62 
30 67 
30 93 
30 97 
30 101 
30 115 
30 118 
30 140 
30 155 
30 261 
30 304 
30 305 
30 343 
30 399 
30 427 
30 429 
30 484 
30 493 
30 495 
31 34 
31 40 
31 53 
31 118 
31 135 
31 159 
31 173 
31 220 
31 223 
31 229 
31 252 
31 370 
31 441 
31 455 
31 460 
32 35 
32 43 
32 52 
32 82 
32 103 
32 111 
32 132 
32 151 
32 255 
32 256 
32 278 
32 301 
32 365 
32 463 
32 485 
32 499 
33 76 
33 189 
33 329 
33 408 
33 431 
33 470 
34 37 
34 42 
34 67 
34 72 
34 85 
34 86 
34 109 
34 125 
34 131 
34 155 
34 172 
34 200 
34 207 
34 258 
34 273 
34 317 
34 333 
34 369 
34 376 
34 444 
34 471 
34 492 
35 91 
35 176 
35 389 
35 401 
35 470 
36 46 
36 49 
36 78 
36 108 
36 113 
36 116 
36 132 
36 212 
36 216 
36 241 
36 333 
36 335 
36 444 
37 58 
37 108 
37 152 
37 167 
37 237 
37 246 
37 253 
37 274 
37 314 
38 43 
38 58 
38 107 
38 305 
38 396 
39 96 
39 147 
39 160 
39 192 
39 195 
39 197 
39 206 
39 259 
39 273 
39 312 
39 401 
39 451 
40 68 
40 90 
40 122 
40 124 
40 143 
40 146 
40 150 
40 174 
40 177 
40 209 
40 262 
40 311 
40 322 
40 345 
40 359 
40 367 
40 373 
40 394 
40 403 
40 409 
40 414 
40 436 
41 54 
41 71 
41 75 
41 111 
41 112 
41 139 
41 140 
41 150 
41 201 
41 253 
41 285 
41 310 
41 314 
41 407 
41 422 
41 473 
41 488 
42 45 
42 46 
42 60 
42 84 
42 111 
42 238 
42 253 
42 254 
42 255 
42 261 
42 355 
43 74 
43 86 
43 110 
43 121 
43 479 
44 79 
44 107 
44 208 
44 228 
45 64 
45 80 
45 92 
45 122 
45 125 
45 135 
45 169 
45 186 
45 281 
45 283 
45 289 
45 299 
45 342 
45 364 
45 366 
45 377 
45 486 
45 491 
46 292 
47 50 
47 98 
47 127 
47 144 
47 156 
47 158 
47 321 
47 357 
47 362 
47 363 
47 393 
47 414 
48 97 
48 121 
48 150 
48 165 
48 344 
48 371 
49 65 
49 152 
49 197 
49 215 
49 217 
49 224 
49 332 
49 464 
49 473 
50 62 
50 72 
50 110 
50 113 
50 141 
50 156 
50 157 
50 162 
50 295 
50 464 
51 74 
51 80 
51 221 
51 240 
51 280 
51 483 
52 55 
52 60 
52 90 
52 92 
52 99 
52 103 
52 117 
52 139 
52 206 
52 281 
52 306 
52 347 
52 404 
52 421 
52 474 
52 481 
52 483 
52 498 
53 78 
53 184 
53 196 
53 460 
54 104 
54 192 
54 293 
54 330 
55 82 
55 181 
55 272 
56 77 
56 97 
56 105 
56 191 
56 210 
56 381 
57 73 
57 127 
57 154 
57 186 
57 246 
57 256 
57 295 
57 387 
57 406 
57 447 
57 474 
58 73 
58 86 
58 87 
58 144 
58 246 
58 282 
58 362 
58 373 
58 388 
58 419 
58 452 
58 490 
58 492 
59 301 
59 410 
60 65 
60 113 
60 154 
60 157 
60 204 
60 294 
61 106 
61 239 
62 94 
62 134 
62 232 
62 277 
62 446 
62 453 
63 79 
63 83 
63 402 
63 460 
63 477 
64 88 
64 135 
64 316 
64 369 
64 382 
65 108 
65 118 
65 129 
65 180 
65 326 
65 448 
66 351 
67 89 
67 91 
67 144 
67 331 
68 77 
68 131 
68 164 
68 167 
68 205 
68 212 
68 317 
68 342 
68 354 
68 363 
68 393 
68 431 
68 498 
69 171 
69 275 
69 302 
69 339 
69 423 
69 463 
70 119 
70 138 
70 178 
70 226 
70 231 
70 251 
70 354 
70 406 
70 417 
71 137 
71 326 
71 486 
72 84 
72 98 
72 125 
72 129 
72 165 
72 175 
72 183 
72 200 
72 201 
72 214 
72 219 
72 258 
72 329 
72 330 
72 365 
72 451 
72 460 
72 496 
73 93 
73 95 
73 104 
73 124 
73 181 
73 193 
73 270 
73 403 
73 419 
73 442 
74 82 
74 97 
74 127 
74 157 
74 192 
74 263 
74 422 
74 428 
74 456 
75 81 
75 299 
75 459 
76 105 
76 120 
76 138 
76 448 
77 78 
77 86 
77 88 
77 205 
77 424 
77 433 
77 461 
78 120 
78 133 
78 153 
78 188 
78 249 
78 260 
78 317 
78 319 
78 336 
78 391 
78 415 
79 121 
79 149 
79 151 
79 158 
79 283 
79 305 
79 415 
79 473 
79 487 
80 89 
80 238 
80 282 
81 94 
81 235 
81 267 
81 269 
81 331 
81 408 
81 432 
82 100 
82 111 
82 146 
82 196 
82 287 
82 290 
82 327 
82 334 
82 355 
82 400 
82 433 
83 101 
83 309 
84 218 
84 365 
85 123 
85 252 
85 267 
85 288 
85 339 
85 341 
85 384 
86 102 
86 308 
87 114 
87 134 
87 159 
87 255 
87 271 
87 347 
87 397 
88 177 
88 203 
88 404 
89 95 
89 165 
89 175 
89 253 
89 257 
89 297 
89 302 
89 385 
90 96 
90 101 
90 102 
90 112 
90 114 
90 336 
90 377 
90 378 
91 109 
91 141 
91 151 
91 161 
91 206 
91 279 
91 452 
92 130 
92 346 
92 354 
92 372 
92 382 
92 389 
92 404 
92 485 
93 153 
93 160 
93 203 
93 245 
93 296 
94 136 
94 138 
94 148 
94 163 
94 322 
94 327 
94 436 
94 442 
94 476 
95 164 
95 240 
95 267 
95 492 
96 167 
96 174 
96 211 
96 275 
96 277 
96 295 
96 311 
96 496 
97 114 
97 152 
97 188 
97 247 
97 300 
97 303 
97 464 
98 200 
98 210 
98 235 
99 214 
99 234 
99 313 
99 498 
100 229 
100 258 
100 271 
101 110 
101 125 
101 171 
101 175 
101 242 
101 269 
101 284 
101 477 
102 109 
102 264 
103 359 
104 143 
104 193 
104 284 
104 300 
104 310 
104 351 
104 371 
104 471 
105 126 
105 154 
105 224 
106 149 
106 231 
106 296 
106 335 
106 344 
106 359 
107 185 
107 207 
107 396 
107 483 
108 112 
108 128 
108 142 
108 261 
108 264 
108 273 
108 280 
108 309 
108 323 
108 386 
108 485 
109 131 
109 192 
109 194 
109 420 
110 121 
110 136 
110 141 
110 250 
110 265 
110 457 
111 169 
111 423 
111 471 
112 230 
112 372 
113 120 
113 176 
113 181 
113 185 
113 214 
113 260 
113 296 
113 324 
113 359 
113 366 
113 414 
113 457 
114 130 
114 220 
114 247 
114 362 
114 439 
114 476 
115 166 
115 209 
115 221 
116 160 
116 288 
116 381 
117 135 
117 163 
117 265 
117 266 
117 299 
117 353 
117 480 
118 140 
118 245 
118 287 
118 326 
118 438 
119 120 
119 211 
119 307 
119 427 
119 479 
120 162 
120 228 
120 285 
120 304 
120 456 
120 467 
121 191 
121 395 
122 165 
122 206 
122 242 
122 285 
122 352 
122 450 
123 415 
124 145 
125 136 
125 173 
125 268 
125 498 
126 270 
126 283 
126 289 
126 306 
126 334 
126 345 
126 493 
127 162 
127 268 
127 285 
127 286 
127 341 
127 426 
127 495 
128 198 
128 209 
128 400 
129 167 
129 282 
130 235 
130 304 
131 149 
131 327 
131 342 
131 348 
131 427 
131 430 
131 466 
132 143 
132 178 
132 198 
132 221 
132 228 
132 244 
132 321 
133 340 
133 449 
133 458 
133 495 
134 157 
134 189 
134 226 
134 334 
134 344 
135 188 
135 384 
135 407 
135 451 
136 195 
136 449 
136 456 
137 187 
137 352 
137 475 
138 472 
139 275 
139 299 
139 349 
141 179 
141 262 
141 284 
142 195 
143 155 
143 475 
144 202 
144 203 
144 208 
144 217 
144 222 
144 293 
144 332 
144 346 
144 400 
144 424 
145 181 
146 257 
146 466 
146 484 
147 198 
147 230 
147 337 
147 371 
147 397 
147 445 
147 490 
148 228 
148 232 
148 309 
148 396 
149 153 
149 184 
149 443 
150 255 
151 354 
152 222 
152 227 
153 189 
153 216 
153 303 
154 188 
154 196 
154 197 
154 266 
154 269 
154 298 
154 391 
154 412 
154 442 
154 474 
154 479 
155 201 
155 429 
156 215 
158 190 
158 248 
158 291 
159 170 
159 292 
159 356 
159 398 
159 426 
160 202 
160 213 
160 243 
160 263 
161 297 
161 399 
162 168 
162 272 
162 278 
162 325 
162 374 
162 412 
162 422 
163 166 
163 222 
163 237 
163 316 
163 385 
163 388 
163 446 
163 463 
163 467 
164 184 
165 221 
165 379 
165 455 
166 486 
168 332 
168 337 
168 409 
169 274 
169 323 
169 405 
169 433 
170 191 
170 227 
170 252 
170 264 
170 296 
170 435 
170 462 
172 271 
173 497 
174 182 
174 190 
174 244 
174 410 
174 426 
175 179 
175 219 
175 220 
175 239 
175 251 
175 338 
175 405 
176 279 
177 279 
177 376 
177 392 
179 313 
179 416 
180 340 
180 392 
181 190 
181 198 
181 223 
181 226 
181 298 
181 338 
181 444 
182 320 
182 367 
182 485 
183 254 
183 271 
183 321 
183 371 
183 416 
184 315 
185 211 
185 268 
185 494 
186 405 
186 443 
187 368 
188 314 
188 329 
188 465 
189 465 
190 395 
191 232 
192 357 
192 394 
192 465 
193 223 
193 225 
193 283 
193 384 
193 433 
194 276 
194 328 
194 422 
195 274 
195 391 
195 417 
196 199 
196 203 
196 252 
196 313 
196 398 
196 472 
197 241 
197 370 
198 214 
198 215 
198 292 
199 234 
199 492 
200 249 
200 322 
201 276 
201 420 
202 282 
202 318 
203 397 
204 361 
204 363 
204 499 
206 256 
206 288 
206 297 
206 384 
206 390 
206 392 
206 477 
207 489 
208 217 
208 281 
208 396 
209 223 
209 393 
209 451 
210 273 
211 217 
211 231 
211 307 
211 360 
211 379 
211 395 
211 411 
211 434 
211 480 
211 487 
211 493 
212 288 
212 306 
212 357 
212 488 
213 224 
213 236 
213 280 
214 304 
215 233 
215 338 
217 267 
218 417 
219 260 
219 266 
219 376 
219 379 
219 425 
219 465 
220 450 
221 301 
223 448 
224 251 
224 349 
226 308 
226 378 
229 257 
229 378 
229 458 
229 463 
231 248 
231 287 
232 406 
232 457 
235 361 
236 290 
236 294 
236 397 
236 454 
236 466 
238 306 
238 490 
240 292 
240 469 
243 248 
244 424 
245 342 
247 352 
248 388 
248 499 
249 262 
251 423 
254 380 
254 415 
256 265 
256 310 
257 398 
258 311 
259 270 
260 434 
263 332 
263 339 
263 341 
263 399 
263 439 
263 476 
264 346 
264 420 
265 281 
265 305 
265 336 
265 343 
266 429 
266 467 
267 294 
267 373 
267 394 
269 471 
270 297 
271 440 
272 496 
274 320 
275 430 
277 352 
277 370 
277 388 
278 358 
278 413 
278 455 
278 462 
280 420 
283 302 
284 366 
285 289 
287 300 
288 307 
288 392 
288 414 
289 301 
289 440 
291 318 
291 380 
291 387 
291 442 
292 357 
293 319 
293 464 
294 355 
294 483 
295 381 
297 386 
298 324 
300 302 
300 385 
300 387 
300 408 
300 437 
301 441 
303 330 
303 411 
304 345 
304 353 
305 361 
305 413 
305 440 
305 472 
306 358 
306 458 
308 378 
310 364 
310 449 
312 363 
312 434 
312 449 
314 441 
315 318 
315 324 
318 389 
318 393 
318 402 
318 474 
318 481 
320 322 
320 368 
327 453 
329 341 
330 358 
333 353 
333 459 
335 421 
336 439 
339 350 
339 437 
343 401 
344 478 
347 400 
350 436 
351 469 
352 382 
352 480 
352 497 
353 424 
354 454 
354 497 
356 358 
356 391 
356 446 
359 404 
363 478 
365 370 
366 452 
368 445 
369 456 
377 399 
380 494 
382 426 
383 417 
383 468 
388 409 
388 453 
390 403 
390 482 
392 407 
394 479 
400 445 
403 418 
404 466 
411 438 
413 462 
413 473 
417 454 
421 440 
423 436 
424 475 
425 447 
472 484 
474 491 
