false
false
500
1988
0 1 
0 3 
0 4 
0 5 
0 7 
0 12 
0 14 
0 16 
0 22 
0 23 
0 24 
0 30 
0 34 
0 35 
0 39 
0 40 
0 44 
0 53 
0 58 
0 59 
0 61 
0 63 
0 65 
0 69 
0 71 
0 72 
0 74 
0 77 
0 93 
0 97 
0 114 
0 140 
0 142 
0 149 
0 150 
0 154 
0 157 
0 158 
0 167 
0 168 
0 177 
0 201 
0 203 
0 212 
0 223 
0 231 
0 237 
0 245 
0 274 
0 281 
0 282 
0 336 
0 344 
0 349 
0 366 
0 375 
0 405 
0 413 
0 422 
0 425 
0 430 
0 455 
0 468 
0 484 
0 490 
0 497 
1 2 
1 4 
1 5 
1 6 
1 7 
1 8 
1 9 
1 12 
1 13 
1 17 
1 18 
1 19 
1 20 
1 27 
1 30 
1 32 
1 36 
1 38 
1 42 
1 48 
1 54 
1 56 
1 59 
1 65 
1 68 
1 69 
1 70 
1 73 
1 85 
1 90 
1 105 
1 114 
1 115 
1 116 
1 117 
1 119 
1 131 
1 134 
1 142 
1 143 
1 148 
1 149 
1 152 
1 157 
1 161 
1 163 
1 165 
1 168 
1 208 
1 210 
1 211 
1 213 
1 215 
1 217 
1 220 
1 224 
1 227 
1 230 
1 255 
1 262 
1 283 
1 286 
1 294 
1 304 
1 310 
1 318 
1 335 
1 347 
1 351 
1 352 
1 362 
1 376 
1 390 
1 406 
1 408 
1 420 
1 428 
1 453 
1 458 
1 469 
2 3 
2 4 
2 5 
2 6 
2 7 
2 8 
2 9 
2 11 
2 13 
2 14 
2 15 
2 16 
2 17 
2 20 
2 23 
2 24 
2 25 
2 28 
2 29 
2 31 
2 32 
2 37 
2 44 
2 46 
2 50 
2 52 
2 53 
2 60 
2 62 
2 63 
2 82 
2 86 
2 89 
2 96 
2 97 
2 102 
2 108 
2 110 
2 113 
2 114 
2 119 
2 125 
2 127 
2 136 
2 141 
2 147 
2 163 
2 164 
2 173 
2 176 
2 187 
2 195 
2 201 
2 205 
2 206 
2 228 
2 236 
2 243 
2 244 
2 249 
2 250 
2 254 
2 257 
2 260 
2 268 
2 271 
2 277 
2 278 
2 284 
2 286 
2 288 
2 289 
2 293 
2 294 
2 328 
2 355 
2 359 
2 368 
2 369 
2 370 
2 386 
2 387 
2 397 
2 404 
2 408 
2 426 
2 429 
2 431 
2 439 
2 440 
2 446 
2 467 
2 492 
3 4 
3 6 
3 8 
3 9 
3 11 
3 14 
3 17 
3 22 
3 24 
3 36 
3 47 
3 50 
3 52 
3 54 
3 78 
3 121 
3 126 
3 133 
3 162 
3 164 
3 165 
3 201 
3 203 
3 264 
3 282 
3 305 
3 322 
3 325 
3 393 
3 402 
3 474 
4 5 
4 9 
4 12 
4 13 
4 14 
4 15 
4 16 
4 18 
4 23 
4 34 
4 36 
4 37 
4 51 
4 65 
4 70 
4 71 
4 75 
4 82 
4 83 
4 85 
4 86 
4 90 
4 95 
4 103 
4 104 
4 106 
4 108 
4 109 
4 111 
4 129 
4 130 
4 135 
4 138 
4 140 
4 147 
4 159 
4 163 
4 172 
4 180 
4 192 
4 194 
4 196 
4 205 
4 233 
4 247 
4 260 
4 262 
4 264 
4 287 
4 294 
4 299 
4 307 
4 308 
4 311 
4 332 
4 341 
4 342 
4 345 
4 355 
4 357 
4 364 
4 365 
4 367 
4 378 
4 389 
4 396 
4 400 
4 420 
4 443 
4 447 
4 463 
4 465 
4 495 
5 6 
5 10 
5 11 
5 12 
5 13 
5 18 
5 20 
5 21 
5 23 
5 24 
5 26 
5 28 
5 39 
5 42 
5 48 
5 49 
5 52 
5 60 
5 63 
5 76 
5 81 
5 87 
5 101 
5 107 
5 108 
5 110 
5 112 
5 118 
5 126 
5 127 
5 129 
5 143 
5 144 
5 151 
5 167 
5 186 
5 197 
5 200 
5 206 
5 222 
5 232 
5 239 
5 240 
5 258 
5 268 
5 270 
5 280 
5 283 
5 338 
5 344 
5 347 
5 351 
5 363 
5 370 
5 393 
5 395 
5 398 
5 426 
5 464 
5 473 
5 498 
6 7 
6 8 
6 11 
6 19 
6 21 
6 25 
6 28 
6 37 
6 39 
6 43 
6 45 
6 56 
6 74 
6 78 
6 79 
6 84 
6 157 
6 159 
6 171 
6 175 
6 178 
6 183 
6 214 
6 227 
6 233 
6 246 
6 266 
6 296 
6 354 
6 388 
6 412 
6 466 
6 486 
7 10 
7 20 
7 22 
7 33 
7 43 
7 83 
7 84 
7 91 
7 96 
7 143 
7 191 
7 224 
7 238 
7 250 
7 314 
7 323 
7 337 
7 366 
7 399 
7 438 
7 493 
8 10 
8 15 
8 28 
8 29 
8 47 
8 57 
8 110 
8 118 
8 121 
8 160 
8 181 
8 221 
8 287 
8 319 
8 365 
8 449 
9 10 
9 17 
9 46 
9 57 
9 198 
9 269 
9 333 
10 21 
10 91 
10 296 
10 314 
10 425 
10 436 
11 19 
11 22 
11 26 
11 29 
11 31 
11 33 
11 41 
11 63 
11 75 
11 94 
11 155 
11 156 
11 174 
11 183 
11 190 
11 209 
11 234 
11 254 
11 261 
11 278 
11 307 
11 335 
11 346 
11 410 
11 428 
11 432 
11 447 
11 469 
12 15 
12 30 
12 31 
12 40 
12 41 
12 45 
12 48 
12 55 
12 57 
12 67 
12 84 
12 94 
12 118 
12 122 
12 123 
12 128 
12 137 
12 148 
12 164 
12 177 
12 188 
12 195 
12 236 
12 273 
12 302 
12 350 
12 354 
12 374 
12 394 
12 423 
12 462 
12 497 
12 499 
13 16 
13 18 
13 61 
13 68 
13 78 
13 81 
13 105 
13 155 
13 193 
13 195 
13 310 
13 329 
13 334 
13 393 
14 66 
14 87 
14 99 
14 106 
14 265 
14 286 
14 292 
14 364 
14 424 
14 463 
15 25 
15 33 
15 44 
15 60 
15 74 
15 102 
15 112 
15 169 
15 216 
15 290 
15 362 
15 385 
15 413 
15 422 
16 19 
16 27 
16 29 
16 37 
16 39 
16 48 
16 55 
16 64 
16 67 
16 73 
16 84 
16 87 
16 92 
16 94 
16 97 
16 102 
16 104 
16 120 
16 131 
16 168 
16 184 
16 229 
16 272 
16 285 
16 304 
16 313 
16 343 
16 346 
16 353 
16 369 
16 377 
16 387 
16 452 
16 459 
16 478 
17 21 
17 25 
17 27 
17 34 
17 45 
17 46 
17 58 
17 83 
17 91 
17 96 
17 107 
17 113 
17 119 
17 120 
17 124 
17 153 
17 161 
17 167 
17 197 
17 216 
17 231 
17 240 
17 252 
17 272 
17 282 
17 285 
17 289 
17 296 
17 326 
17 327 
17 329 
17 362 
17 367 
17 372 
17 421 
17 426 
17 481 
18 33 
18 50 
18 59 
18 60 
18 76 
18 116 
18 138 
18 144 
18 145 
18 180 
18 252 
18 259 
18 263 
18 297 
18 305 
18 308 
18 315 
18 364 
18 374 
18 395 
18 474 
19 27 
19 41 
19 50 
19 68 
19 113 
19 125 
19 136 
19 137 
19 175 
19 185 
19 213 
19 291 
19 295 
19 296 
19 303 
19 310 
19 368 
19 371 
19 385 
19 427 
19 436 
20 35 
20 38 
20 89 
20 110 
20 266 
20 490 
21 40 
21 66 
21 71 
21 81 
21 86 
21 115 
21 123 
21 163 
21 180 
21 190 
21 217 
21 219 
21 358 
21 453 
21 476 
21 491 
21 498 
22 26 
22 34 
22 35 
22 38 
22 47 
22 49 
22 61 
22 85 
22 89 
22 235 
22 317 
22 396 
22 471 
23 26 
23 30 
23 36 
23 42 
23 43 
23 44 
23 57 
23 66 
23 73 
23 78 
23 85 
23 100 
23 111 
23 121 
23 135 
23 145 
23 171 
23 196 
23 204 
23 276 
23 288 
23 295 
23 303 
23 318 
23 324 
23 357 
23 359 
23 383 
23 405 
23 412 
23 434 
23 435 
23 457 
23 459 
23 472 
23 489 
24 88 
24 103 
24 133 
24 266 
24 405 
25 62 
25 89 
25 92 
25 103 
25 130 
25 186 
25 189 
25 226 
25 239 
25 295 
25 299 
25 301 
25 398 
25 437 
25 479 
26 43 
26 56 
26 69 
26 76 
26 105 
26 126 
26 142 
26 156 
26 159 
26 188 
26 193 
26 194 
26 247 
26 269 
26 274 
26 276 
26 312 
26 346 
26 366 
26 399 
26 412 
26 429 
26 454 
26 465 
26 482 
26 484 
27 32 
27 143 
28 40 
28 42 
28 92 
28 141 
28 188 
28 214 
28 259 
28 275 
28 288 
28 306 
28 365 
28 406 
28 460 
29 31 
29 46 
29 80 
29 97 
29 98 
29 111 
29 122 
29 136 
29 148 
29 174 
29 186 
29 276 
29 283 
29 290 
29 311 
29 323 
29 348 
29 390 
29 418 
29 433 
29 459 
30 45 
30 79 
30 129 
30 132 
30 146 
30 281 
30 289 
30 416 
30 432 
30 489 
31 32 
31 51 
31 55 
31 91 
31 101 
31 124 
31 133 
31 152 
31 166 
31 207 
31 210 
31 211 
31 218 
31 224 
31 247 
31 366 
31 399 
31 411 
31 420 
31 478 
32 65 
32 68 
32 72 
32 80 
32 128 
32 134 
32 190 
32 249 
32 257 
32 266 
32 302 
32 357 
32 383 
32 391 
32 443 
32 445 
32 479 
32 488 
33 35 
33 62 
33 154 
33 160 
33 195 
33 330 
33 397 
33 446 
33 461 
34 49 
34 55 
34 75 
34 107 
34 132 
34 135 
34 139 
34 192 
34 244 
34 321 
34 375 
34 449 
34 473 
35 51 
35 61 
35 101 
35 147 
35 176 
35 179 
35 320 
35 448 
35 454 
35 463 
35 482 
36 49 
36 75 
36 88 
36 98 
36 99 
36 111 
36 184 
36 204 
36 224 
36 258 
36 275 
36 339 
36 381 
36 388 
36 401 
36 417 
36 441 
37 38 
37 72 
37 79 
37 80 
37 171 
37 175 
37 208 
37 215 
37 341 
37 396 
38 47 
38 52 
38 77 
38 82 
38 117 
38 156 
38 166 
38 183 
38 218 
38 290 
38 359 
38 416 
38 419 
39 53 
39 100 
39 196 
39 218 
39 251 
39 306 
39 382 
40 41 
40 70 
40 100 
40 125 
40 128 
40 189 
40 212 
40 223 
40 307 
40 336 
40 381 
40 410 
41 53 
41 58 
41 64 
41 82 
41 130 
41 200 
41 232 
41 256 
41 282 
41 291 
41 298 
41 337 
41 361 
41 397 
41 452 
42 71 
42 460 
43 139 
43 152 
43 335 
43 461 
44 106 
44 278 
44 434 
45 56 
45 183 
45 185 
45 221 
45 394 
45 443 
46 59 
46 67 
46 77 
46 95 
46 134 
46 137 
46 154 
46 229 
46 236 
46 279 
46 309 
46 352 
46 487 
46 488 
47 54 
47 276 
47 322 
47 339 
47 439 
48 109 
48 405 
49 51 
49 187 
49 191 
49 202 
49 301 
49 324 
49 380 
49 474 
50 79 
50 95 
50 120 
50 171 
50 181 
50 192 
50 197 
50 234 
50 312 
50 314 
50 336 
50 394 
51 92 
51 209 
51 308 
51 367 
52 54 
52 90 
52 95 
52 155 
52 179 
52 208 
52 272 
52 293 
52 311 
52 400 
52 414 
52 437 
52 497 
52 499 
53 140 
53 142 
53 202 
53 236 
53 237 
53 242 
53 267 
53 275 
53 339 
53 356 
53 422 
53 461 
54 58 
54 90 
54 100 
54 118 
54 131 
54 144 
54 158 
54 165 
54 168 
54 313 
54 325 
54 340 
54 349 
54 447 
54 448 
55 176 
55 241 
55 333 
55 414 
55 474 
55 485 
56 64 
56 86 
56 93 
56 113 
56 115 
56 162 
56 174 
56 176 
56 184 
56 211 
56 220 
56 238 
56 253 
56 280 
56 288 
56 297 
56 299 
56 327 
56 330 
56 485 
57 135 
57 320 
58 108 
58 133 
58 179 
58 180 
58 223 
58 255 
58 263 
58 312 
58 325 
58 326 
58 343 
58 350 
58 392 
59 70 
59 98 
59 104 
59 106 
59 170 
59 258 
59 274 
59 322 
59 375 
60 62 
60 64 
60 72 
60 83 
60 87 
60 93 
60 107 
60 139 
60 198 
60 207 
60 241 
60 246 
60 267 
60 317 
60 371 
60 374 
60 423 
60 478 
60 479 
61 67 
61 105 
61 131 
61 206 
61 457 
63 66 
63 93 
63 115 
63 145 
63 260 
63 320 
63 329 
63 387 
63 402 
63 467 
63 490 
64 69 
64 73 
64 74 
64 81 
64 123 
64 139 
64 151 
64 156 
64 220 
64 258 
64 284 
64 297 
64 321 
64 328 
64 380 
64 439 
64 498 
65 96 
65 124 
65 150 
65 237 
65 242 
65 325 
65 385 
66 152 
66 184 
66 225 
66 370 
66 491 
67 248 
68 194 
68 283 
68 308 
68 416 
69 76 
69 88 
69 109 
69 114 
69 217 
69 245 
69 275 
69 462 
70 101 
70 259 
70 309 
70 344 
70 430 
71 189 
71 212 
71 337 
71 345 
71 409 
72 103 
72 196 
72 456 
73 128 
73 209 
73 210 
74 125 
74 127 
74 140 
74 207 
74 228 
74 230 
74 240 
74 333 
75 80 
75 88 
75 94 
75 104 
75 112 
75 129 
75 153 
75 235 
75 309 
75 349 
75 370 
75 404 
75 411 
76 77 
76 222 
76 284 
76 327 
76 331 
76 355 
76 433 
77 233 
77 239 
77 316 
77 389 
77 454 
78 147 
78 175 
78 222 
78 225 
78 356 
78 364 
78 410 
79 228 
80 160 
80 241 
80 286 
80 332 
80 416 
80 423 
80 468 
80 472 
81 98 
81 161 
81 172 
81 367 
81 425 
81 429 
82 217 
82 244 
82 289 
82 321 
82 471 
82 477 
83 177 
83 381 
84 228 
84 347 
85 99 
85 186 
85 191 
85 232 
85 252 
85 300 
85 379 
85 390 
85 430 
85 438 
86 109 
86 137 
86 153 
86 172 
86 229 
86 323 
86 354 
86 371 
86 384 
86 385 
86 464 
87 99 
87 102 
87 126 
87 173 
87 194 
87 218 
87 265 
87 279 
88 117 
88 132 
88 154 
88 187 
88 273 
88 382 
88 468 
89 130 
89 243 
89 455 
90 251 
91 122 
91 146 
91 202 
91 319 
91 386 
92 204 
92 243 
92 433 
92 481 
93 123 
93 185 
93 201 
93 207 
93 242 
93 344 
94 200 
94 269 
94 270 
94 285 
94 343 
95 149 
95 178 
95 270 
95 280 
95 313 
95 319 
95 355 
95 476 
97 293 
97 300 
97 425 
97 431 
97 450 
97 480 
98 116 
98 117 
98 227 
98 373 
98 466 
98 475 
98 485 
99 116 
99 120 
99 257 
99 277 
99 311 
99 368 
99 493 
101 165 
101 166 
101 248 
101 329 
101 484 
102 122 
102 253 
103 138 
103 149 
103 211 
103 445 
103 499 
104 112 
104 170 
104 233 
104 234 
104 267 
104 298 
104 473 
105 271 
105 291 
105 384 
106 146 
106 304 
106 388 
106 448 
107 261 
107 267 
107 271 
107 293 
107 354 
109 400 
109 458 
110 170 
110 172 
111 119 
111 238 
111 302 
111 453 
112 127 
112 141 
112 231 
112 294 
112 417 
112 486 
113 265 
113 313 
113 331 
113 372 
114 247 
114 307 
114 360 
114 380 
114 392 
114 424 
114 489 
115 124 
115 134 
115 182 
115 351 
115 402 
115 436 
116 157 
116 239 
116 255 
116 395 
117 121 
117 151 
117 153 
117 164 
117 198 
117 222 
117 255 
117 292 
117 309 
117 428 
118 188 
118 317 
118 410 
118 495 
119 138 
119 173 
119 257 
119 280 
119 403 
119 495 
120 170 
120 189 
120 440 
120 446 
121 169 
121 369 
122 169 
123 177 
123 292 
123 324 
123 326 
123 334 
123 338 
123 350 
123 358 
123 427 
124 141 
124 253 
124 483 
125 166 
125 469 
126 132 
126 136 
126 146 
126 159 
126 174 
126 356 
126 361 
126 456 
127 145 
128 148 
128 263 
128 278 
128 361 
128 429 
128 452 
129 158 
129 415 
130 162 
130 250 
130 285 
131 151 
131 169 
131 182 
131 214 
131 409 
131 444 
131 488 
132 451 
134 144 
134 160 
134 191 
134 229 
134 256 
134 487 
134 490 
134 495 
135 150 
135 272 
136 150 
136 178 
136 208 
136 219 
136 252 
136 395 
136 451 
137 199 
137 215 
137 226 
137 241 
137 316 
137 352 
137 353 
137 409 
138 326 
138 331 
138 401 
138 412 
138 417 
138 426 
138 438 
138 492 
139 259 
140 328 
140 482 
141 155 
141 158 
141 167 
141 182 
141 197 
142 216 
142 230 
142 345 
143 227 
143 376 
143 473 
144 193 
144 204 
144 205 
144 232 
144 357 
144 491 
145 213 
145 338 
145 414 
145 452 
146 268 
146 298 
146 301 
146 304 
146 420 
146 454 
147 162 
147 181 
147 246 
147 274 
148 173 
148 181 
148 182 
148 215 
149 209 
149 235 
149 279 
149 333 
150 199 
150 214 
150 245 
150 292 
150 496 
152 203 
152 212 
152 263 
152 494 
153 281 
153 377 
153 404 
153 439 
153 460 
154 179 
154 187 
154 334 
154 390 
154 441 
154 472 
156 178 
156 279 
156 398 
156 444 
156 486 
157 161 
157 256 
157 300 
157 316 
158 249 
159 391 
159 492 
160 493 
161 260 
163 262 
163 290 
163 305 
163 327 
163 346 
164 291 
164 345 
164 491 
166 371 
166 407 
166 471 
167 220 
167 246 
167 256 
167 402 
168 199 
168 231 
168 299 
168 378 
168 481 
168 482 
168 483 
168 494 
169 486 
170 271 
170 298 
170 306 
171 254 
171 262 
171 277 
171 301 
171 330 
171 382 
171 467 
172 359 
172 372 
172 378 
172 441 
172 448 
174 205 
174 376 
175 185 
175 360 
175 488 
176 244 
176 324 
176 365 
176 379 
177 352 
177 400 
178 193 
178 223 
178 273 
178 450 
179 281 
179 317 
180 238 
180 315 
180 328 
181 305 
181 413 
181 421 
181 458 
181 485 
182 200 
182 302 
182 306 
182 334 
182 377 
183 226 
183 270 
183 340 
184 219 
185 203 
185 206 
185 353 
185 401 
185 408 
185 411 
186 219 
186 318 
187 192 
187 323 
188 190 
188 226 
188 332 
188 362 
189 332 
190 216 
191 225 
191 248 
193 199 
193 384 
194 202 
194 273 
194 342 
194 446 
195 447 
196 372 
196 379 
197 198 
197 234 
197 237 
197 249 
197 254 
197 419 
197 437 
197 444 
197 450 
197 464 
197 494 
198 210 
198 213 
198 368 
199 221 
199 268 
199 363 
199 417 
201 242 
201 427 
202 377 
202 453 
203 470 
204 373 
205 381 
205 466 
206 265 
206 297 
206 338 
206 472 
207 403 
207 480 
208 235 
208 358 
208 455 
209 353 
211 221 
212 253 
212 303 
214 339 
214 459 
218 434 
219 336 
220 407 
220 483 
221 314 
222 261 
222 287 
222 315 
222 342 
222 442 
223 225 
223 335 
223 401 
223 432 
224 230 
224 269 
228 360 
229 243 
229 318 
229 319 
229 424 
231 300 
232 463 
233 413 
234 356 
235 251 
236 240 
236 387 
236 455 
237 245 
237 342 
238 248 
238 261 
238 389 
239 251 
239 341 
239 373 
239 383 
239 460 
239 464 
240 250 
240 264 
240 414 
240 496 
241 360 
241 380 
241 450 
241 475 
242 369 
243 315 
245 312 
245 438 
245 467 
246 469 
246 484 
248 343 
248 358 
248 391 
249 295 
249 374 
250 264 
250 456 
251 435 
256 277 
256 419 
257 284 
261 442 
262 316 
263 310 
266 386 
269 431 
270 337 
270 409 
271 408 
272 350 
277 373 
278 287 
278 330 
278 376 
279 477 
280 470 
281 303 
286 396 
287 348 
288 340 
288 363 
288 392 
289 421 
290 322 
292 349 
292 449 
293 475 
294 341 
294 348 
295 465 
296 407 
296 421 
298 445 
298 478 
301 388 
303 320 
303 440 
306 378 
307 383 
307 428 
308 398 
309 424 
310 483 
312 394 
313 348 
313 392 
313 423 
313 440 
313 471 
314 351 
315 321 
315 411 
315 415 
319 427 
320 331 
321 347 
321 449 
322 419 
323 476 
324 404 
324 465 
325 415 
325 436 
326 451 
327 363 
328 340 
332 480 
333 479 
335 476 
336 361 
336 403 
336 497 
338 462 
339 422 
343 431 
344 389 
346 403 
346 494 
347 493 
348 441 
349 430 
350 379 
350 406 
350 468 
350 470 
351 399 
355 407 
357 393 
357 457 
357 461 
358 434 
361 437 
363 384 
363 391 
363 397 
363 406 
363 442 
363 487 
364 375 
367 386 
369 418 
376 442 
377 470 
377 477 
378 432 
380 382 
387 415 
387 458 
387 487 
391 498 
394 435 
399 418 
400 418 
402 477 
404 481 
406 445 
409 433 
416 489 
418 456 
423 435 
423 451 
428 443 
428 457 
433 444 
436 462 
453 466 
454 499 
455 475 
458 496 
462 480 
472 492 
494 496 
