false
false
500
1988
0 1 
0 3 
0 4 
0 5 
0 6 
0 8 
0 9 
0 11 
0 12 
0 20 
0 22 
0 25 
0 27 
0 31 
0 33 
0 36 
0 37 
0 38 
0 41 
0 44 
0 46 
0 51 
0 58 
0 91 
0 99 
0 108 
0 116 
0 117 
0 125 
0 126 
0 127 
0 142 
0 150 
0 159 
0 163 
0 168 
0 171 
0 183 
0 191 
0 192 
0 193 
0 197 
0 204 
0 219 
0 226 
0 227 
0 228 
0 231 
0 236 
0 244 
0 256 
0 266 
0 292 
0 310 
0 320 
0 326 
0 330 
0 335 
0 344 
0 361 
0 367 
0 376 
0 380 
0 392 
0 402 
0 410 
0 414 
0 418 
0 426 
0 445 
0 449 
0 454 
0 460 
0 461 
0 462 
0 489 
0 494 
1 2 
1 4 
1 5 
1 6 
1 24 
1 62 
1 128 
1 150 
1 183 
1 201 
1 206 
1 231 
1 257 
1 293 
1 362 
1 392 
1 443 
2 3 
2 4 
2 5 
2 6 
2 7 
2 8 
2 11 
2 12 
2 13 
2 14 
2 18 
2 19 
2 20 
2 24 
2 27 
2 28 
2 32 
2 33 
2 34 
2 40 
2 41 
2 43 
2 44 
2 48 
2 50 
2 51 
2 54 
2 56 
2 59 
2 65 
2 70 
2 75 
2 81 
2 93 
2 98 
2 102 
2 112 
2 120 
2 123 
2 125 
2 139 
2 141 
2 155 
2 157 
2 158 
2 159 
2 160 
2 161 
2 173 
2 182 
2 185 
2 195 
2 210 
2 212 
2 218 
2 246 
2 255 
2 265 
2 279 
2 291 
2 294 
2 297 
2 301 
2 311 
2 333 
2 342 
2 347 
2 356 
2 359 
2 367 
2 391 
2 414 
2 436 
2 444 
2 471 
2 472 
2 483 
2 496 
3 4 
3 9 
3 14 
3 15 
3 19 
3 20 
3 28 
3 32 
3 34 
3 43 
3 55 
3 65 
3 68 
3 72 
3 78 
3 88 
3 96 
3 104 
3 125 
3 132 
3 136 
3 162 
3 171 
3 179 
3 181 
3 192 
3 198 
3 199 
3 212 
3 214 
3 216 
3 218 
3 222 
3 233 
3 234 
3 251 
3 256 
3 289 
3 298 
3 336 
3 346 
3 351 
3 371 
3 420 
3 430 
3 460 
3 490 
3 494 
4 5 
4 7 
4 10 
4 11 
4 12 
4 13 
4 14 
4 15 
4 16 
4 17 
4 18 
4 20 
4 22 
4 23 
4 25 
4 30 
4 31 
4 33 
4 38 
4 39 
4 40 
4 42 
4 44 
4 45 
4 48 
4 52 
4 53 
4 55 
4 57 
4 58 
4 60 
4 61 
4 62 
4 68 
4 69 
4 73 
4 79 
4 91 
4 114 
4 116 
4 118 
4 119 
4 120 
4 130 
4 138 
4 145 
4 153 
4 154 
4 156 
4 161 
4 178 
4 200 
4 205 
4 208 
4 209 
4 218 
4 225 
4 229 
4 240 
4 243 
4 261 
4 262 
4 267 
4 268 
4 272 
4 275 
4 289 
4 290 
4 293 
4 297 
4 298 
4 316 
4 338 
4 341 
4 368 
4 369 
4 372 
4 373 
4 408 
4 411 
4 415 
4 419 
4 420 
4 421 
4 423 
4 424 
4 443 
4 451 
4 462 
4 478 
4 479 
4 492 
4 493 
4 495 
5 6 
5 7 
5 10 
5 13 
5 15 
5 16 
5 17 
5 27 
5 28 
5 30 
5 38 
5 42 
5 53 
5 57 
5 62 
5 68 
5 76 
5 79 
5 83 
5 91 
5 110 
5 118 
5 133 
5 135 
5 143 
5 171 
5 178 
5 188 
5 192 
5 194 
5 198 
5 203 
5 227 
5 228 
5 232 
5 233 
5 234 
5 259 
5 280 
5 327 
5 328 
5 343 
5 364 
5 406 
5 419 
5 434 
5 439 
5 465 
5 474 
5 492 
6 7 
6 8 
6 9 
6 11 
6 12 
6 26 
6 35 
6 47 
6 53 
6 54 
6 58 
6 61 
6 133 
6 139 
6 158 
6 211 
6 213 
6 217 
6 220 
6 301 
6 355 
6 364 
6 384 
6 490 
7 8 
7 9 
7 10 
7 16 
7 19 
7 21 
7 23 
7 25 
7 28 
7 32 
7 51 
7 64 
7 80 
7 83 
7 88 
7 96 
7 113 
7 126 
7 144 
7 153 
7 168 
7 169 
7 177 
7 179 
7 204 
7 207 
7 208 
7 213 
7 257 
7 264 
7 304 
7 310 
7 312 
7 316 
7 318 
7 328 
7 334 
7 349 
7 388 
7 443 
7 467 
7 470 
7 475 
7 482 
8 13 
8 14 
8 15 
8 19 
8 21 
8 24 
8 33 
8 37 
8 45 
8 52 
8 61 
8 66 
8 68 
8 69 
8 75 
8 97 
8 101 
8 106 
8 112 
8 128 
8 146 
8 164 
8 167 
8 177 
8 181 
8 185 
8 196 
8 218 
8 251 
8 256 
8 265 
8 276 
8 307 
8 322 
8 341 
8 356 
8 362 
8 375 
8 402 
8 403 
8 411 
8 422 
8 434 
9 10 
9 17 
9 18 
9 21 
9 23 
9 24 
9 29 
9 35 
9 50 
9 51 
9 56 
9 65 
9 85 
9 87 
9 108 
9 111 
9 123 
9 127 
9 227 
9 258 
9 260 
9 268 
9 291 
9 323 
9 343 
9 346 
9 426 
10 16 
10 30 
10 36 
10 47 
10 80 
10 89 
10 149 
10 241 
10 332 
10 450 
11 37 
11 52 
11 67 
11 70 
11 74 
11 78 
11 84 
11 107 
11 187 
11 252 
11 302 
11 346 
11 435 
11 489 
12 17 
12 21 
12 22 
12 26 
12 37 
12 54 
12 141 
12 156 
12 251 
12 346 
12 425 
12 448 
12 479 
12 481 
13 77 
13 129 
13 172 
13 270 
13 365 
13 374 
13 431 
13 471 
13 492 
14 18 
14 106 
14 132 
14 154 
14 171 
14 201 
14 274 
14 332 
14 339 
14 413 
15 29 
15 59 
15 77 
15 84 
15 138 
15 143 
15 221 
15 257 
15 282 
15 356 
15 379 
15 423 
15 486 
15 488 
16 22 
16 27 
16 40 
16 46 
16 50 
16 55 
16 60 
16 64 
16 76 
16 82 
16 83 
16 93 
16 98 
16 101 
16 105 
16 107 
16 115 
16 161 
16 174 
16 180 
16 207 
16 211 
16 225 
16 237 
16 250 
16 259 
16 262 
16 283 
16 293 
16 296 
16 320 
16 399 
16 499 
17 29 
17 31 
17 35 
17 72 
17 105 
17 114 
17 122 
17 136 
17 155 
17 164 
17 189 
17 262 
17 306 
17 370 
17 372 
17 380 
17 444 
17 454 
17 457 
18 23 
18 25 
18 26 
18 29 
18 30 
18 70 
18 81 
18 88 
18 95 
18 102 
18 103 
18 145 
18 146 
18 162 
18 232 
18 255 
18 288 
18 290 
18 311 
18 314 
18 328 
18 339 
18 359 
18 375 
18 382 
18 401 
18 426 
18 449 
18 459 
18 491 
19 44 
19 124 
19 190 
19 232 
19 239 
19 246 
19 250 
19 267 
19 352 
19 487 
20 35 
20 45 
20 61 
20 62 
20 65 
20 92 
20 99 
20 104 
20 116 
20 134 
20 137 
20 160 
20 184 
20 187 
20 206 
20 207 
20 208 
20 235 
20 249 
20 264 
20 269 
20 270 
20 276 
20 326 
20 351 
20 378 
20 451 
20 456 
20 461 
21 26 
21 36 
21 80 
21 103 
21 106 
21 108 
21 115 
21 169 
21 174 
21 178 
21 180 
21 184 
21 288 
21 296 
21 305 
21 324 
21 327 
21 331 
21 361 
21 400 
21 425 
21 432 
21 470 
22 34 
22 39 
22 67 
22 85 
22 97 
22 102 
22 133 
22 147 
22 173 
22 192 
22 241 
22 320 
22 357 
22 365 
22 399 
22 442 
23 31 
23 47 
23 81 
23 85 
23 93 
23 134 
23 140 
23 170 
23 203 
23 308 
24 40 
24 69 
24 78 
24 96 
24 163 
24 223 
24 283 
24 318 
24 449 
25 90 
25 111 
25 140 
25 157 
25 170 
25 205 
25 209 
25 228 
25 307 
25 366 
25 436 
26 36 
26 50 
26 58 
26 66 
26 74 
26 85 
26 97 
26 98 
26 204 
26 229 
26 230 
26 271 
26 329 
26 347 
26 381 
26 464 
26 475 
27 52 
27 57 
27 67 
27 71 
27 86 
27 154 
27 175 
27 191 
27 219 
27 237 
27 285 
27 298 
27 323 
27 336 
27 395 
27 429 
27 457 
27 458 
28 43 
28 86 
28 123 
28 126 
28 128 
28 151 
28 191 
28 278 
28 377 
28 424 
28 482 
29 41 
29 42 
29 48 
29 73 
29 87 
29 127 
29 133 
29 211 
29 246 
29 279 
29 377 
29 468 
29 476 
30 32 
30 49 
30 75 
30 82 
30 94 
30 105 
30 167 
30 184 
30 194 
30 421 
30 445 
31 39 
31 47 
31 59 
31 70 
31 95 
31 144 
31 169 
31 200 
31 275 
31 363 
31 383 
31 400 
31 410 
32 38 
32 152 
32 179 
32 277 
32 345 
32 437 
33 34 
33 39 
33 55 
33 59 
33 76 
33 103 
33 114 
33 179 
33 247 
33 252 
33 377 
33 395 
33 430 
33 435 
33 463 
33 464 
33 481 
34 45 
34 49 
34 66 
34 101 
34 185 
34 349 
34 454 
34 479 
34 492 
35 46 
35 54 
35 74 
35 134 
35 140 
35 144 
35 147 
35 215 
35 297 
35 376 
35 417 
36 41 
36 42 
36 48 
36 66 
36 73 
36 94 
36 99 
36 124 
36 138 
36 243 
36 319 
36 332 
36 381 
37 43 
37 95 
37 100 
37 196 
37 220 
37 221 
37 223 
37 378 
37 450 
38 67 
38 72 
38 90 
38 130 
38 160 
38 173 
38 215 
38 233 
38 258 
39 46 
39 53 
39 60 
39 63 
39 82 
39 109 
39 119 
39 142 
39 157 
39 178 
39 232 
39 236 
39 264 
39 363 
39 386 
39 394 
39 443 
40 49 
40 100 
40 122 
40 136 
40 166 
40 167 
40 205 
40 309 
40 315 
40 342 
40 369 
40 384 
40 485 
41 78 
41 149 
41 166 
42 253 
42 396 
43 49 
43 60 
43 64 
43 109 
43 119 
43 124 
43 141 
43 176 
43 216 
43 417 
43 473 
43 498 
44 63 
44 72 
44 98 
44 122 
44 131 
44 278 
44 288 
44 330 
44 389 
45 56 
45 131 
45 139 
45 140 
45 245 
45 254 
45 340 
45 367 
45 371 
45 499 
46 69 
46 74 
46 321 
46 387 
46 453 
46 474 
47 80 
47 127 
47 166 
47 182 
47 184 
47 188 
47 247 
47 263 
47 273 
47 284 
47 295 
47 316 
47 330 
47 349 
47 490 
48 463 
49 57 
49 75 
49 79 
49 118 
49 135 
49 137 
49 147 
49 155 
49 165 
49 170 
49 212 
49 216 
49 222 
49 237 
49 270 
49 286 
49 317 
49 418 
49 472 
50 63 
50 89 
50 91 
50 92 
50 132 
50 224 
50 281 
50 309 
50 313 
50 484 
51 63 
51 102 
51 109 
51 153 
51 269 
51 298 
51 331 
51 442 
52 90 
52 113 
52 148 
52 201 
52 230 
52 324 
52 380 
53 87 
53 96 
53 128 
53 132 
53 194 
53 210 
53 249 
53 302 
53 397 
53 413 
53 438 
55 56 
55 71 
55 79 
55 86 
55 87 
55 92 
55 100 
55 105 
55 143 
55 176 
55 220 
55 235 
55 243 
55 301 
55 341 
55 379 
55 389 
55 395 
55 430 
55 434 
55 453 
55 477 
55 493 
56 64 
56 110 
56 112 
56 113 
56 114 
56 115 
56 116 
56 117 
56 125 
56 129 
56 130 
56 142 
56 158 
56 165 
56 187 
56 210 
56 247 
56 277 
56 297 
56 301 
56 305 
56 335 
56 340 
56 354 
56 383 
56 405 
56 436 
56 469 
56 478 
57 77 
57 447 
58 71 
58 99 
58 110 
58 124 
58 165 
58 193 
58 384 
58 408 
58 433 
58 448 
58 466 
59 76 
59 295 
60 71 
60 129 
60 142 
60 217 
60 402 
61 93 
61 94 
61 107 
61 123 
61 234 
61 265 
61 329 
61 331 
61 334 
61 358 
61 412 
62 145 
62 161 
62 219 
62 238 
62 361 
63 157 
63 399 
64 77 
64 82 
64 139 
64 153 
64 173 
64 186 
64 193 
64 211 
64 233 
64 388 
64 407 
65 335 
65 378 
65 392 
66 182 
66 197 
66 241 
66 365 
67 89 
67 111 
67 155 
67 177 
67 183 
67 345 
68 94 
68 121 
68 172 
68 246 
68 357 
68 406 
69 83 
69 103 
69 104 
69 120 
69 148 
69 168 
69 199 
69 225 
69 256 
69 280 
69 294 
69 400 
69 468 
70 81 
70 122 
71 251 
71 265 
72 73 
72 138 
72 174 
72 284 
72 290 
72 339 
72 430 
72 495 
73 403 
74 187 
74 188 
74 242 
74 259 
74 445 
75 84 
75 148 
75 166 
75 186 
75 248 
75 473 
76 497 
77 136 
77 163 
77 303 
77 350 
77 488 
78 90 
78 97 
78 109 
78 300 
78 470 
79 229 
80 84 
80 131 
80 306 
80 312 
80 317 
80 321 
80 350 
80 370 
80 378 
80 428 
81 92 
81 357 
81 400 
82 135 
82 168 
82 204 
82 221 
82 269 
82 433 
82 480 
83 86 
83 112 
83 149 
83 212 
84 333 
84 427 
86 89 
86 104 
86 274 
86 279 
86 377 
86 442 
87 88 
87 118 
87 134 
87 151 
87 156 
87 185 
87 239 
87 240 
87 241 
87 242 
87 317 
87 329 
87 484 
87 489 
88 145 
88 150 
88 259 
88 300 
88 327 
89 252 
89 284 
90 121 
90 224 
90 440 
90 449 
90 480 
91 146 
91 215 
91 249 
91 275 
91 303 
91 359 
91 396 
91 398 
91 441 
91 469 
92 95 
92 100 
92 117 
92 225 
92 389 
92 448 
92 469 
93 101 
93 107 
93 130 
93 148 
93 152 
93 245 
93 248 
93 271 
93 307 
93 351 
93 354 
93 428 
93 439 
93 478 
94 110 
94 115 
94 197 
94 313 
94 408 
94 475 
94 488 
95 172 
95 313 
95 448 
96 180 
96 190 
96 229 
96 465 
97 113 
97 137 
97 208 
97 250 
97 266 
97 326 
97 370 
98 108 
98 261 
98 419 
98 485 
99 129 
99 162 
99 190 
99 227 
99 412 
99 446 
100 174 
100 273 
100 447 
101 121 
101 143 
101 172 
101 200 
101 206 
101 371 
102 189 
102 309 
102 311 
102 496 
103 151 
103 257 
103 334 
103 386 
103 477 
104 106 
104 158 
104 255 
104 278 
104 287 
104 292 
104 391 
104 418 
104 427 
104 482 
105 120 
105 135 
105 199 
105 220 
105 263 
105 322 
105 407 
106 111 
106 137 
106 375 
107 119 
107 194 
107 223 
107 382 
107 437 
107 467 
107 495 
108 144 
108 175 
108 237 
108 278 
108 287 
108 390 
109 385 
110 147 
110 188 
110 198 
110 239 
110 387 
110 392 
110 437 
110 454 
110 463 
111 275 
112 292 
112 391 
113 162 
113 398 
113 428 
114 117 
114 177 
114 319 
115 340 
115 445 
115 451 
116 170 
116 253 
116 313 
116 319 
116 352 
116 361 
116 363 
116 372 
116 417 
116 429 
116 460 
118 121 
118 163 
118 249 
118 286 
118 330 
118 337 
118 354 
118 388 
118 413 
119 126 
119 205 
119 235 
119 245 
119 307 
119 314 
119 315 
119 348 
119 390 
119 483 
119 493 
120 398 
121 305 
121 432 
122 169 
122 350 
122 403 
123 131 
123 242 
123 319 
123 450 
124 167 
124 196 
124 236 
124 253 
124 300 
124 303 
124 465 
124 486 
125 202 
125 207 
125 216 
125 325 
125 350 
125 356 
126 151 
126 160 
126 210 
127 149 
127 154 
127 159 
127 254 
127 272 
127 444 
128 254 
128 357 
128 397 
128 405 
129 244 
130 190 
130 277 
130 331 
131 141 
131 182 
132 230 
133 146 
133 150 
133 152 
133 198 
133 202 
133 352 
133 421 
133 440 
134 159 
134 175 
134 197 
134 223 
134 245 
134 262 
134 292 
134 312 
134 322 
134 335 
134 338 
134 391 
134 415 
134 438 
134 472 
135 189 
135 272 
136 156 
136 183 
136 309 
136 458 
137 310 
138 152 
138 299 
138 311 
138 406 
138 455 
139 416 
140 186 
140 215 
140 393 
141 340 
141 355 
142 214 
142 279 
142 295 
142 337 
142 459 
143 326 
143 339 
143 482 
144 221 
144 252 
145 240 
145 267 
146 191 
146 209 
146 243 
146 285 
146 444 
148 164 
148 247 
148 250 
148 286 
148 379 
149 209 
149 281 
149 299 
149 438 
149 471 
150 242 
150 468 
151 193 
151 195 
151 206 
151 222 
151 270 
151 353 
151 397 
151 446 
152 165 
152 214 
152 452 
153 176 
153 189 
153 333 
153 429 
154 226 
155 238 
155 321 
155 360 
155 369 
155 447 
157 261 
157 353 
160 164 
160 195 
160 291 
160 451 
160 468 
162 176 
162 276 
162 466 
163 181 
163 200 
163 230 
163 283 
163 285 
163 306 
163 308 
163 314 
163 336 
163 398 
163 483 
164 175 
164 226 
164 258 
164 337 
164 342 
164 355 
164 366 
164 464 
164 479 
165 195 
165 248 
165 304 
166 305 
166 308 
166 382 
168 317 
169 201 
169 217 
169 226 
169 244 
169 334 
169 385 
169 406 
170 253 
170 289 
170 344 
170 457 
171 231 
171 274 
171 299 
172 203 
172 224 
172 312 
173 199 
173 287 
173 289 
173 294 
173 405 
173 407 
173 411 
175 180 
175 284 
175 329 
175 409 
175 420 
175 461 
176 181 
176 325 
176 358 
177 271 
177 388 
178 418 
179 202 
179 234 
179 274 
179 458 
179 494 
179 495 
181 321 
182 217 
182 394 
182 481 
183 186 
183 286 
183 368 
185 368 
185 425 
185 428 
185 491 
186 231 
186 273 
187 260 
187 282 
189 196 
189 288 
189 396 
191 276 
191 435 
192 295 
193 202 
193 213 
193 214 
193 271 
194 320 
194 358 
194 404 
197 203 
197 299 
197 414 
198 272 
198 277 
198 324 
199 415 
200 240 
201 224 
201 483 
202 282 
202 452 
203 255 
203 281 
203 332 
204 235 
204 264 
204 280 
204 455 
204 462 
205 493 
206 244 
206 308 
206 316 
206 351 
206 401 
208 322 
209 213 
209 333 
210 485 
211 455 
212 285 
212 446 
214 219 
214 222 
214 393 
214 412 
215 248 
215 260 
215 290 
216 363 
217 238 
217 239 
217 261 
217 281 
217 382 
218 267 
218 302 
218 404 
218 420 
218 464 
218 472 
219 459 
220 263 
220 360 
221 228 
221 386 
222 294 
222 303 
222 360 
222 414 
222 467 
222 474 
223 486 
224 423 
225 238 
226 280 
226 338 
226 345 
226 348 
227 374 
227 385 
227 424 
227 455 
227 480 
228 366 
230 287 
230 447 
230 457 
230 497 
231 258 
231 266 
231 431 
232 336 
232 364 
232 485 
234 401 
234 427 
235 236 
235 318 
237 268 
237 269 
237 273 
238 263 
238 429 
239 489 
240 260 
241 338 
241 373 
241 473 
242 291 
242 416 
243 381 
246 390 
247 431 
248 341 
248 364 
249 365 
250 409 
251 254 
251 282 
251 304 
252 347 
252 389 
252 450 
252 475 
256 283 
256 314 
257 266 
257 268 
257 373 
257 481 
261 293 
261 325 
261 342 
261 461 
262 337 
262 379 
263 300 
263 366 
263 383 
263 421 
263 463 
264 310 
264 362 
265 359 
265 405 
265 441 
266 327 
266 355 
266 435 
266 477 
267 343 
268 324 
269 302 
270 315 
270 374 
270 404 
271 404 
271 496 
272 296 
274 478 
274 491 
277 371 
277 387 
278 347 
278 349 
278 353 
278 417 
279 315 
279 408 
279 437 
280 370 
282 484 
284 344 
284 412 
285 348 
285 353 
285 497 
286 348 
287 318 
287 380 
287 456 
289 497 
290 306 
290 323 
291 296 
293 422 
293 465 
294 456 
295 394 
295 484 
296 410 
299 304 
299 369 
302 323 
303 409 
303 460 
304 373 
304 452 
305 433 
306 325 
308 328 
309 499 
313 403 
313 446 
313 456 
315 343 
316 386 
316 416 
316 440 
319 394 
319 432 
322 345 
323 416 
323 436 
326 374 
327 362 
327 393 
328 354 
328 474 
330 422 
331 467 
332 390 
332 422 
332 471 
337 344 
337 358 
337 411 
337 431 
337 494 
340 396 
341 419 
343 367 
343 423 
343 473 
344 498 
345 425 
345 469 
346 352 
347 383 
347 409 
347 466 
348 399 
350 476 
351 402 
352 401 
354 410 
354 487 
355 376 
355 395 
356 368 
356 393 
356 397 
357 432 
358 360 
358 384 
358 413 
358 452 
361 487 
362 459 
363 441 
363 453 
363 498 
365 375 
367 381 
367 441 
367 442 
367 466 
368 372 
368 438 
373 376 
373 385 
373 427 
378 480 
381 387 
386 434 
386 498 
388 476 
391 407 
392 424 
392 433 
398 486 
399 490 
403 415 
410 499 
414 439 
414 453 
414 477 
419 488 
422 426 
425 439 
430 440 
430 458 
432 487 
440 462 
448 470 
451 476 
481 496 
489 491 
