false
false
500
1988
0 1 
0 3 
0 4 
0 5 
0 6 
0 7 
0 9 
0 10 
0 11 
0 12 
0 13 
0 19 
0 21 
0 24 
0 26 
0 29 
0 35 
0 40 
0 46 
0 47 
0 61 
0 64 
0 73 
0 81 
0 112 
0 115 
0 120 
0 122 
0 130 
0 133 
0 137 
0 142 
0 151 
0 157 
0 169 
0 184 
0 211 
0 212 
0 213 
0 229 
0 239 
0 253 
0 274 
0 275 
0 281 
0 288 
0 319 
0 322 
0 329 
0 332 
0 335 
0 339 
0 345 
0 358 
0 364 
0 400 
0 418 
0 428 
0 456 
0 462 
0 467 
0 478 
1 2 
1 4 
1 5 
1 7 
1 9 
1 10 
1 17 
1 20 
1 22 
1 29 
1 34 
1 37 
1 52 
1 59 
1 61 
1 62 
1 65 
1 67 
1 72 
1 79 
1 82 
1 83 
1 86 
1 99 
1 105 
1 110 
1 112 
1 117 
1 146 
1 156 
1 162 
1 172 
1 215 
1 216 
1 257 
1 270 
1 275 
1 318 
1 326 
1 335 
1 336 
1 369 
1 378 
1 384 
1 385 
1 426 
1 431 
1 444 
1 447 
1 454 
1 460 
1 468 
2 3 
2 4 
2 5 
2 6 
2 7 
2 8 
2 9 
2 10 
2 12 
2 15 
2 17 
2 18 
2 19 
2 20 
2 25 
2 26 
2 29 
2 35 
2 41 
2 45 
2 46 
2 48 
2 50 
2 53 
2 59 
2 62 
2 68 
2 74 
2 78 
2 87 
2 89 
2 98 
2 111 
2 119 
2 123 
2 127 
2 134 
2 136 
2 137 
2 140 
2 159 
2 162 
2 165 
2 174 
2 179 
2 180 
2 197 
2 203 
2 205 
2 209 
2 237 
2 250 
2 273 
2 281 
2 328 
2 337 
2 345 
2 404 
2 422 
2 442 
2 452 
2 458 
2 469 
3 4 
3 37 
3 43 
3 61 
3 78 
3 102 
3 107 
3 111 
3 114 
3 126 
3 128 
3 157 
3 171 
3 179 
3 227 
3 228 
3 242 
3 269 
3 397 
3 448 
3 449 
3 486 
4 5 
4 6 
4 8 
4 9 
4 11 
4 14 
4 15 
4 17 
4 18 
4 22 
4 23 
4 25 
4 26 
4 27 
4 28 
4 31 
4 34 
4 36 
4 45 
4 54 
4 56 
4 59 
4 62 
4 71 
4 72 
4 77 
4 86 
4 87 
4 90 
4 95 
4 102 
4 106 
4 107 
4 113 
4 114 
4 116 
4 121 
4 145 
4 148 
4 150 
4 152 
4 155 
4 156 
4 158 
4 160 
4 166 
4 178 
4 184 
4 186 
4 193 
4 199 
4 201 
4 210 
4 211 
4 220 
4 223 
4 224 
4 227 
4 228 
4 234 
4 245 
4 246 
4 260 
4 262 
4 269 
4 277 
4 280 
4 291 
4 300 
4 307 
4 316 
4 320 
4 323 
4 331 
4 335 
4 340 
4 346 
4 369 
4 381 
4 398 
4 423 
4 430 
4 436 
4 444 
4 445 
4 447 
4 463 
4 467 
4 472 
4 474 
4 494 
5 6 
5 11 
5 12 
5 21 
5 31 
5 38 
5 48 
5 57 
5 58 
5 60 
5 67 
5 78 
5 84 
5 114 
5 115 
5 117 
5 141 
5 144 
5 165 
5 169 
5 186 
5 204 
5 211 
5 221 
5 223 
5 245 
5 249 
5 255 
5 332 
5 372 
5 385 
5 406 
5 407 
5 420 
5 447 
5 453 
5 490 
6 7 
6 8 
6 10 
6 11 
6 16 
6 24 
6 28 
6 34 
6 38 
6 63 
6 66 
6 68 
6 70 
6 75 
6 78 
6 83 
6 89 
6 95 
6 108 
6 120 
6 128 
6 131 
6 136 
6 163 
6 180 
6 187 
6 196 
6 200 
6 216 
6 230 
6 236 
6 242 
6 262 
6 263 
6 266 
6 275 
6 286 
6 300 
6 307 
6 326 
6 357 
6 366 
6 420 
6 426 
6 444 
7 8 
7 14 
7 16 
7 17 
7 20 
7 31 
7 58 
7 65 
7 68 
7 69 
7 70 
7 79 
7 81 
7 83 
7 96 
7 103 
7 136 
7 141 
7 147 
7 148 
7 153 
7 161 
7 166 
7 170 
7 178 
7 205 
7 216 
7 217 
7 222 
7 233 
7 241 
7 244 
7 252 
7 273 
7 278 
7 287 
7 299 
7 320 
7 336 
7 350 
7 365 
7 366 
7 369 
7 370 
7 381 
7 388 
7 392 
7 423 
7 425 
7 439 
7 460 
8 13 
8 16 
8 23 
8 41 
8 57 
8 58 
8 67 
8 71 
8 105 
8 123 
8 173 
8 185 
8 224 
8 233 
8 234 
8 243 
8 293 
8 313 
8 421 
8 424 
9 13 
9 14 
9 20 
9 21 
9 23 
9 24 
9 25 
9 27 
9 30 
9 33 
9 35 
9 38 
9 39 
9 43 
9 44 
9 49 
9 51 
9 53 
9 63 
9 76 
9 84 
9 116 
9 121 
9 125 
9 152 
9 159 
9 168 
9 171 
9 194 
9 195 
9 225 
9 248 
9 260 
9 281 
9 344 
9 349 
9 370 
9 396 
9 399 
9 401 
9 426 
9 451 
9 464 
9 467 
10 12 
10 13 
10 15 
10 28 
10 32 
10 82 
10 97 
10 100 
10 109 
10 110 
10 119 
10 132 
10 139 
10 143 
10 159 
10 167 
10 170 
10 175 
10 176 
10 177 
10 215 
10 249 
10 269 
10 325 
10 354 
10 377 
10 408 
11 15 
11 16 
11 18 
11 19 
11 27 
11 39 
11 44 
11 53 
11 79 
11 86 
11 90 
11 93 
11 111 
11 133 
11 155 
11 157 
11 181 
11 213 
11 227 
11 235 
11 236 
11 241 
11 244 
11 245 
11 272 
11 282 
11 286 
11 290 
11 293 
11 301 
11 326 
11 327 
11 360 
11 361 
11 371 
11 484 
11 499 
12 32 
12 126 
12 236 
12 427 
13 14 
13 29 
13 44 
13 81 
13 293 
13 336 
13 352 
13 373 
13 380 
13 393 
13 397 
13 399 
13 463 
14 22 
14 42 
14 64 
14 72 
14 76 
14 141 
14 158 
14 308 
14 386 
14 413 
15 26 
15 35 
15 36 
15 42 
15 70 
15 74 
15 91 
15 97 
15 108 
15 109 
15 130 
15 182 
15 203 
15 210 
15 225 
15 249 
15 261 
15 274 
15 279 
15 291 
15 292 
15 302 
15 306 
15 324 
15 327 
15 330 
15 414 
16 18 
16 37 
16 40 
16 47 
16 62 
16 74 
16 99 
16 194 
16 204 
16 228 
16 283 
16 344 
17 34 
17 40 
17 154 
17 172 
17 173 
17 187 
17 209 
17 222 
17 287 
17 295 
17 301 
17 334 
17 362 
17 487 
18 19 
18 27 
18 41 
18 42 
18 51 
18 89 
18 92 
18 100 
18 102 
18 112 
18 146 
18 263 
18 265 
18 266 
18 267 
18 274 
18 294 
18 312 
18 317 
18 323 
18 325 
18 346 
18 391 
18 416 
18 427 
19 21 
19 22 
19 30 
19 32 
19 33 
19 56 
19 85 
19 87 
19 88 
19 103 
19 121 
19 135 
19 158 
19 163 
19 198 
19 243 
19 252 
19 268 
19 289 
19 311 
19 331 
19 341 
19 367 
19 368 
19 419 
19 487 
20 24 
20 32 
20 33 
20 45 
20 124 
20 150 
20 202 
20 377 
20 413 
20 476 
20 494 
21 23 
21 54 
21 56 
21 59 
21 60 
21 82 
21 93 
21 101 
21 103 
21 124 
21 192 
21 198 
21 205 
21 206 
21 218 
21 232 
21 290 
21 443 
22 40 
22 46 
22 76 
22 88 
22 107 
22 121 
22 122 
22 131 
22 132 
22 160 
22 164 
22 173 
22 183 
22 187 
22 188 
22 279 
22 295 
22 321 
22 387 
22 397 
22 415 
22 446 
22 471 
23 30 
23 31 
23 44 
23 48 
23 51 
23 73 
23 76 
23 80 
23 101 
23 105 
23 106 
23 140 
23 154 
23 167 
23 202 
23 207 
23 236 
23 241 
23 254 
23 260 
23 338 
23 362 
23 403 
24 25 
24 28 
24 30 
24 46 
24 50 
24 54 
24 80 
24 86 
24 98 
24 99 
24 178 
24 183 
24 277 
24 321 
24 338 
24 342 
24 379 
24 436 
24 452 
24 456 
24 479 
24 480 
25 36 
25 45 
25 47 
25 50 
25 63 
25 69 
25 129 
25 150 
25 162 
25 163 
25 180 
25 198 
25 219 
25 231 
25 254 
25 270 
25 284 
25 316 
25 318 
25 319 
25 324 
25 374 
25 408 
25 460 
25 471 
25 486 
25 498 
26 43 
26 80 
26 118 
26 134 
26 487 
27 52 
27 66 
27 131 
27 137 
27 138 
27 166 
27 196 
27 207 
27 291 
27 356 
27 377 
27 403 
27 411 
27 449 
28 49 
28 97 
28 106 
28 115 
28 151 
28 161 
28 208 
28 255 
28 264 
28 266 
28 273 
28 277 
28 298 
28 413 
28 446 
28 466 
28 480 
29 199 
29 256 
29 267 
29 271 
29 341 
29 365 
30 36 
30 55 
30 57 
30 60 
30 68 
30 69 
30 168 
30 179 
30 185 
30 195 
30 232 
30 243 
30 244 
30 259 
30 279 
30 364 
30 370 
30 432 
30 440 
30 482 
31 47 
31 52 
31 79 
31 127 
31 143 
31 149 
31 164 
31 176 
31 223 
31 278 
31 297 
31 309 
31 311 
31 402 
32 33 
32 39 
32 71 
32 181 
33 37 
33 90 
33 237 
33 246 
33 258 
33 303 
33 378 
33 391 
33 429 
33 453 
33 483 
33 490 
34 38 
34 43 
34 85 
34 94 
34 100 
34 111 
34 126 
34 130 
34 174 
34 183 
34 184 
34 189 
34 190 
34 195 
34 224 
34 259 
34 292 
34 319 
34 350 
34 428 
34 457 
35 48 
35 67 
35 69 
35 71 
35 77 
35 134 
35 180 
35 193 
35 196 
35 238 
35 247 
35 288 
35 303 
35 314 
35 317 
35 332 
35 348 
35 353 
35 365 
35 440 
36 39 
36 49 
36 92 
36 217 
36 250 
36 253 
36 337 
36 338 
36 351 
36 389 
36 427 
36 437 
37 49 
37 72 
37 89 
37 94 
37 186 
37 221 
37 257 
37 341 
37 366 
37 381 
37 384 
37 430 
37 489 
38 91 
38 118 
38 135 
38 140 
38 176 
38 220 
38 238 
38 262 
38 283 
38 304 
38 402 
39 41 
39 57 
39 64 
39 95 
39 98 
39 112 
39 117 
39 163 
39 168 
39 194 
39 218 
39 220 
39 265 
39 401 
39 439 
39 486 
41 42 
41 52 
41 73 
41 82 
41 145 
41 149 
41 208 
41 304 
41 370 
41 416 
41 422 
42 84 
42 104 
42 148 
42 158 
42 211 
42 271 
42 295 
42 311 
42 322 
44 51 
44 53 
44 63 
44 66 
44 74 
44 107 
44 233 
44 276 
44 299 
44 342 
44 383 
45 50 
45 55 
45 105 
45 116 
45 238 
45 286 
45 308 
46 66 
46 188 
46 398 
46 403 
47 55 
47 56 
47 85 
47 116 
47 133 
47 142 
47 161 
47 178 
47 247 
47 293 
47 308 
47 356 
47 363 
47 415 
47 488 
48 61 
48 171 
48 227 
48 240 
48 275 
48 321 
49 91 
49 328 
49 395 
49 423 
50 58 
50 113 
50 161 
50 310 
50 405 
50 459 
51 85 
51 128 
51 129 
51 191 
51 308 
51 393 
52 55 
52 75 
52 93 
52 94 
52 151 
52 203 
52 231 
52 266 
52 271 
52 334 
52 353 
52 396 
52 398 
52 402 
52 459 
53 54 
53 139 
53 357 
53 474 
53 495 
54 64 
54 83 
54 94 
54 166 
54 251 
54 303 
54 361 
54 364 
54 401 
54 429 
54 450 
54 462 
55 102 
55 369 
55 422 
56 91 
56 115 
56 138 
56 144 
56 160 
56 182 
56 198 
56 215 
56 345 
57 60 
57 65 
57 129 
57 303 
57 313 
57 340 
58 96 
58 122 
58 156 
58 175 
58 197 
58 358 
58 452 
58 474 
58 489 
58 495 
59 84 
59 201 
59 289 
59 410 
59 414 
60 80 
60 100 
60 123 
60 170 
60 234 
60 247 
60 251 
60 408 
60 438 
61 65 
61 77 
61 98 
61 110 
61 127 
61 167 
61 169 
61 192 
61 206 
61 219 
61 230 
61 235 
61 278 
61 311 
61 339 
61 360 
61 388 
61 412 
62 190 
62 435 
63 81 
63 214 
64 75 
64 126 
64 137 
64 138 
64 263 
64 306 
64 483 
65 70 
65 92 
65 190 
65 259 
65 469 
65 488 
66 150 
66 194 
66 197 
66 225 
66 302 
66 318 
66 331 
66 432 
66 471 
67 99 
67 109 
67 146 
67 219 
67 256 
67 269 
67 340 
67 471 
67 493 
68 75 
68 122 
68 200 
68 371 
68 404 
68 412 
69 97 
69 135 
69 147 
69 201 
69 221 
69 261 
69 282 
69 285 
69 385 
69 404 
70 73 
70 134 
70 177 
70 221 
70 253 
70 256 
70 298 
70 361 
70 365 
70 376 
70 416 
70 467 
71 455 
72 119 
72 162 
72 262 
72 436 
72 444 
73 88 
73 132 
73 273 
73 415 
73 470 
74 145 
74 155 
75 92 
75 201 
75 214 
75 376 
75 405 
75 418 
76 77 
76 283 
77 90 
77 104 
77 175 
77 177 
77 216 
77 270 
77 477 
78 87 
78 101 
78 191 
78 312 
78 375 
78 380 
78 382 
78 430 
78 482 
78 491 
79 95 
79 108 
79 144 
79 156 
79 257 
79 384 
79 419 
79 469 
80 131 
80 434 
81 88 
81 109 
81 153 
81 174 
81 230 
81 235 
81 292 
81 392 
81 461 
81 488 
81 499 
82 104 
82 140 
82 143 
82 153 
82 167 
82 172 
82 347 
82 356 
82 410 
82 465 
83 193 
83 249 
83 297 
83 347 
83 358 
84 128 
84 226 
84 239 
84 248 
84 252 
84 272 
84 378 
84 441 
85 199 
85 246 
85 272 
86 96 
86 120 
86 305 
86 331 
86 357 
86 381 
86 424 
87 202 
88 101 
88 168 
89 96 
89 208 
89 212 
89 265 
89 329 
89 348 
90 93 
90 114 
90 212 
90 225 
90 294 
90 305 
90 343 
90 416 
90 460 
91 103 
91 188 
91 255 
91 301 
91 329 
92 104 
92 108 
92 165 
92 268 
92 383 
92 461 
93 196 
93 296 
94 124 
94 125 
94 193 
94 226 
94 258 
94 264 
94 277 
94 290 
94 359 
94 432 
94 434 
94 461 
94 462 
95 296 
95 359 
95 384 
95 432 
95 470 
96 113 
96 125 
96 139 
96 176 
96 282 
96 314 
96 382 
96 457 
97 181 
97 287 
97 434 
97 450 
98 118 
98 142 
98 155 
98 234 
98 457 
98 488 
99 139 
99 159 
99 228 
99 306 
100 302 
100 497 
101 113 
101 276 
101 333 
102 119 
102 182 
102 240 
102 341 
102 431 
103 106 
103 123 
103 127 
103 149 
103 152 
103 195 
103 218 
103 238 
103 310 
103 315 
103 389 
103 446 
103 451 
103 472 
103 498 
104 110 
104 142 
104 154 
104 210 
104 246 
104 252 
104 259 
104 301 
104 320 
105 132 
105 254 
105 398 
106 183 
106 229 
106 485 
107 138 
107 330 
107 482 
108 135 
108 173 
108 248 
108 419 
108 492 
109 302 
110 144 
110 146 
110 267 
110 307 
110 315 
110 458 
110 484 
111 117 
112 179 
112 399 
113 129 
114 120 
114 426 
115 213 
115 319 
115 400 
115 420 
116 212 
116 217 
116 254 
116 351 
117 118 
117 124 
117 171 
117 231 
117 313 
117 361 
117 408 
117 441 
117 463 
117 479 
117 498 
118 470 
119 136 
119 243 
119 350 
119 485 
120 141 
120 187 
120 213 
120 226 
120 276 
120 312 
120 390 
120 492 
121 133 
121 153 
121 174 
121 222 
121 263 
121 473 
121 481 
121 492 
122 148 
122 151 
122 157 
122 165 
122 172 
122 235 
122 240 
122 439 
122 469 
123 185 
123 204 
123 226 
123 342 
124 125 
124 177 
124 367 
125 455 
126 231 
126 247 
126 347 
126 406 
127 375 
127 403 
129 130 
129 143 
129 192 
129 237 
129 265 
129 285 
129 289 
129 477 
130 160 
130 389 
131 147 
131 383 
131 407 
131 476 
132 170 
132 272 
132 374 
133 255 
134 145 
134 200 
134 219 
134 371 
136 147 
137 359 
137 493 
138 202 
139 390 
139 415 
140 253 
140 305 
141 152 
141 164 
141 287 
141 314 
141 368 
141 386 
141 473 
142 261 
143 164 
143 421 
143 425 
143 470 
144 223 
144 289 
144 296 
144 310 
144 451 
146 214 
146 239 
146 285 
146 333 
146 394 
146 448 
146 449 
147 149 
147 186 
147 189 
147 191 
147 322 
147 358 
148 188 
148 333 
149 315 
149 329 
149 383 
150 154 
150 169 
150 496 
151 367 
153 242 
153 418 
153 446 
154 232 
154 390 
155 189 
155 230 
155 284 
155 317 
155 353 
155 395 
156 220 
156 351 
156 436 
157 481 
159 428 
159 451 
160 185 
160 267 
160 354 
161 491 
162 318 
163 285 
163 288 
163 438 
163 445 
163 481 
164 300 
164 306 
164 330 
164 417 
165 276 
165 373 
166 347 
166 476 
167 281 
167 376 
167 405 
167 439 
167 448 
168 175 
168 206 
169 199 
169 214 
169 312 
169 339 
169 380 
170 332 
170 352 
171 182 
171 217 
171 239 
171 431 
171 449 
172 209 
172 229 
172 261 
172 299 
173 207 
173 218 
173 342 
173 391 
174 192 
174 206 
174 215 
174 362 
175 191 
175 210 
176 389 
176 394 
176 478 
177 184 
177 454 
178 189 
178 190 
178 208 
178 251 
179 197 
179 297 
179 442 
180 181 
180 224 
180 274 
180 320 
180 374 
180 376 
180 445 
180 458 
181 299 
182 300 
182 406 
182 413 
183 442 
184 279 
184 283 
184 421 
185 204 
185 345 
185 473 
185 484 
185 493 
186 268 
186 295 
186 348 
186 350 
186 433 
186 473 
187 205 
187 284 
187 349 
188 378 
188 390 
189 310 
189 368 
191 244 
191 250 
191 298 
191 393 
191 437 
191 472 
192 294 
192 309 
193 344 
193 367 
194 200 
196 209 
196 222 
196 286 
196 323 
196 414 
196 420 
197 251 
197 335 
197 362 
197 373 
198 207 
198 270 
198 298 
198 356 
198 434 
198 447 
200 359 
200 419 
200 450 
201 203 
201 321 
201 333 
202 232 
202 237 
202 256 
202 360 
202 440 
202 441 
202 455 
203 264 
203 288 
203 323 
203 325 
203 343 
203 454 
204 257 
207 498 
208 363 
208 423 
208 461 
208 468 
209 317 
209 328 
209 346 
209 374 
209 468 
210 290 
210 334 
211 305 
211 313 
211 466 
212 325 
213 233 
213 379 
213 422 
214 280 
215 241 
215 280 
215 363 
215 400 
215 468 
216 242 
216 250 
216 375 
217 324 
217 409 
217 441 
217 443 
220 245 
221 351 
222 499 
224 258 
224 304 
224 346 
225 385 
225 417 
226 379 
226 456 
227 229 
227 248 
228 411 
230 387 
230 453 
230 496 
231 240 
231 260 
233 476 
235 304 
235 349 
237 326 
237 327 
237 380 
237 466 
238 372 
239 338 
240 340 
240 353 
240 409 
240 453 
241 492 
242 291 
242 407 
242 497 
244 258 
244 309 
244 377 
244 407 
244 425 
244 438 
244 443 
245 271 
246 264 
247 387 
248 357 
248 379 
248 437 
249 284 
250 435 
252 315 
253 355 
254 280 
254 364 
255 479 
256 316 
256 336 
256 344 
257 268 
259 433 
260 282 
260 297 
260 349 
260 410 
260 478 
260 497 
261 405 
261 409 
261 480 
262 278 
262 296 
263 316 
264 397 
266 417 
267 309 
267 373 
268 462 
269 393 
271 343 
271 388 
271 481 
272 395 
273 495 
274 435 
274 499 
275 354 
275 477 
276 314 
276 371 
276 409 
280 360 
280 366 
283 401 
283 497 
284 339 
285 292 
285 328 
285 386 
285 396 
285 477 
286 294 
286 307 
287 464 
289 424 
290 491 
291 475 
291 485 
292 391 
292 442 
293 327 
293 386 
293 478 
294 343 
294 355 
294 375 
294 425 
294 429 
294 475 
296 324 
296 421 
299 354 
299 472 
300 450 
302 334 
302 355 
304 352 
305 491 
309 414 
309 433 
311 322 
311 399 
312 368 
313 337 
313 429 
314 352 
314 372 
314 465 
315 427 
315 443 
316 382 
318 388 
318 410 
318 474 
319 348 
319 455 
321 387 
324 454 
324 480 
325 475 
327 330 
327 489 
328 404 
328 430 
328 459 
329 440 
330 466 
332 337 
332 355 
332 363 
332 435 
338 400 
343 382 
348 493 
349 490 
359 395 
359 412 
360 372 
364 490 
369 406 
371 479 
373 452 
377 431 
378 394 
378 396 
380 424 
381 392 
381 464 
381 494 
383 483 
384 392 
385 411 
386 438 
386 484 
387 428 
387 483 
388 394 
391 458 
391 465 
392 412 
393 448 
394 418 
395 402 
403 482 
405 411 
409 417 
415 494 
416 437 
418 433 
418 459 
424 463 
428 496 
432 457 
433 445 
434 489 
442 496 
443 464 
445 486 
448 465 
450 456 
457 487 
462 485 
472 475 
485 495 
