false
false
500
1988
0 1 
0 3 
0 4 
0 5 
0 7 
0 10 
0 11 
0 15 
0 16 
0 17 
0 20 
0 21 
0 22 
0 27 
0 28 
0 32 
0 33 
0 34 
0 42 
0 46 
0 48 
0 52 
0 57 
0 61 
0 67 
0 71 
0 74 
0 80 
0 81 
0 83 
0 84 
0 100 
0 104 
0 105 
0 132 
0 139 
0 147 
0 148 
0 150 
0 153 
0 154 
0 158 
0 163 
0 166 
0 176 
0 177 
0 181 
0 186 
0 188 
0 190 
0 197 
0 198 
0 199 
0 205 
0 217 
0 244 
0 261 
0 266 
0 268 
0 275 
0 280 
0 295 
0 311 
0 316 
0 325 
0 329 
0 348 
0 351 
0 357 
0 370 
0 374 
0 386 
0 391 
0 392 
0 417 
0 423 
0 425 
0 433 
0 445 
0 451 
0 485 
1 2 
1 4 
1 5 
1 8 
1 9 
1 12 
1 15 
1 19 
1 24 
1 29 
1 35 
1 39 
1 46 
1 51 
1 60 
1 63 
1 74 
1 76 
1 78 
1 79 
1 87 
1 93 
1 94 
1 103 
1 107 
1 118 
1 121 
1 122 
1 134 
1 145 
1 151 
1 156 
1 161 
1 191 
1 233 
1 248 
1 261 
1 264 
1 274 
1 301 
1 313 
1 359 
1 477 
2 3 
2 4 
2 5 
2 6 
2 7 
2 8 
2 9 
2 10 
2 11 
2 12 
2 14 
2 16 
2 17 
2 18 
2 19 
2 24 
2 25 
2 26 
2 30 
2 32 
2 36 
2 41 
2 46 
2 48 
2 50 
2 51 
2 53 
2 55 
2 56 
2 58 
2 59 
2 70 
2 74 
2 75 
2 81 
2 92 
2 95 
2 99 
2 106 
2 108 
2 112 
2 115 
2 116 
2 119 
2 138 
2 140 
2 141 
2 144 
2 147 
2 148 
2 155 
2 156 
2 158 
2 163 
2 165 
2 171 
2 177 
2 179 
2 181 
2 182 
2 208 
2 211 
2 214 
2 217 
2 223 
2 232 
2 234 
2 235 
2 237 
2 241 
2 267 
2 271 
2 274 
2 277 
2 283 
2 289 
2 318 
2 321 
2 343 
2 346 
2 353 
2 369 
2 373 
2 375 
2 382 
2 389 
2 410 
2 414 
2 419 
2 424 
2 430 
2 457 
2 464 
2 495 
2 497 
3 4 
3 6 
3 7 
3 9 
3 12 
3 24 
3 31 
3 60 
3 63 
3 80 
3 84 
3 101 
3 126 
3 146 
3 178 
3 206 
3 213 
3 215 
3 241 
3 253 
3 260 
3 271 
3 285 
3 287 
3 299 
3 307 
3 359 
3 430 
3 433 
3 476 
3 483 
3 493 
4 5 
4 6 
4 7 
4 8 
4 10 
4 13 
4 15 
4 17 
4 20 
4 21 
4 23 
4 25 
4 28 
4 29 
4 36 
4 38 
4 44 
4 48 
4 69 
4 70 
4 72 
4 79 
4 88 
4 93 
4 96 
4 114 
4 120 
4 125 
4 156 
4 161 
4 185 
4 186 
4 192 
4 209 
4 220 
4 221 
4 239 
4 263 
4 264 
4 272 
4 281 
4 288 
4 328 
4 354 
4 380 
4 384 
4 395 
4 396 
4 398 
4 408 
4 409 
4 437 
4 441 
4 443 
4 459 
4 472 
4 473 
4 480 
5 6 
5 11 
5 14 
5 23 
5 33 
5 35 
5 39 
5 40 
5 85 
5 88 
5 107 
5 131 
5 187 
5 206 
5 229 
5 248 
5 258 
5 273 
5 284 
5 289 
5 308 
5 315 
5 331 
5 340 
5 399 
5 434 
5 453 
5 474 
6 13 
6 14 
6 25 
6 27 
6 38 
6 45 
6 48 
6 50 
6 54 
6 62 
6 65 
6 66 
6 106 
6 107 
6 113 
6 117 
6 130 
6 132 
6 138 
6 150 
6 167 
6 183 
6 190 
6 200 
6 224 
6 247 
6 260 
6 264 
6 273 
6 277 
6 297 
6 327 
6 333 
6 346 
6 354 
6 366 
6 386 
6 390 
6 393 
6 418 
6 450 
6 477 
6 490 
7 8 
7 9 
7 11 
7 13 
7 17 
7 20 
7 24 
7 32 
7 34 
7 39 
7 43 
7 81 
7 82 
7 85 
7 103 
7 116 
7 136 
7 142 
7 146 
7 174 
7 180 
7 194 
7 207 
7 211 
7 216 
7 219 
7 227 
7 258 
7 278 
7 286 
7 297 
7 301 
7 315 
7 327 
7 350 
7 356 
7 385 
7 422 
7 494 
8 21 
8 26 
8 30 
8 39 
8 59 
8 64 
8 71 
8 97 
8 105 
8 106 
8 114 
8 120 
8 131 
8 132 
8 133 
8 137 
8 144 
8 189 
8 219 
8 221 
8 224 
8 288 
8 312 
8 315 
8 361 
8 363 
8 407 
8 420 
9 10 
9 12 
9 13 
9 30 
9 44 
9 60 
9 71 
9 78 
9 84 
9 128 
9 133 
9 137 
9 175 
9 181 
9 196 
9 211 
9 220 
9 276 
9 302 
9 304 
9 331 
9 339 
9 376 
9 383 
9 496 
10 14 
10 18 
10 21 
10 49 
10 55 
10 56 
10 76 
10 90 
10 96 
10 101 
10 113 
10 160 
10 171 
10 184 
10 195 
10 219 
10 335 
10 364 
10 406 
10 417 
10 465 
10 492 
11 19 
11 22 
11 27 
11 29 
11 30 
11 62 
11 75 
11 90 
11 95 
11 99 
11 125 
11 135 
11 160 
11 165 
11 172 
11 187 
11 234 
11 257 
11 276 
11 303 
11 349 
11 371 
11 394 
11 445 
11 464 
11 465 
12 16 
12 18 
12 34 
12 42 
12 47 
12 68 
12 74 
12 77 
12 93 
12 96 
12 114 
12 127 
12 142 
12 203 
12 214 
12 216 
12 243 
12 244 
12 267 
12 291 
12 338 
12 367 
12 369 
12 460 
12 486 
12 492 
13 41 
13 65 
13 92 
13 94 
13 108 
13 161 
13 263 
13 297 
13 321 
13 348 
13 377 
13 393 
14 15 
14 20 
14 26 
14 35 
14 45 
14 47 
14 54 
14 61 
14 67 
14 102 
14 103 
14 117 
14 127 
14 143 
14 152 
14 175 
14 177 
14 184 
14 189 
14 198 
14 270 
14 488 
14 493 
15 16 
15 22 
15 23 
15 28 
15 31 
15 33 
15 37 
15 59 
15 112 
15 124 
15 137 
15 181 
15 202 
15 228 
15 248 
15 281 
15 317 
15 322 
15 359 
15 391 
15 399 
15 455 
15 456 
15 498 
16 19 
16 27 
16 29 
16 31 
16 42 
16 46 
16 53 
16 64 
16 73 
16 98 
16 123 
16 129 
16 166 
16 246 
16 249 
16 282 
16 390 
16 400 
16 430 
16 432 
16 468 
16 484 
16 495 
17 18 
17 32 
17 38 
17 54 
17 91 
17 140 
17 145 
17 148 
17 169 
17 187 
17 242 
17 286 
17 290 
17 350 
17 363 
17 373 
17 392 
17 403 
17 421 
17 454 
17 462 
17 490 
18 44 
18 76 
18 120 
18 137 
18 155 
18 179 
18 224 
18 237 
18 244 
18 293 
18 356 
18 373 
18 393 
18 418 
18 448 
19 49 
19 76 
19 98 
19 134 
19 155 
19 157 
19 213 
19 233 
19 405 
19 426 
20 23 
20 25 
20 41 
20 102 
20 203 
20 342 
20 361 
20 363 
20 368 
20 392 
20 394 
20 490 
21 22 
21 28 
21 33 
21 36 
21 40 
21 42 
21 49 
21 61 
21 63 
21 75 
21 79 
21 95 
21 111 
21 122 
21 127 
21 151 
21 167 
21 193 
21 216 
21 285 
21 317 
21 330 
21 333 
21 348 
21 368 
21 369 
21 446 
21 449 
21 479 
22 31 
22 52 
22 100 
22 135 
22 166 
22 179 
22 243 
22 310 
22 338 
22 420 
22 468 
22 498 
23 34 
23 37 
23 62 
23 86 
23 115 
23 118 
23 145 
23 182 
23 206 
23 223 
23 226 
23 288 
23 309 
23 359 
23 384 
23 438 
23 448 
23 458 
24 26 
24 43 
24 44 
24 50 
24 68 
24 85 
24 101 
24 131 
24 133 
24 138 
24 143 
24 150 
24 195 
24 201 
24 230 
24 236 
24 385 
24 442 
25 47 
25 60 
25 272 
25 298 
25 319 
25 402 
25 422 
25 423 
25 439 
25 463 
25 476 
26 45 
26 58 
26 59 
26 66 
26 87 
26 110 
26 112 
26 168 
26 171 
26 246 
26 308 
26 352 
26 387 
26 450 
26 455 
26 465 
26 498 
27 36 
27 51 
27 52 
27 56 
27 69 
27 82 
27 392 
28 35 
28 54 
28 55 
28 61 
28 73 
28 79 
28 80 
28 82 
28 115 
28 132 
28 140 
28 164 
28 169 
28 172 
28 223 
28 262 
28 265 
28 276 
28 357 
28 376 
28 401 
28 403 
28 429 
28 472 
28 480 
29 40 
29 49 
29 94 
29 97 
29 113 
29 130 
29 337 
29 347 
29 406 
29 475 
30 69 
30 86 
30 89 
30 129 
30 134 
30 155 
30 168 
30 200 
30 217 
30 218 
30 225 
30 233 
30 296 
30 301 
30 310 
30 322 
30 326 
30 364 
30 378 
30 400 
30 411 
30 412 
30 422 
30 428 
30 481 
31 52 
31 57 
31 77 
31 83 
31 91 
31 102 
31 111 
31 114 
31 147 
31 169 
31 174 
31 189 
31 210 
31 286 
31 292 
31 356 
31 396 
31 437 
31 463 
31 471 
31 495 
32 43 
32 57 
32 64 
32 89 
32 91 
32 102 
32 108 
32 402 
32 434 
33 146 
33 182 
33 219 
33 249 
33 342 
34 37 
34 40 
34 94 
34 173 
34 225 
34 332 
34 389 
34 410 
34 427 
35 37 
35 50 
35 71 
35 100 
35 121 
35 122 
35 165 
35 251 
35 471 
36 45 
36 53 
36 62 
36 65 
36 66 
36 68 
36 77 
36 98 
36 107 
36 109 
36 139 
36 141 
36 151 
36 158 
36 166 
36 223 
36 228 
36 231 
36 232 
36 249 
36 271 
36 282 
36 301 
36 321 
36 339 
36 361 
36 363 
36 366 
36 370 
36 379 
36 382 
36 393 
36 440 
36 443 
36 464 
36 468 
36 492 
36 494 
37 38 
37 51 
37 70 
37 89 
37 141 
37 177 
37 268 
37 383 
37 417 
37 476 
38 41 
38 66 
38 122 
38 415 
38 468 
39 53 
39 57 
39 72 
39 312 
39 352 
39 478 
40 63 
40 147 
40 151 
40 364 
40 409 
40 451 
41 43 
41 47 
41 56 
41 67 
41 84 
41 99 
41 173 
41 215 
41 315 
41 317 
41 319 
41 401 
41 423 
41 465 
42 88 
42 106 
42 207 
42 224 
42 499 
43 68 
43 125 
43 126 
43 238 
43 242 
44 58 
44 105 
44 133 
44 149 
44 185 
44 192 
44 208 
44 218 
44 314 
44 381 
44 398 
45 58 
45 69 
45 111 
45 112 
45 159 
45 211 
45 212 
45 220 
45 250 
45 360 
45 369 
45 386 
45 424 
45 453 
47 110 
47 123 
47 161 
47 261 
47 310 
47 338 
47 377 
47 421 
47 439 
48 55 
48 72 
48 73 
48 121 
48 138 
48 154 
48 201 
48 205 
48 425 
48 426 
49 78 
49 362 
50 123 
50 172 
50 251 
50 252 
50 293 
50 344 
50 399 
50 462 
51 311 
51 371 
52 65 
52 75 
52 78 
52 80 
52 83 
52 174 
52 210 
52 277 
52 291 
52 300 
52 333 
52 336 
52 366 
52 374 
52 375 
52 401 
52 455 
53 253 
54 93 
55 141 
55 192 
55 218 
55 240 
55 311 
56 115 
56 191 
56 199 
56 204 
56 222 
56 231 
56 256 
56 290 
56 350 
56 370 
57 67 
57 118 
57 126 
57 154 
57 254 
57 257 
57 474 
58 64 
58 92 
58 120 
58 186 
58 194 
58 207 
58 242 
58 253 
58 303 
58 317 
58 404 
59 81 
59 101 
59 149 
59 383 
59 412 
59 420 
59 478 
61 97 
61 98 
61 143 
61 349 
62 268 
62 296 
63 326 
64 86 
64 92 
64 95 
64 105 
64 231 
64 250 
64 304 
64 318 
64 474 
64 481 
64 491 
65 157 
65 194 
65 403 
66 103 
66 159 
66 174 
66 202 
66 204 
66 239 
66 332 
66 377 
66 442 
67 70 
67 72 
67 87 
67 89 
67 104 
67 130 
67 225 
67 227 
67 254 
67 284 
67 310 
67 316 
67 374 
67 381 
67 411 
68 77 
68 136 
68 175 
68 387 
69 111 
69 152 
69 183 
69 268 
69 330 
69 388 
69 454 
69 474 
70 160 
70 196 
70 200 
70 216 
70 245 
70 330 
70 353 
70 493 
71 142 
71 281 
72 73 
72 183 
72 197 
73 83 
73 284 
73 322 
73 461 
74 85 
74 109 
74 127 
74 195 
74 206 
74 236 
75 413 
76 87 
76 110 
76 144 
76 148 
76 213 
76 254 
76 283 
76 289 
76 427 
77 82 
77 123 
77 173 
77 227 
77 232 
77 395 
77 435 
77 452 
77 472 
77 481 
78 145 
79 113 
79 168 
79 204 
79 212 
79 266 
79 288 
79 304 
79 337 
79 341 
79 389 
79 453 
80 126 
80 129 
80 158 
80 162 
80 178 
80 191 
80 236 
80 269 
80 278 
80 414 
80 485 
81 117 
81 203 
81 287 
81 372 
81 431 
82 170 
82 397 
83 86 
83 91 
83 96 
83 97 
83 110 
83 136 
83 314 
83 419 
83 458 
83 484 
84 153 
84 444 
86 88 
86 99 
86 109 
86 119 
86 328 
86 360 
86 383 
86 387 
86 398 
86 399 
86 499 
87 90 
87 104 
87 178 
87 222 
87 282 
87 309 
87 314 
87 320 
87 432 
88 90 
88 121 
88 255 
88 264 
88 298 
88 397 
88 422 
88 435 
89 170 
89 209 
89 238 
89 263 
89 296 
89 413 
89 434 
89 467 
90 119 
90 139 
90 163 
90 185 
90 267 
90 270 
90 426 
91 124 
91 256 
92 196 
92 215 
93 108 
93 128 
93 180 
93 195 
93 225 
93 243 
93 261 
93 300 
93 350 
93 351 
93 439 
93 475 
94 323 
96 187 
96 269 
96 303 
96 413 
97 100 
97 128 
97 176 
97 259 
97 365 
98 135 
98 176 
98 243 
98 306 
98 308 
98 325 
98 488 
99 124 
99 142 
99 189 
99 193 
99 328 
99 385 
99 441 
100 162 
100 205 
100 371 
100 380 
101 104 
101 109 
101 144 
101 149 
101 164 
101 464 
102 185 
102 193 
102 210 
102 278 
102 309 
102 384 
102 429 
103 116 
103 197 
103 424 
103 444 
103 445 
104 129 
104 167 
104 320 
104 365 
105 128 
105 152 
105 159 
105 178 
105 184 
105 221 
105 234 
105 241 
105 356 
105 358 
105 406 
105 432 
105 450 
106 135 
106 154 
106 163 
106 176 
106 283 
106 355 
107 152 
107 188 
107 482 
109 200 
109 292 
109 294 
109 306 
109 312 
110 162 
110 252 
110 394 
111 169 
111 266 
111 293 
111 295 
111 336 
111 344 
111 348 
111 352 
111 497 
112 118 
112 229 
112 299 
112 389 
112 391 
112 402 
112 442 
112 481 
113 116 
113 208 
113 226 
113 253 
113 486 
114 250 
114 256 
114 275 
114 461 
115 117 
115 130 
115 150 
115 165 
115 197 
115 199 
115 245 
115 257 
115 280 
115 312 
115 417 
115 432 
116 119 
116 134 
116 140 
116 164 
116 204 
116 230 
116 239 
116 290 
116 295 
116 351 
116 428 
116 453 
117 199 
117 362 
118 212 
118 282 
118 298 
119 125 
119 167 
119 205 
119 283 
119 326 
119 329 
119 450 
120 136 
120 230 
120 239 
120 281 
120 347 
120 471 
120 483 
121 170 
121 173 
121 198 
121 335 
122 220 
122 248 
122 324 
122 494 
123 124 
123 170 
123 333 
123 436 
123 447 
123 459 
123 491 
124 227 
125 180 
125 184 
125 237 
125 258 
125 339 
126 131 
126 217 
126 338 
127 139 
127 245 
127 275 
127 291 
127 329 
127 345 
127 484 
128 192 
128 325 
128 355 
128 425 
129 160 
129 376 
129 448 
130 168 
130 171 
130 198 
130 362 
130 460 
131 190 
131 267 
131 439 
132 202 
132 322 
133 146 
133 258 
133 277 
133 331 
133 341 
134 271 
134 444 
135 143 
135 260 
135 327 
135 343 
135 478 
136 156 
136 228 
136 376 
136 415 
137 237 
137 238 
137 279 
137 311 
137 449 
137 457 
137 471 
138 153 
138 164 
139 213 
139 324 
141 172 
141 186 
141 290 
141 441 
142 231 
142 309 
142 381 
142 410 
143 179 
143 491 
144 430 
145 305 
145 456 
145 477 
146 175 
146 265 
147 149 
147 157 
147 188 
147 202 
147 214 
147 295 
147 358 
147 404 
148 274 
148 457 
148 487 
149 351 
149 434 
150 153 
150 196 
150 294 
150 449 
151 157 
151 255 
151 314 
152 182 
152 230 
152 305 
152 316 
152 427 
153 201 
153 490 
154 190 
154 254 
154 321 
154 467 
155 159 
155 247 
155 280 
155 329 
155 349 
155 405 
155 413 
157 162 
158 272 
158 294 
159 279 
159 340 
159 418 
159 482 
160 287 
160 357 
160 426 
161 380 
162 188 
162 382 
164 235 
164 240 
164 275 
164 410 
164 436 
164 499 
165 245 
166 297 
167 209 
167 379 
167 475 
168 334 
168 416 
169 391 
169 416 
170 255 
170 266 
170 365 
170 397 
171 222 
171 233 
171 247 
171 319 
171 433 
171 478 
172 215 
172 240 
172 250 
172 252 
172 305 
172 306 
172 323 
172 335 
172 366 
173 302 
173 345 
174 191 
174 203 
174 269 
174 280 
174 324 
174 421 
174 435 
174 480 
175 183 
175 221 
175 238 
175 341 
175 459 
176 367 
177 499 
179 180 
179 273 
179 319 
179 320 
179 331 
179 452 
180 445 
181 491 
182 208 
182 228 
182 255 
182 498 
183 226 
183 246 
183 287 
183 340 
184 218 
184 387 
184 449 
185 201 
185 229 
185 345 
185 375 
187 236 
187 276 
187 323 
187 353 
187 378 
187 425 
187 446 
187 470 
188 194 
188 294 
188 466 
189 214 
189 265 
189 300 
190 372 
192 193 
192 232 
192 247 
192 344 
192 489 
193 229 
193 259 
193 278 
193 285 
193 303 
193 306 
193 336 
193 470 
193 483 
193 496 
195 249 
195 256 
196 226 
196 397 
196 452 
197 242 
197 395 
198 408 
198 440 
199 462 
201 210 
202 241 
202 337 
202 447 
202 462 
203 207 
203 272 
204 209 
204 459 
206 235 
206 451 
207 292 
207 342 
208 212 
208 234 
208 367 
208 406 
208 461 
209 244 
209 289 
209 293 
209 337 
210 388 
210 404 
212 222 
212 262 
213 473 
215 328 
215 346 
216 318 
216 325 
216 375 
216 429 
217 390 
218 412 
219 246 
219 252 
219 448 
220 286 
220 305 
222 395 
222 411 
222 428 
222 433 
223 316 
224 269 
224 307 
224 442 
225 263 
226 291 
227 403 
228 334 
228 381 
228 437 
229 308 
229 365 
229 419 
230 270 
231 265 
231 273 
231 302 
231 313 
232 251 
232 340 
232 402 
232 408 
233 235 
233 262 
233 279 
233 409 
233 418 
233 447 
234 324 
234 479 
236 240 
237 401 
238 260 
238 292 
238 412 
239 296 
239 344 
239 416 
239 423 
239 473 
241 341 
243 349 
244 262 
244 388 
244 489 
245 259 
245 327 
245 454 
247 372 
248 362 
249 251 
249 436 
249 437 
249 440 
250 488 
251 320 
251 396 
251 409 
252 436 
253 304 
254 259 
254 335 
254 466 
255 257 
255 332 
256 463 
257 334 
258 330 
258 332 
258 496 
259 357 
260 285 
260 382 
260 400 
260 487 
261 299 
261 300 
261 364 
261 386 
262 326 
262 353 
262 466 
263 270 
263 360 
263 446 
263 494 
263 497 
264 284 
264 440 
264 466 
265 360 
265 467 
266 274 
267 378 
267 475 
268 496 
269 307 
270 299 
270 419 
270 476 
271 334 
271 354 
272 470 
273 435 
275 438 
277 373 
278 279 
278 307 
282 318 
284 302 
284 455 
284 473 
286 371 
286 379 
286 485 
288 441 
289 343 
289 428 
290 458 
290 487 
292 354 
293 298 
293 407 
293 416 
295 323 
296 404 
299 461 
300 470 
301 379 
301 407 
305 313 
306 313 
306 339 
306 485 
307 407 
308 380 
308 420 
309 431 
309 456 
312 355 
313 384 
313 447 
315 424 
316 408 
318 343 
318 374 
319 367 
319 398 
319 438 
319 467 
326 346 
327 355 
328 452 
329 358 
329 492 
330 400 
330 414 
331 342 
332 347 
332 415 
332 427 
332 479 
333 352 
334 336 
334 368 
334 444 
334 487 
336 472 
337 458 
339 345 
339 358 
341 368 
342 483 
343 347 
343 377 
343 443 
345 361 
346 463 
346 482 
348 370 
350 477 
353 431 
355 469 
356 451 
357 414 
357 421 
360 489 
361 378 
362 460 
364 405 
365 396 
367 372 
368 454 
372 385 
372 405 
372 443 
372 493 
375 469 
377 390 
378 388 
379 488 
383 415 
385 394 
389 429 
389 482 
393 431 
393 456 
396 411 
398 446 
402 460 
417 489 
420 438 
420 457 
420 497 
422 479 
425 469 
444 486 
447 486 
456 484 
459 469 
460 495 
467 480 
