false
false
500
1988
0 1 
0 3 
0 4 
0 5 
0 8 
0 9 
0 12 
0 14 
0 15 
0 16 
0 17 
0 18 
0 23 
0 25 
0 31 
0 36 
0 37 
0 38 
0 45 
0 47 
0 48 
0 53 
0 54 
0 55 
0 56 
0 57 
0 63 
0 67 
0 68 
0 77 
0 78 
0 88 
0 89 
0 95 
0 96 
0 105 
0 107 
0 109 
0 111 
0 112 
0 116 
0 126 
0 135 
0 138 
0 139 
0 149 
0 150 
0 177 
0 190 
0 194 
0 195 
0 205 
0 217 
0 224 
0 232 
0 245 
0 247 
0 251 
0 255 
0 256 
0 260 
0 268 
0 272 
0 278 
0 288 
0 293 
0 296 
0 320 
0 321 
0 323 
0 335 
0 361 
0 367 
0 381 
0 392 
0 405 
0 411 
0 424 
0 437 
0 443 
0 446 
0 461 
0 474 
0 480 
0 491 
1 2 
1 4 
1 5 
1 6 
1 25 
1 38 
1 40 
1 49 
1 54 
1 59 
1 73 
1 75 
1 84 
1 91 
1 110 
1 154 
1 157 
1 178 
1 210 
1 282 
1 283 
1 286 
1 318 
1 335 
1 338 
1 342 
1 354 
1 403 
1 427 
1 450 
1 487 
1 489 
2 3 
2 4 
2 6 
2 7 
2 8 
2 9 
2 10 
2 12 
2 13 
2 14 
2 15 
2 16 
2 18 
2 19 
2 22 
2 26 
2 27 
2 31 
2 32 
2 34 
2 39 
2 45 
2 50 
2 53 
2 59 
2 62 
2 69 
2 79 
2 82 
2 83 
2 85 
2 88 
2 90 
2 92 
2 99 
2 105 
2 109 
2 126 
2 129 
2 133 
2 135 
2 142 
2 160 
2 162 
2 165 
2 173 
2 183 
2 201 
2 202 
2 212 
2 224 
2 237 
2 240 
2 246 
2 254 
2 261 
2 263 
2 264 
2 270 
2 282 
2 289 
2 293 
2 297 
2 300 
2 304 
2 307 
2 323 
2 324 
2 329 
2 331 
2 334 
2 336 
2 346 
2 372 
2 387 
2 397 
2 400 
2 438 
2 445 
2 449 
2 452 
2 467 
2 476 
2 480 
2 485 
2 488 
3 4 
3 5 
3 7 
3 8 
3 9 
3 11 
3 13 
3 21 
3 34 
3 35 
3 42 
3 61 
3 63 
3 98 
3 107 
3 112 
3 119 
3 131 
3 152 
3 161 
3 211 
3 239 
3 257 
3 258 
3 261 
3 276 
3 298 
3 311 
3 312 
3 313 
3 315 
3 345 
3 364 
3 400 
3 433 
3 449 
3 456 
3 483 
3 494 
3 496 
4 5 
4 6 
4 7 
4 10 
4 12 
4 15 
4 18 
4 19 
4 21 
4 30 
4 31 
4 34 
4 50 
4 55 
4 69 
4 71 
4 73 
4 74 
4 84 
4 87 
4 96 
4 100 
4 103 
4 104 
4 106 
4 108 
4 109 
4 121 
4 124 
4 139 
4 160 
4 167 
4 181 
4 187 
4 192 
4 219 
4 230 
4 242 
4 274 
4 306 
4 310 
4 314 
4 317 
4 347 
4 353 
4 356 
4 366 
4 381 
4 396 
4 399 
4 413 
4 421 
4 430 
4 436 
4 439 
4 447 
4 463 
4 479 
4 484 
5 6 
5 8 
5 11 
5 13 
5 17 
5 22 
5 24 
5 29 
5 61 
5 69 
5 79 
5 99 
5 125 
5 167 
5 189 
5 201 
5 203 
5 205 
5 206 
5 249 
5 255 
5 257 
5 337 
5 345 
5 359 
5 363 
5 370 
5 372 
5 389 
5 442 
5 450 
5 458 
5 468 
5 498 
6 7 
6 9 
6 10 
6 11 
6 12 
6 14 
6 16 
6 19 
6 25 
6 27 
6 31 
6 32 
6 33 
6 43 
6 48 
6 64 
6 71 
6 72 
6 73 
6 76 
6 81 
6 86 
6 90 
6 93 
6 103 
6 123 
6 128 
6 131 
6 134 
6 158 
6 163 
6 166 
6 168 
6 178 
6 182 
6 186 
6 217 
6 226 
6 247 
6 256 
6 259 
6 260 
6 271 
6 280 
6 290 
6 296 
6 298 
6 306 
6 323 
6 340 
6 344 
6 358 
6 364 
6 372 
6 382 
6 395 
6 409 
6 423 
6 487 
7 10 
7 15 
7 28 
7 29 
7 47 
7 69 
7 70 
7 96 
7 126 
7 135 
7 136 
7 144 
7 158 
7 174 
7 179 
7 245 
7 274 
7 281 
7 326 
7 355 
7 383 
7 426 
7 472 
7 487 
7 490 
8 14 
8 21 
8 27 
8 63 
8 67 
8 80 
8 85 
8 87 
8 106 
8 117 
8 129 
8 133 
8 143 
8 156 
8 169 
8 191 
8 200 
8 257 
8 261 
8 264 
8 286 
8 368 
8 405 
8 415 
8 448 
8 460 
9 11 
9 22 
9 32 
9 52 
9 55 
9 59 
9 89 
9 118 
9 127 
9 218 
9 221 
9 243 
9 267 
9 336 
9 347 
9 363 
9 368 
9 385 
9 399 
9 401 
9 493 
10 13 
10 20 
10 27 
10 79 
10 98 
10 100 
10 101 
10 127 
10 150 
10 383 
10 431 
11 18 
11 20 
11 30 
11 35 
11 44 
11 50 
11 65 
11 77 
11 80 
11 105 
11 119 
11 125 
11 151 
11 182 
11 210 
11 213 
11 228 
11 248 
11 261 
11 280 
11 313 
11 318 
11 330 
11 342 
11 349 
11 356 
11 369 
11 386 
11 408 
11 447 
11 466 
11 471 
12 17 
12 19 
12 35 
12 44 
12 53 
12 97 
12 130 
12 156 
12 167 
12 185 
12 191 
12 271 
12 275 
12 409 
12 431 
13 16 
13 26 
13 34 
13 42 
13 46 
13 72 
13 75 
13 84 
13 96 
13 106 
13 120 
13 127 
13 131 
13 155 
13 165 
13 168 
13 183 
13 197 
13 248 
13 253 
13 263 
13 290 
13 294 
13 344 
13 348 
13 363 
13 372 
13 376 
13 391 
13 412 
13 469 
14 97 
14 214 
14 325 
14 480 
15 24 
15 28 
15 29 
15 33 
15 77 
15 90 
15 91 
15 108 
15 148 
15 161 
15 242 
15 259 
15 264 
15 282 
15 345 
15 419 
15 439 
15 451 
16 17 
16 20 
16 58 
16 71 
16 78 
16 90 
16 92 
16 137 
16 138 
16 146 
16 155 
16 161 
16 206 
16 280 
16 304 
16 327 
16 337 
16 421 
16 480 
16 492 
17 24 
17 41 
17 47 
17 60 
17 76 
17 81 
17 116 
17 120 
17 121 
17 141 
17 147 
17 182 
17 191 
17 207 
17 209 
17 237 
17 254 
17 265 
17 273 
17 292 
17 306 
17 309 
17 314 
17 363 
17 389 
17 390 
17 406 
17 412 
17 422 
17 445 
17 464 
18 20 
18 23 
18 28 
18 30 
18 37 
18 38 
18 39 
18 41 
18 49 
18 60 
18 65 
18 72 
18 117 
18 136 
18 140 
18 144 
18 152 
18 170 
18 173 
18 192 
18 213 
18 225 
18 259 
18 284 
18 324 
18 332 
18 387 
19 22 
19 36 
19 46 
19 68 
19 76 
19 111 
19 114 
19 123 
19 125 
19 132 
19 154 
19 197 
19 254 
19 259 
19 290 
19 448 
20 21 
20 23 
20 32 
20 70 
20 83 
20 99 
20 122 
20 153 
20 196 
20 262 
20 297 
20 333 
20 338 
20 375 
20 488 
21 24 
21 26 
21 33 
21 37 
21 40 
21 56 
21 71 
21 82 
21 89 
21 124 
21 148 
21 149 
21 158 
21 159 
21 214 
21 243 
21 252 
21 284 
21 296 
21 333 
21 380 
21 497 
22 23 
22 51 
22 65 
22 68 
22 102 
22 116 
22 195 
22 251 
22 270 
22 298 
22 388 
22 415 
22 418 
22 435 
22 440 
23 25 
23 28 
23 33 
23 44 
23 46 
23 93 
23 104 
23 110 
23 119 
23 169 
23 181 
23 185 
23 200 
23 228 
23 242 
23 247 
23 265 
23 285 
23 286 
23 292 
23 315 
23 365 
23 417 
23 479 
23 485 
23 492 
24 50 
24 51 
24 64 
24 139 
24 143 
24 175 
24 198 
24 232 
24 277 
24 304 
24 336 
25 26 
25 42 
25 66 
25 94 
25 115 
25 124 
25 139 
25 199 
25 216 
25 228 
25 270 
25 335 
25 392 
25 404 
25 456 
25 484 
26 36 
26 40 
26 43 
26 51 
26 187 
26 229 
26 238 
26 242 
26 267 
26 287 
26 347 
26 458 
27 36 
27 43 
27 45 
27 47 
27 67 
27 70 
27 74 
27 80 
27 130 
27 164 
27 175 
27 237 
27 269 
27 367 
27 455 
27 465 
27 486 
28 29 
28 30 
28 37 
28 41 
28 46 
28 52 
28 83 
28 84 
28 98 
28 100 
28 107 
28 130 
28 157 
28 182 
28 184 
28 236 
28 244 
28 318 
28 329 
28 350 
28 361 
28 464 
29 39 
29 61 
29 68 
29 70 
29 91 
29 94 
29 196 
29 246 
29 437 
30 109 
30 162 
30 163 
30 220 
30 222 
30 226 
30 274 
30 317 
30 346 
30 424 
30 428 
30 429 
30 432 
31 38 
31 41 
31 64 
31 125 
31 157 
31 166 
31 190 
31 219 
31 221 
31 272 
32 35 
32 53 
32 57 
32 60 
32 114 
32 151 
32 233 
32 362 
32 435 
32 459 
33 40 
33 432 
33 437 
33 442 
34 42 
34 55 
34 56 
34 57 
34 58 
34 66 
34 75 
34 77 
34 89 
34 126 
34 135 
34 155 
34 160 
34 161 
34 176 
34 180 
34 211 
34 217 
34 238 
34 269 
34 367 
34 433 
34 444 
35 48 
35 64 
35 142 
35 197 
35 269 
35 420 
35 471 
36 39 
36 52 
36 54 
36 56 
36 111 
36 122 
36 145 
36 164 
36 218 
36 276 
36 357 
36 375 
36 396 
36 460 
37 49 
37 103 
37 114 
37 115 
37 137 
37 199 
37 209 
37 311 
37 313 
37 342 
37 397 
37 398 
37 425 
37 455 
37 467 
38 49 
38 62 
38 218 
38 224 
38 302 
38 349 
38 408 
38 425 
38 444 
38 470 
39 87 
39 136 
39 172 
39 196 
39 206 
39 222 
39 245 
39 287 
39 311 
39 320 
39 367 
39 453 
39 470 
39 475 
40 44 
40 45 
40 62 
40 66 
40 75 
40 86 
40 97 
40 128 
40 137 
40 140 
40 188 
40 195 
40 223 
40 227 
40 231 
40 263 
40 344 
40 389 
40 417 
41 106 
41 113 
41 171 
41 189 
41 264 
42 43 
42 57 
42 58 
42 66 
42 78 
42 82 
42 88 
42 91 
42 153 
42 159 
42 170 
42 172 
42 175 
42 201 
42 219 
42 229 
42 247 
42 275 
42 278 
42 322 
42 334 
42 358 
42 373 
42 377 
42 405 
42 428 
42 494 
43 74 
43 81 
43 115 
43 215 
44 48 
44 51 
44 60 
44 62 
44 154 
44 179 
44 228 
44 272 
44 291 
44 357 
44 459 
44 487 
45 117 
45 236 
45 266 
45 281 
46 86 
46 147 
47 93 
47 130 
47 192 
47 384 
47 450 
48 80 
48 93 
48 102 
48 191 
48 221 
48 496 
48 499 
49 85 
49 240 
49 297 
49 443 
50 52 
50 83 
50 87 
50 102 
50 292 
50 403 
51 54 
51 163 
51 169 
51 193 
51 204 
51 208 
51 249 
51 291 
51 324 
51 328 
51 384 
51 404 
51 413 
51 431 
51 489 
52 58 
52 124 
52 244 
52 251 
52 255 
53 101 
53 121 
53 136 
53 184 
53 226 
53 234 
53 285 
53 395 
53 468 
54 146 
54 170 
54 172 
54 277 
54 360 
54 445 
54 474 
55 61 
55 63 
55 72 
55 123 
55 141 
55 142 
55 152 
55 157 
55 158 
55 173 
55 198 
55 215 
55 276 
55 280 
55 295 
55 296 
55 316 
55 328 
55 343 
55 360 
55 361 
55 377 
55 380 
55 444 
55 451 
56 104 
56 203 
56 250 
56 364 
56 427 
57 73 
57 138 
57 150 
57 179 
57 180 
57 249 
57 269 
57 326 
57 378 
58 59 
58 65 
58 82 
58 94 
58 113 
58 129 
58 176 
58 181 
58 186 
58 308 
58 392 
58 419 
59 92 
59 122 
59 143 
59 151 
59 177 
59 366 
59 378 
59 470 
59 491 
60 81 
60 100 
60 156 
60 165 
60 235 
60 258 
60 349 
60 411 
61 112 
61 127 
61 279 
61 339 
62 113 
62 118 
62 146 
62 168 
62 233 
62 297 
62 438 
62 467 
63 67 
63 86 
63 169 
63 183 
63 202 
63 246 
63 255 
63 288 
63 328 
63 378 
63 465 
63 497 
64 79 
64 101 
64 180 
64 305 
65 341 
65 396 
66 76 
66 99 
66 118 
66 120 
66 222 
66 275 
66 299 
66 448 
67 95 
67 180 
67 283 
67 398 
67 442 
68 177 
68 186 
68 368 
68 432 
68 437 
68 492 
69 78 
69 138 
69 140 
69 164 
69 221 
69 376 
69 387 
69 449 
69 474 
69 481 
70 74 
70 214 
70 256 
70 298 
71 110 
71 211 
71 421 
71 454 
72 85 
72 98 
72 117 
72 314 
72 360 
72 394 
73 120 
73 160 
73 331 
73 402 
74 131 
74 148 
74 192 
74 374 
74 483 
75 88 
75 132 
75 144 
75 162 
75 181 
75 230 
75 250 
75 293 
75 295 
75 309 
75 368 
75 374 
75 440 
76 414 
76 420 
76 466 
77 134 
77 137 
77 145 
77 194 
78 122 
78 176 
78 177 
78 207 
78 253 
78 258 
78 305 
78 365 
78 406 
79 140 
79 265 
79 274 
79 470 
79 478 
80 208 
80 234 
80 333 
80 497 
81 94 
81 97 
81 172 
81 178 
81 207 
81 222 
81 235 
81 339 
81 414 
82 92 
82 107 
82 144 
82 166 
82 174 
82 232 
82 262 
82 273 
82 276 
82 291 
82 302 
82 350 
82 373 
82 377 
82 420 
83 108 
83 162 
83 198 
83 205 
84 104 
84 327 
84 353 
85 95 
85 152 
85 189 
87 149 
87 366 
87 478 
88 103 
88 171 
88 173 
88 189 
88 196 
88 214 
88 220 
88 406 
88 448 
89 149 
89 231 
89 307 
89 447 
90 213 
90 277 
90 441 
90 469 
91 142 
91 233 
92 123 
92 175 
92 204 
92 220 
92 238 
92 260 
92 279 
92 288 
92 419 
92 436 
92 484 
93 111 
93 141 
93 171 
93 199 
93 232 
93 268 
93 321 
94 95 
94 148 
94 171 
94 185 
94 200 
94 209 
94 248 
94 262 
94 329 
94 343 
94 346 
94 354 
94 359 
94 382 
94 390 
94 423 
94 481 
95 251 
97 116 
97 129 
97 134 
97 179 
97 237 
97 306 
97 316 
98 102 
98 108 
98 112 
98 193 
98 446 
99 101 
99 114 
99 278 
99 289 
99 360 
100 115 
100 145 
100 187 
100 235 
100 236 
100 330 
101 146 
101 155 
101 271 
101 304 
101 337 
101 369 
101 384 
101 422 
101 493 
102 143 
102 287 
102 350 
102 468 
103 105 
103 110 
103 113 
103 239 
103 291 
103 299 
103 307 
103 340 
104 184 
104 435 
104 452 
105 119 
105 253 
105 389 
105 393 
105 436 
105 451 
106 118 
106 132 
106 188 
106 309 
106 414 
106 473 
107 168 
107 270 
107 303 
107 310 
108 121 
108 208 
108 468 
109 165 
109 176 
109 188 
109 218 
109 224 
109 370 
109 436 
111 194 
112 208 
112 234 
114 133 
114 195 
114 204 
114 241 
114 252 
114 353 
114 386 
114 417 
114 429 
114 434 
114 458 
114 471 
115 308 
116 156 
116 351 
116 356 
117 190 
117 199 
117 278 
117 284 
117 289 
117 345 
117 351 
117 383 
117 410 
117 477 
118 207 
118 258 
119 316 
120 132 
120 150 
120 273 
121 174 
121 193 
121 205 
121 268 
121 340 
121 351 
122 159 
122 167 
122 197 
122 202 
122 204 
122 210 
122 229 
122 243 
122 303 
122 416 
122 495 
123 128 
123 133 
123 153 
123 223 
123 254 
123 299 
123 390 
124 281 
124 322 
124 326 
124 352 
124 391 
124 397 
124 476 
124 491 
125 128 
125 201 
125 203 
125 241 
125 307 
125 319 
125 355 
125 369 
125 382 
126 134 
126 213 
126 303 
126 311 
126 404 
126 430 
126 446 
127 147 
127 164 
127 198 
127 227 
127 260 
127 305 
127 486 
130 153 
130 226 
130 310 
130 331 
131 407 
131 421 
132 294 
132 375 
133 253 
133 388 
133 440 
134 159 
136 170 
136 413 
136 424 
137 250 
137 338 
137 438 
138 154 
139 145 
139 147 
139 217 
139 225 
139 267 
139 316 
139 391 
139 409 
140 141 
140 151 
140 227 
140 230 
140 300 
140 453 
141 163 
141 184 
141 410 
141 469 
142 200 
142 227 
142 376 
142 483 
143 183 
143 235 
143 318 
144 347 
144 354 
144 391 
144 473 
145 166 
145 288 
145 290 
146 464 
147 230 
147 245 
147 407 
147 422 
147 434 
147 462 
148 231 
148 234 
148 379 
148 399 
148 418 
149 250 
150 238 
151 210 
151 211 
151 339 
151 476 
152 215 
152 338 
152 350 
152 469 
153 178 
153 185 
153 358 
153 371 
153 457 
153 493 
155 203 
155 285 
155 472 
156 190 
156 194 
156 286 
157 294 
158 212 
158 216 
158 246 
159 219 
159 440 
161 301 
161 443 
163 268 
163 302 
163 397 
163 428 
163 456 
164 279 
164 342 
164 355 
165 417 
165 418 
166 174 
166 215 
166 407 
166 490 
167 490 
168 186 
168 223 
168 337 
168 351 
168 485 
169 244 
169 262 
169 279 
170 329 
171 202 
171 325 
172 206 
172 385 
173 225 
173 386 
174 212 
174 256 
176 220 
176 252 
176 371 
177 239 
177 282 
177 301 
177 343 
177 346 
177 376 
178 212 
178 383 
178 409 
179 312 
181 317 
181 393 
181 465 
181 494 
182 416 
183 305 
184 321 
184 378 
184 384 
184 426 
184 434 
184 482 
185 187 
185 188 
185 411 
185 450 
186 223 
186 325 
186 381 
187 310 
187 395 
187 399 
188 241 
189 209 
189 289 
189 382 
189 423 
189 447 
190 193 
193 319 
193 334 
193 458 
194 408 
194 491 
194 497 
195 454 
196 244 
196 365 
196 394 
196 396 
196 441 
197 216 
197 240 
198 216 
198 231 
198 300 
198 348 
199 332 
200 266 
200 277 
201 283 
201 390 
203 381 
203 438 
204 225 
204 388 
205 266 
205 344 
205 366 
205 401 
206 271 
206 357 
206 374 
207 295 
208 243 
208 313 
208 333 
208 340 
209 233 
209 236 
209 330 
209 380 
210 229 
210 292 
211 263 
211 266 
211 336 
212 240 
212 404 
214 294 
214 322 
215 301 
216 249 
217 287 
218 432 
219 281 
219 400 
219 463 
220 308 
220 385 
220 472 
220 482 
222 267 
222 444 
223 285 
225 418 
226 308 
227 248 
227 257 
227 484 
230 415 
231 283 
231 473 
232 241 
232 265 
232 295 
232 419 
232 459 
233 239 
234 341 
235 272 
235 403 
236 275 
236 362 
236 365 
236 489 
237 364 
237 431 
240 325 
240 435 
243 284 
244 319 
244 359 
244 392 
244 400 
244 410 
244 454 
245 252 
245 293 
245 373 
245 465 
245 481 
247 353 
247 369 
248 341 
248 355 
248 416 
248 485 
250 349 
250 374 
250 464 
252 416 
252 422 
252 428 
253 312 
253 461 
254 314 
254 477 
256 319 
257 326 
257 361 
258 273 
258 323 
258 339 
258 495 
260 334 
262 352 
265 401 
265 406 
266 493 
267 410 
268 462 
269 413 
271 429 
272 322 
272 379 
272 393 
273 475 
274 463 
275 446 
277 327 
278 309 
279 320 
281 317 
281 332 
281 335 
281 370 
281 379 
281 439 
282 300 
282 461 
283 301 
284 354 
284 398 
285 427 
288 379 
289 477 
290 303 
290 394 
290 494 
291 321 
291 341 
291 371 
292 348 
292 356 
293 415 
293 455 
294 498 
295 299 
295 312 
295 320 
295 352 
295 371 
296 467 
297 412 
297 434 
297 442 
297 462 
297 476 
297 477 
298 380 
299 315 
299 328 
299 388 
299 451 
299 462 
300 302 
300 489 
300 495 
301 315 
301 429 
303 403 
304 375 
306 456 
306 479 
307 324 
307 348 
307 377 
308 327 
308 423 
308 426 
310 405 
311 478 
313 330 
313 331 
313 362 
313 466 
314 332 
318 373 
318 393 
318 496 
320 358 
320 430 
323 386 
323 441 
325 385 
325 472 
326 395 
326 398 
326 460 
326 471 
326 475 
331 459 
331 481 
332 402 
332 425 
332 449 
333 343 
333 439 
333 483 
341 370 
344 357 
344 490 
345 359 
345 466 
345 495 
348 352 
350 475 
351 387 
352 445 
356 402 
356 454 
356 460 
357 482 
359 433 
359 486 
361 362 
361 441 
366 408 
366 492 
369 411 
371 426 
371 482 
372 420 
372 453 
372 478 
373 401 
373 427 
379 433 
379 473 
380 463 
381 412 
383 394 
385 424 
390 402 
390 457 
394 430 
399 407 
399 452 
404 457 
404 499 
405 414 
411 443 
412 425 
436 452 
436 455 
437 486 
438 453 
438 488 
438 498 
440 498 
450 457 
460 461 
461 474 
464 479 
472 496 
477 499 
482 488 
492 499 
