false
false
500
1988
0 1 
0 3 
0 4 
0 5 
0 6 
0 7 
0 8 
0 9 
0 11 
0 12 
0 14 
0 17 
0 20 
0 21 
0 25 
0 30 
0 31 
0 35 
0 47 
0 53 
0 87 
0 89 
0 106 
0 138 
0 164 
0 177 
0 179 
0 181 
0 196 
0 198 
0 255 
0 260 
0 273 
0 288 
0 290 
0 292 
0 299 
0 304 
0 334 
0 340 
0 345 
0 359 
0 371 
0 380 
0 387 
0 395 
0 404 
0 419 
0 432 
0 456 
0 466 
0 473 
1 2 
1 4 
1 7 
1 10 
1 17 
1 22 
1 38 
1 43 
1 44 
1 54 
1 57 
1 58 
1 73 
1 97 
1 102 
1 103 
1 105 
1 112 
1 118 
1 126 
1 140 
1 210 
1 272 
1 352 
1 365 
1 421 
1 429 
1 467 
2 3 
2 4 
2 5 
2 7 
2 8 
2 10 
2 11 
2 16 
2 18 
2 19 
2 22 
2 26 
2 28 
2 29 
2 35 
2 37 
2 40 
2 63 
2 70 
2 73 
2 76 
2 77 
2 87 
2 102 
2 107 
2 116 
2 120 
2 122 
2 127 
2 134 
2 143 
2 145 
2 154 
2 161 
2 185 
2 207 
2 212 
2 215 
2 240 
2 252 
2 298 
2 305 
2 335 
2 336 
2 339 
2 383 
2 386 
2 389 
2 403 
2 420 
2 451 
2 463 
2 466 
3 4 
3 5 
3 6 
3 11 
3 12 
3 13 
3 15 
3 19 
3 24 
3 28 
3 33 
3 34 
3 37 
3 41 
3 46 
3 47 
3 53 
3 68 
3 79 
3 80 
3 96 
3 100 
3 156 
3 208 
3 211 
3 240 
3 252 
3 265 
3 318 
3 321 
3 322 
3 335 
3 362 
3 398 
3 402 
3 435 
3 470 
3 472 
3 499 
4 5 
4 6 
4 8 
4 10 
4 15 
4 27 
4 29 
4 31 
4 38 
4 42 
4 48 
4 51 
4 58 
4 61 
4 65 
4 77 
4 80 
4 84 
4 93 
4 94 
4 100 
4 101 
4 108 
4 123 
4 126 
4 127 
4 135 
4 140 
4 141 
4 144 
4 153 
4 154 
4 156 
4 160 
4 166 
4 168 
4 179 
4 185 
4 187 
4 190 
4 202 
4 206 
4 212 
4 213 
4 216 
4 222 
4 223 
4 234 
4 266 
4 267 
4 275 
4 287 
4 293 
4 301 
4 312 
4 313 
4 320 
4 332 
4 336 
4 340 
4 360 
4 369 
4 370 
4 374 
4 375 
4 382 
4 393 
4 397 
4 405 
4 414 
4 446 
4 449 
4 459 
4 485 
5 6 
5 8 
5 9 
5 11 
5 12 
5 14 
5 17 
5 27 
5 28 
5 40 
5 46 
5 68 
5 71 
5 80 
5 98 
5 104 
5 117 
5 118 
5 128 
5 167 
5 168 
5 170 
5 204 
5 222 
5 229 
5 232 
5 257 
5 291 
5 299 
5 302 
5 314 
5 317 
5 323 
5 325 
5 381 
5 414 
5 459 
5 472 
5 485 
6 7 
6 9 
6 13 
6 16 
6 20 
6 24 
6 25 
6 29 
6 30 
6 32 
6 43 
6 45 
6 64 
6 68 
6 72 
6 73 
6 79 
6 81 
6 95 
6 101 
6 106 
6 122 
6 133 
6 134 
6 187 
6 219 
6 223 
6 224 
6 225 
6 226 
6 229 
6 242 
6 259 
6 260 
6 262 
6 269 
6 291 
6 392 
6 423 
6 429 
6 431 
6 460 
6 466 
6 475 
6 478 
7 9 
7 10 
7 12 
7 13 
7 14 
7 16 
7 18 
7 20 
7 22 
7 26 
7 30 
7 39 
7 43 
7 45 
7 47 
7 50 
7 55 
7 59 
7 63 
7 64 
7 68 
7 71 
7 89 
7 107 
7 135 
7 137 
7 139 
7 145 
7 146 
7 149 
7 162 
7 182 
7 185 
7 186 
7 200 
7 245 
7 257 
7 270 
7 316 
7 320 
7 331 
7 339 
7 353 
7 376 
7 378 
7 398 
7 412 
7 441 
7 454 
7 481 
7 486 
7 490 
8 14 
8 23 
8 40 
8 43 
8 44 
8 46 
8 59 
8 85 
8 92 
8 95 
8 103 
8 129 
8 131 
8 140 
8 155 
8 178 
8 204 
8 225 
8 237 
8 274 
8 300 
8 309 
8 312 
8 341 
8 408 
8 451 
8 483 
9 15 
9 16 
9 26 
9 27 
9 28 
9 36 
9 41 
9 59 
9 71 
9 76 
9 89 
9 105 
9 130 
9 133 
9 134 
9 137 
9 165 
9 177 
9 180 
9 192 
9 216 
9 222 
9 224 
9 247 
9 292 
9 314 
9 321 
9 346 
9 360 
9 375 
9 391 
9 406 
9 419 
9 425 
9 477 
9 489 
10 13 
10 15 
10 21 
10 23 
10 24 
10 26 
10 34 
10 42 
10 47 
10 49 
10 52 
10 56 
10 57 
10 58 
10 76 
10 88 
10 97 
10 130 
10 155 
10 183 
10 191 
10 200 
10 242 
10 260 
10 261 
10 275 
10 288 
10 318 
10 330 
10 354 
10 367 
10 417 
10 440 
10 453 
11 23 
11 34 
11 66 
11 98 
11 141 
11 281 
11 308 
11 348 
11 363 
11 379 
11 443 
12 17 
12 25 
12 33 
12 37 
12 42 
12 53 
12 60 
12 63 
12 67 
12 74 
12 75 
12 78 
12 92 
12 103 
12 106 
12 113 
12 116 
12 128 
12 137 
12 166 
12 172 
12 175 
12 189 
12 207 
12 303 
12 308 
12 324 
12 326 
12 331 
12 407 
12 455 
12 461 
12 470 
13 23 
13 56 
13 86 
13 93 
13 110 
13 117 
13 133 
13 141 
13 146 
13 158 
13 175 
13 178 
13 240 
13 265 
13 286 
13 317 
13 349 
13 350 
13 393 
13 422 
13 444 
13 461 
13 469 
13 499 
14 19 
14 20 
14 21 
14 35 
14 36 
14 38 
14 48 
14 49 
14 55 
14 56 
14 69 
14 76 
14 104 
14 111 
14 156 
14 164 
14 165 
14 167 
14 169 
14 182 
14 187 
14 213 
14 237 
14 245 
14 272 
14 278 
14 339 
14 370 
14 391 
14 412 
14 429 
14 430 
14 492 
15 18 
15 52 
15 61 
15 73 
15 74 
15 81 
15 89 
15 99 
15 105 
15 111 
15 116 
15 124 
15 126 
15 140 
15 159 
15 170 
15 198 
15 214 
15 221 
15 239 
15 245 
15 266 
15 307 
15 312 
15 342 
15 350 
15 391 
15 407 
15 454 
16 18 
16 39 
16 50 
16 51 
16 52 
16 74 
16 91 
16 93 
16 95 
16 99 
16 100 
16 116 
16 128 
16 143 
16 146 
16 170 
16 178 
16 189 
16 209 
16 243 
16 248 
16 267 
16 275 
16 287 
16 304 
16 323 
16 386 
16 417 
17 21 
17 22 
17 39 
17 57 
17 59 
17 114 
17 155 
17 176 
17 264 
17 322 
17 368 
17 369 
17 401 
17 460 
17 474 
18 19 
18 29 
18 49 
18 58 
18 70 
18 113 
18 121 
18 161 
18 190 
18 202 
18 206 
18 241 
18 243 
18 246 
18 303 
18 315 
18 343 
18 472 
19 24 
19 30 
19 55 
19 104 
19 246 
19 300 
19 367 
19 404 
19 424 
19 427 
19 475 
20 25 
20 27 
20 62 
20 65 
20 91 
20 112 
20 124 
20 130 
20 131 
20 139 
20 174 
20 205 
20 209 
20 235 
20 248 
20 249 
20 385 
20 426 
21 81 
21 193 
21 202 
21 203 
21 283 
21 328 
21 334 
21 342 
21 437 
21 457 
21 479 
21 491 
22 31 
22 32 
22 35 
22 41 
22 44 
22 45 
22 83 
22 88 
22 91 
22 102 
22 114 
22 154 
22 156 
22 171 
22 207 
22 211 
22 228 
22 231 
22 238 
22 278 
22 401 
22 489 
22 496 
23 32 
23 136 
23 181 
23 269 
23 452 
24 38 
24 39 
24 67 
24 83 
24 97 
24 239 
25 33 
25 36 
25 52 
25 79 
25 81 
25 113 
25 118 
25 120 
25 138 
25 210 
25 271 
25 273 
25 299 
25 310 
25 311 
25 317 
25 387 
25 428 
25 447 
25 462 
25 476 
25 480 
25 496 
26 32 
26 37 
26 41 
26 64 
26 99 
26 149 
26 158 
26 241 
26 254 
26 292 
26 326 
26 332 
26 341 
26 357 
26 358 
26 409 
26 413 
26 437 
26 480 
27 31 
27 33 
27 34 
27 51 
27 54 
27 64 
27 65 
27 67 
27 72 
27 85 
27 86 
27 94 
27 108 
27 147 
27 155 
27 192 
27 200 
27 223 
27 228 
27 233 
27 269 
27 279 
27 284 
27 342 
27 415 
27 418 
27 429 
27 438 
27 494 
28 78 
28 314 
29 42 
29 45 
29 49 
29 84 
29 90 
29 148 
29 152 
29 153 
29 166 
29 226 
29 285 
29 314 
29 338 
29 353 
29 354 
29 359 
29 372 
29 408 
30 94 
30 114 
30 124 
30 129 
30 131 
30 138 
30 169 
30 188 
30 203 
30 305 
30 322 
30 329 
30 332 
30 343 
30 358 
30 441 
31 62 
31 67 
31 69 
31 82 
31 84 
31 86 
31 123 
31 173 
31 191 
31 214 
31 233 
31 327 
31 344 
31 385 
31 425 
31 476 
32 433 
32 493 
33 51 
33 63 
33 107 
33 120 
33 159 
33 192 
33 218 
33 235 
33 286 
33 316 
33 347 
33 368 
33 440 
34 40 
34 46 
34 54 
34 66 
34 79 
34 92 
34 108 
34 115 
34 118 
34 122 
34 136 
34 167 
34 246 
34 355 
34 368 
34 374 
34 456 
34 483 
35 36 
35 66 
35 131 
35 190 
35 254 
35 433 
36 44 
36 48 
36 60 
36 62 
36 77 
36 82 
36 129 
36 199 
36 234 
36 251 
36 277 
36 297 
36 298 
36 427 
36 454 
37 87 
37 111 
37 133 
37 152 
37 167 
37 205 
37 211 
37 216 
37 230 
37 321 
37 342 
37 417 
37 456 
37 495 
38 119 
38 161 
38 184 
38 494 
38 498 
39 74 
39 121 
39 207 
39 318 
39 443 
40 48 
40 54 
40 69 
40 117 
40 127 
40 137 
40 157 
40 165 
40 195 
40 201 
40 209 
40 218 
40 274 
40 280 
40 296 
40 299 
40 333 
40 445 
41 53 
41 82 
41 173 
41 464 
41 494 
42 50 
42 110 
42 123 
42 216 
42 306 
42 396 
43 65 
43 75 
43 88 
43 98 
43 148 
43 149 
43 152 
43 162 
43 188 
43 227 
43 251 
43 261 
43 272 
43 337 
43 343 
43 442 
44 55 
44 72 
44 75 
44 98 
44 159 
44 199 
44 232 
44 268 
44 328 
44 338 
44 341 
44 431 
44 440 
45 93 
45 163 
45 206 
45 226 
45 278 
45 280 
45 364 
45 404 
45 425 
45 442 
46 56 
46 66 
46 80 
46 84 
46 144 
46 147 
46 220 
46 351 
46 360 
46 401 
46 416 
46 447 
46 465 
46 495 
47 50 
47 224 
47 439 
47 452 
48 82 
48 87 
48 92 
48 143 
48 219 
48 286 
48 361 
49 57 
49 69 
49 141 
49 218 
49 258 
49 282 
49 344 
49 485 
50 90 
50 201 
50 354 
50 439 
51 109 
51 295 
51 319 
51 407 
51 437 
52 61 
52 172 
52 194 
52 250 
52 258 
52 410 
53 61 
53 85 
53 121 
53 132 
53 148 
53 408 
53 464 
53 479 
54 60 
54 71 
54 91 
54 97 
54 102 
54 115 
54 269 
54 345 
54 399 
54 448 
54 487 
55 60 
55 62 
55 90 
55 258 
55 270 
55 291 
55 355 
55 366 
55 371 
55 471 
55 493 
56 136 
56 220 
56 480 
57 88 
57 96 
57 166 
57 184 
57 195 
57 231 
57 253 
57 262 
57 306 
57 324 
57 348 
57 428 
58 101 
58 112 
58 122 
58 157 
58 176 
58 185 
58 194 
58 203 
58 208 
58 234 
58 260 
58 262 
58 282 
58 287 
58 290 
58 316 
58 353 
58 363 
58 406 
58 431 
58 494 
58 495 
58 498 
59 148 
59 160 
59 163 
59 235 
59 332 
59 398 
60 125 
60 182 
60 397 
61 70 
61 108 
61 127 
61 232 
61 236 
61 259 
61 283 
61 335 
61 369 
62 223 
62 282 
62 338 
62 357 
62 396 
62 442 
63 101 
65 75 
65 86 
65 104 
65 147 
65 193 
65 293 
65 335 
65 346 
65 465 
66 70 
66 72 
66 77 
66 90 
66 99 
66 151 
66 157 
66 183 
66 305 
66 318 
66 351 
66 356 
66 408 
66 444 
67 125 
67 196 
67 243 
67 331 
68 78 
68 128 
68 183 
68 221 
68 241 
68 263 
68 327 
68 354 
68 390 
68 405 
68 424 
69 95 
69 105 
69 121 
69 132 
69 163 
69 180 
69 208 
69 217 
69 252 
69 263 
69 283 
69 334 
69 344 
69 355 
69 372 
69 377 
70 78 
70 197 
70 319 
71 83 
71 142 
72 181 
72 192 
72 471 
73 251 
73 296 
73 365 
73 396 
74 119 
74 360 
74 388 
74 474 
75 106 
75 111 
75 132 
75 180 
75 187 
75 235 
75 334 
75 345 
75 399 
75 463 
76 175 
76 261 
76 270 
76 388 
77 168 
77 225 
77 271 
77 339 
77 436 
77 487 
78 96 
78 160 
78 289 
78 295 
78 319 
78 347 
78 447 
79 112 
79 142 
79 177 
79 212 
79 245 
79 263 
79 329 
79 438 
79 441 
80 85 
80 217 
80 298 
80 359 
80 371 
80 378 
81 129 
81 151 
81 469 
82 83 
82 107 
82 109 
82 114 
82 186 
82 248 
82 303 
82 309 
82 313 
82 353 
82 462 
83 96 
83 123 
83 138 
83 150 
83 151 
83 184 
83 190 
83 239 
83 255 
83 336 
83 403 
83 496 
84 94 
84 109 
84 110 
84 126 
84 135 
84 197 
84 210 
84 364 
84 411 
85 144 
85 153 
85 459 
86 135 
86 224 
86 234 
86 276 
86 320 
87 132 
87 284 
87 381 
87 392 
87 486 
88 109 
88 171 
88 266 
88 402 
88 425 
89 115 
89 186 
89 329 
89 491 
90 154 
90 193 
90 208 
90 293 
90 327 
90 423 
91 100 
91 103 
91 194 
91 361 
91 374 
91 384 
91 440 
92 280 
93 377 
93 416 
93 465 
94 173 
94 199 
94 211 
94 377 
94 450 
95 113 
95 130 
95 201 
95 209 
95 257 
95 290 
95 330 
95 366 
95 375 
95 411 
95 414 
95 457 
95 471 
96 115 
96 169 
96 174 
96 191 
96 249 
96 288 
96 376 
96 468 
97 171 
97 172 
97 196 
97 236 
97 239 
97 442 
97 448 
97 467 
97 499 
99 230 
99 398 
99 492 
99 499 
100 215 
100 405 
100 418 
100 449 
101 175 
101 201 
101 307 
101 352 
101 395 
102 177 
102 475 
103 120 
103 277 
103 420 
103 497 
104 378 
105 336 
105 443 
106 253 
106 373 
106 411 
106 426 
107 110 
107 162 
107 205 
107 226 
107 305 
107 310 
107 362 
107 392 
107 417 
107 438 
108 125 
108 146 
108 150 
108 159 
108 246 
108 247 
108 255 
108 256 
108 267 
108 300 
108 426 
108 479 
108 484 
109 143 
109 145 
109 151 
109 189 
109 372 
109 428 
109 450 
110 139 
110 160 
110 217 
110 288 
110 293 
110 322 
111 119 
111 139 
111 176 
111 238 
111 249 
111 282 
111 317 
111 393 
112 117 
112 119 
112 124 
112 152 
112 171 
112 186 
112 196 
112 231 
112 244 
112 284 
112 328 
112 356 
113 157 
114 188 
114 205 
115 287 
116 125 
116 242 
116 247 
116 341 
117 229 
118 174 
118 184 
118 265 
118 279 
119 213 
119 217 
119 228 
119 281 
119 452 
120 183 
120 225 
120 330 
120 352 
121 249 
121 276 
121 284 
121 418 
121 422 
122 153 
122 214 
122 306 
124 445 
125 219 
125 290 
125 324 
125 333 
125 383 
126 147 
126 320 
126 348 
126 362 
126 402 
127 150 
127 427 
127 435 
128 178 
128 220 
128 268 
128 311 
128 337 
128 345 
128 401 
128 412 
128 432 
128 449 
129 149 
129 164 
129 173 
129 285 
130 145 
130 312 
130 384 
130 455 
130 490 
131 180 
131 278 
131 350 
132 134 
132 250 
132 253 
132 294 
132 491 
133 136 
133 273 
133 324 
133 367 
133 486 
134 362 
134 366 
135 144 
135 198 
135 357 
135 389 
136 240 
136 294 
136 347 
137 158 
137 307 
138 142 
138 198 
138 296 
138 387 
139 150 
139 162 
139 179 
139 232 
139 265 
139 280 
139 297 
139 310 
139 349 
139 404 
139 415 
139 423 
139 477 
140 142 
140 237 
140 276 
140 308 
140 445 
140 462 
141 381 
142 181 
142 219 
142 370 
142 387 
143 176 
144 168 
144 220 
144 264 
144 272 
145 222 
145 300 
145 453 
146 252 
146 279 
146 329 
146 363 
146 406 
146 415 
146 433 
147 197 
147 254 
147 264 
147 403 
148 169 
148 381 
148 478 
148 496 
149 311 
150 373 
151 158 
151 315 
151 323 
152 164 
152 221 
152 250 
152 267 
152 469 
153 340 
153 453 
154 172 
154 179 
154 214 
154 421 
155 165 
155 195 
155 258 
155 303 
155 367 
156 203 
156 270 
156 301 
156 325 
156 456 
156 476 
157 174 
157 251 
157 261 
157 274 
157 463 
158 231 
158 244 
158 397 
158 497 
159 302 
160 161 
160 189 
160 253 
160 257 
160 315 
160 390 
161 163 
161 170 
161 193 
161 238 
161 242 
161 302 
161 327 
161 369 
161 390 
163 409 
164 206 
164 277 
164 455 
165 298 
165 486 
166 433 
166 474 
166 492 
167 243 
167 384 
167 386 
167 448 
167 490 
168 194 
168 210 
168 271 
168 331 
168 364 
168 380 
168 419 
168 477 
170 197 
170 202 
170 351 
172 230 
172 244 
172 426 
175 297 
176 228 
176 410 
176 476 
177 188 
177 236 
177 276 
177 286 
178 182 
178 204 
178 413 
179 195 
179 212 
179 248 
180 236 
180 328 
180 427 
182 310 
182 352 
182 388 
182 390 
182 468 
183 227 
183 415 
183 468 
184 233 
184 238 
184 409 
188 191 
188 447 
189 204 
189 446 
190 309 
191 262 
192 229 
192 237 
192 259 
193 266 
193 385 
193 413 
194 200 
194 256 
194 377 
195 199 
195 213 
195 227 
195 268 
195 370 
195 376 
200 309 
200 423 
200 485 
201 289 
201 430 
201 446 
202 218 
202 458 
202 460 
203 281 
203 285 
203 295 
203 439 
203 489 
204 295 
204 483 
205 227 
205 376 
205 420 
205 435 
205 463 
206 215 
206 466 
206 479 
207 215 
207 221 
207 230 
207 292 
207 313 
207 373 
207 374 
207 480 
209 492 
211 291 
211 359 
211 452 
212 247 
214 483 
214 497 
215 233 
215 333 
215 461 
216 434 
216 493 
217 311 
217 449 
218 356 
219 254 
219 351 
220 384 
222 256 
222 325 
222 340 
223 263 
223 323 
223 400 
223 407 
223 419 
223 498 
224 256 
224 400 
225 319 
225 325 
226 365 
226 418 
227 250 
227 294 
228 271 
228 338 
230 244 
230 487 
231 313 
232 264 
232 283 
232 294 
232 337 
232 432 
233 255 
233 301 
233 361 
233 469 
234 460 
238 337 
239 453 
240 241 
240 364 
240 389 
240 428 
240 446 
240 467 
241 296 
241 375 
241 382 
241 444 
243 275 
244 349 
247 279 
247 350 
250 434 
251 301 
252 277 
252 382 
253 326 
253 410 
253 422 
254 259 
254 306 
255 424 
255 436 
257 274 
257 400 
257 457 
258 268 
260 358 
260 394 
261 285 
261 289 
261 482 
262 344 
263 450 
263 493 
264 308 
264 316 
264 424 
265 475 
266 437 
266 438 
266 458 
268 358 
269 273 
269 315 
271 371 
271 444 
272 357 
273 412 
274 297 
274 302 
275 361 
275 490 
276 289 
276 304 
276 397 
277 495 
278 281 
278 382 
278 386 
278 448 
278 471 
279 307 
279 394 
281 385 
282 348 
283 356 
284 436 
286 326 
288 365 
291 395 
292 470 
293 321 
295 330 
295 416 
296 402 
297 441 
298 304 
298 484 
300 409 
301 383 
301 396 
302 343 
302 368 
302 373 
303 410 
304 392 
304 405 
306 421 
307 333 
307 389 
308 420 
308 454 
308 457 
312 481 
316 406 
316 431 
317 393 
317 394 
317 399 
317 422 
317 451 
317 473 
318 435 
318 461 
319 379 
319 478 
320 355 
320 380 
320 400 
321 380 
323 346 
325 379 
329 464 
330 346 
333 421 
335 416 
337 473 
339 347 
339 366 
342 379 
345 388 
346 467 
347 363 
347 445 
347 455 
348 349 
348 481 
352 391 
352 395 
355 378 
357 372 
361 383 
363 411 
365 394 
367 468 
369 459 
369 482 
370 436 
371 484 
372 399 
373 430 
373 482 
375 403 
375 474 
375 487 
380 414 
381 478 
389 472 
394 443 
395 434 
402 430 
402 458 
403 482 
406 432 
407 439 
409 488 
409 497 
410 413 
418 488 
421 434 
425 462 
425 489 
431 491 
432 464 
442 488 
443 450 
443 451 
443 498 
449 470 
453 458 
456 465 
459 477 
463 484 
468 481 
469 488 
471 473 
