false
false
500
1988
0 1 
0 3 
0 4 
0 5 
0 6 
0 7 
0 9 
0 10 
0 16 
0 18 
0 40 
0 72 
0 82 
0 83 
0 84 
0 124 
0 157 
0 198 
0 230 
0 237 
0 246 
0 290 
0 447 
0 452 
0 480 
1 2 
1 4 
1 5 
1 6 
1 8 
1 11 
1 12 
1 16 
1 18 
1 21 
1 23 
1 24 
1 25 
1 26 
1 33 
1 34 
1 36 
1 40 
1 42 
1 44 
1 45 
1 50 
1 55 
1 58 
1 67 
1 71 
1 72 
1 79 
1 82 
1 84 
1 100 
1 119 
1 130 
1 145 
1 148 
1 165 
1 168 
1 183 
1 194 
1 203 
1 207 
1 213 
1 221 
1 234 
1 240 
1 260 
1 262 
1 278 
1 281 
1 294 
1 318 
1 319 
1 355 
1 360 
1 366 
1 367 
1 368 
1 377 
1 383 
1 386 
1 388 
1 392 
1 398 
1 401 
1 406 
1 416 
1 431 
1 436 
1 438 
1 443 
1 449 
2 3 
2 4 
2 5 
2 6 
2 7 
2 8 
2 10 
2 11 
2 13 
2 14 
2 15 
2 22 
2 29 
2 30 
2 35 
2 40 
2 44 
2 53 
2 60 
2 73 
2 76 
2 96 
2 98 
2 118 
2 120 
2 123 
2 135 
2 137 
2 139 
2 142 
2 146 
2 168 
2 176 
2 192 
2 194 
2 197 
2 198 
2 210 
2 224 
2 226 
2 234 
2 263 
2 292 
2 322 
2 330 
2 336 
2 351 
2 354 
2 358 
2 370 
2 384 
2 389 
2 393 
2 398 
2 410 
2 411 
2 451 
2 458 
2 462 
3 4 
3 5 
3 7 
3 21 
3 66 
3 73 
3 90 
3 95 
3 112 
3 114 
3 148 
3 184 
3 203 
3 229 
3 231 
3 232 
3 242 
3 289 
3 291 
3 297 
3 305 
3 307 
3 328 
3 466 
3 482 
3 488 
3 489 
3 499 
4 7 
4 8 
4 9 
4 10 
4 11 
4 12 
4 13 
4 15 
4 17 
4 20 
4 22 
4 23 
4 24 
4 28 
4 31 
4 34 
4 35 
4 38 
4 39 
4 42 
4 47 
4 57 
4 59 
4 61 
4 64 
4 65 
4 67 
4 71 
4 74 
4 75 
4 76 
4 77 
4 80 
4 84 
4 89 
4 90 
4 95 
4 96 
4 97 
4 111 
4 112 
4 124 
4 128 
4 132 
4 135 
4 146 
4 147 
4 152 
4 170 
4 172 
4 181 
4 184 
4 193 
4 196 
4 200 
4 204 
4 212 
4 215 
4 233 
4 235 
4 250 
4 255 
4 257 
4 258 
4 265 
4 266 
4 269 
4 276 
4 279 
4 280 
4 282 
4 287 
4 307 
4 309 
4 310 
4 314 
4 319 
4 328 
4 337 
4 339 
4 340 
4 350 
4 359 
4 365 
4 379 
4 388 
4 390 
4 426 
4 439 
4 452 
4 455 
4 460 
4 469 
4 492 
4 493 
4 498 
5 6 
5 9 
5 11 
5 19 
5 20 
5 26 
5 32 
5 35 
5 38 
5 55 
5 59 
5 67 
5 76 
5 88 
5 96 
5 98 
5 113 
5 134 
5 141 
5 143 
5 164 
5 198 
5 202 
5 204 
5 209 
5 227 
5 229 
5 230 
5 252 
5 254 
5 261 
5 262 
5 264 
5 265 
5 271 
5 286 
5 292 
5 295 
5 305 
5 316 
5 394 
5 403 
5 427 
5 437 
5 447 
5 450 
5 460 
5 485 
5 498 
6 8 
6 9 
6 13 
6 14 
6 16 
6 18 
6 23 
6 27 
6 31 
6 33 
6 36 
6 39 
6 46 
6 51 
6 52 
6 53 
6 54 
6 58 
6 60 
6 68 
6 74 
6 75 
6 80 
6 96 
6 102 
6 116 
6 120 
6 124 
6 135 
6 151 
6 170 
6 199 
6 213 
6 258 
6 265 
6 276 
6 309 
6 311 
6 335 
6 345 
6 354 
6 360 
6 362 
6 363 
6 393 
6 409 
6 423 
6 427 
6 433 
6 435 
6 458 
7 12 
7 16 
7 26 
7 33 
7 43 
7 44 
7 50 
7 57 
7 62 
7 80 
7 123 
7 130 
7 173 
7 190 
7 200 
7 240 
7 247 
7 251 
7 338 
7 344 
7 365 
7 377 
7 408 
7 420 
7 431 
7 492 
7 493 
8 19 
8 25 
8 31 
8 54 
8 62 
8 69 
8 70 
8 78 
8 81 
8 86 
8 94 
8 118 
8 140 
8 146 
8 150 
8 157 
8 169 
8 190 
8 266 
8 277 
8 297 
8 352 
8 382 
8 416 
8 433 
8 474 
9 10 
9 14 
9 17 
9 19 
9 25 
9 29 
9 54 
9 56 
9 62 
9 99 
9 117 
9 151 
9 153 
9 156 
9 180 
9 233 
9 254 
9 284 
9 293 
9 326 
9 355 
9 401 
9 404 
9 409 
9 446 
9 461 
9 473 
10 14 
10 37 
10 93 
10 107 
10 157 
10 174 
10 189 
10 247 
10 340 
10 358 
10 399 
11 12 
11 21 
11 23 
11 39 
11 65 
11 78 
11 108 
11 122 
11 134 
11 136 
11 261 
11 290 
11 333 
11 356 
11 357 
11 479 
11 495 
11 498 
12 13 
12 15 
12 18 
12 19 
12 22 
12 25 
12 32 
12 37 
12 38 
12 39 
12 52 
12 61 
12 76 
12 87 
12 90 
12 94 
12 112 
12 143 
12 149 
12 151 
12 161 
12 163 
12 166 
12 171 
12 174 
12 196 
12 206 
12 224 
12 225 
12 230 
12 231 
12 250 
12 285 
12 292 
12 306 
12 307 
12 314 
12 316 
12 328 
12 334 
12 347 
12 359 
12 360 
12 410 
12 413 
12 419 
12 420 
12 422 
12 423 
12 424 
12 433 
12 439 
12 444 
12 477 
12 482 
12 488 
13 15 
13 17 
13 20 
13 21 
13 42 
13 48 
13 56 
13 57 
13 66 
13 68 
13 75 
13 91 
13 93 
13 110 
13 131 
13 133 
13 154 
13 162 
13 203 
13 210 
13 218 
13 227 
13 251 
13 255 
13 312 
13 322 
13 459 
13 481 
14 17 
14 24 
14 30 
14 34 
14 42 
14 44 
14 49 
14 102 
14 111 
14 149 
14 158 
14 167 
14 174 
14 264 
14 277 
14 281 
14 283 
14 293 
14 361 
14 364 
14 371 
14 414 
14 439 
14 453 
14 479 
15 20 
15 36 
15 46 
15 64 
15 109 
15 165 
15 212 
15 239 
15 253 
15 260 
15 262 
16 22 
16 41 
16 55 
16 72 
16 136 
16 142 
16 157 
16 159 
16 168 
16 176 
16 180 
16 183 
16 185 
16 197 
16 201 
16 205 
16 215 
16 234 
16 255 
16 325 
16 371 
16 394 
16 433 
17 27 
17 28 
17 50 
17 63 
17 66 
17 69 
17 85 
17 100 
17 108 
17 117 
17 155 
17 185 
17 190 
17 204 
17 217 
17 225 
17 266 
17 327 
17 381 
17 390 
17 393 
17 408 
17 415 
17 417 
17 462 
18 30 
18 37 
18 41 
18 46 
18 52 
18 62 
18 69 
18 70 
18 77 
18 147 
18 165 
18 173 
18 191 
18 235 
18 236 
18 237 
18 244 
18 259 
18 266 
18 273 
18 275 
18 276 
18 300 
18 302 
18 312 
18 315 
18 330 
18 334 
18 379 
18 413 
18 453 
19 28 
19 51 
19 99 
19 105 
19 122 
19 124 
19 152 
19 195 
19 197 
19 199 
19 200 
19 217 
19 225 
19 245 
19 247 
19 309 
19 381 
19 486 
20 27 
20 29 
20 45 
20 82 
20 130 
20 198 
20 235 
20 248 
20 323 
21 32 
21 59 
21 60 
21 67 
21 79 
21 83 
21 88 
21 92 
21 107 
21 108 
21 114 
21 127 
21 129 
21 159 
21 160 
21 163 
21 170 
21 202 
21 214 
21 215 
21 242 
21 253 
21 268 
21 352 
21 423 
21 426 
21 442 
21 467 
21 479 
22 58 
22 84 
22 86 
22 106 
22 110 
22 133 
22 139 
22 209 
22 258 
22 360 
22 382 
22 437 
23 24 
23 27 
23 30 
23 38 
23 48 
23 99 
23 105 
23 122 
23 150 
23 177 
23 182 
23 201 
23 256 
23 304 
23 342 
23 378 
23 424 
23 425 
24 28 
24 36 
24 43 
24 49 
24 51 
24 52 
24 57 
24 64 
24 69 
24 99 
24 102 
24 111 
24 115 
24 136 
24 137 
24 145 
24 155 
24 179 
24 208 
24 212 
24 320 
24 364 
24 383 
24 386 
24 407 
24 418 
24 422 
24 442 
24 454 
24 456 
24 484 
25 26 
25 34 
25 60 
25 78 
25 95 
25 111 
25 114 
25 145 
25 188 
25 238 
25 268 
25 269 
25 298 
25 301 
25 339 
25 354 
25 375 
25 399 
25 445 
25 467 
26 29 
26 31 
26 33 
26 35 
26 48 
26 59 
26 87 
26 97 
26 162 
26 288 
26 478 
27 37 
27 43 
27 56 
27 63 
27 104 
27 130 
27 141 
27 163 
27 241 
27 273 
27 295 
27 351 
28 41 
28 74 
28 94 
28 120 
28 126 
28 147 
28 175 
28 182 
28 193 
28 205 
28 267 
28 272 
28 283 
28 286 
28 298 
28 313 
28 384 
28 393 
28 450 
28 456 
28 490 
29 47 
29 167 
29 211 
29 280 
29 294 
29 361 
29 429 
30 40 
30 70 
30 90 
30 109 
30 128 
30 144 
30 150 
30 170 
30 206 
30 246 
30 257 
30 259 
30 294 
30 342 
30 434 
31 32 
31 45 
31 53 
31 89 
31 127 
31 141 
31 164 
31 178 
31 189 
31 192 
31 199 
31 248 
31 289 
31 308 
31 362 
31 396 
31 463 
31 496 
32 43 
32 72 
32 79 
32 121 
32 142 
32 211 
32 241 
32 270 
32 274 
32 300 
32 331 
32 355 
32 359 
32 473 
32 480 
32 488 
33 41 
33 47 
33 92 
33 113 
33 140 
33 144 
33 191 
33 208 
33 373 
33 383 
34 61 
34 77 
34 119 
34 121 
34 180 
34 208 
34 230 
34 335 
34 362 
34 447 
35 110 
35 117 
35 132 
35 185 
35 261 
35 350 
36 45 
36 175 
36 319 
36 422 
37 49 
37 224 
37 227 
38 79 
38 395 
38 432 
38 471 
39 75 
39 85 
39 120 
39 217 
39 243 
39 338 
39 395 
39 404 
39 412 
39 426 
39 495 
40 46 
40 53 
40 68 
40 114 
40 121 
40 132 
40 149 
40 209 
40 247 
40 303 
40 341 
40 354 
40 418 
40 440 
40 448 
40 449 
40 466 
41 47 
41 55 
41 63 
41 83 
41 107 
41 116 
41 218 
41 260 
41 281 
41 296 
41 297 
41 363 
41 373 
41 376 
41 391 
41 477 
42 89 
42 119 
42 140 
42 246 
42 254 
42 277 
42 421 
43 85 
43 104 
43 169 
43 188 
43 207 
43 305 
43 356 
43 369 
43 476 
44 73 
44 127 
44 141 
44 145 
44 152 
44 284 
44 319 
45 49 
45 126 
45 175 
45 214 
45 220 
46 51 
46 100 
46 133 
46 282 
46 353 
46 355 
46 430 
46 492 
47 48 
47 54 
47 73 
47 125 
47 210 
47 321 
47 324 
47 379 
47 419 
47 427 
48 61 
48 65 
48 81 
48 103 
48 165 
48 166 
48 188 
48 212 
48 255 
48 279 
48 284 
48 365 
48 453 
49 50 
49 86 
49 88 
49 178 
49 183 
49 232 
49 387 
50 100 
50 160 
50 310 
50 455 
51 214 
52 58 
52 66 
52 101 
52 104 
52 122 
52 134 
52 155 
52 184 
52 205 
52 223 
52 329 
52 435 
52 495 
53 70 
53 160 
53 428 
54 71 
54 91 
54 113 
54 148 
54 154 
54 186 
54 219 
54 226 
54 229 
54 268 
54 451 
55 56 
55 106 
55 121 
55 144 
55 155 
55 205 
55 214 
55 257 
55 368 
55 415 
55 454 
55 465 
56 64 
56 216 
56 410 
57 118 
57 119 
57 128 
57 219 
57 237 
57 263 
57 316 
57 394 
57 461 
58 74 
58 80 
58 92 
58 107 
58 116 
58 156 
58 189 
58 317 
58 357 
58 365 
58 374 
58 404 
58 416 
59 78 
59 381 
60 93 
60 200 
60 254 
60 300 
60 374 
60 487 
61 63 
61 68 
61 88 
61 101 
61 162 
61 182 
61 221 
61 244 
61 327 
61 343 
61 348 
61 375 
62 65 
62 97 
62 103 
62 115 
62 125 
62 138 
62 152 
62 211 
62 225 
62 274 
62 464 
62 470 
63 106 
64 272 
65 77 
65 83 
65 87 
65 91 
65 97 
65 126 
65 154 
65 202 
65 226 
65 334 
65 438 
65 456 
66 143 
66 192 
66 222 
66 226 
66 244 
66 457 
67 71 
67 87 
67 92 
67 105 
67 128 
67 131 
67 179 
67 234 
67 245 
67 270 
67 289 
67 296 
67 341 
67 370 
67 478 
68 104 
68 125 
68 177 
68 281 
68 325 
68 414 
68 486 
69 81 
69 85 
69 86 
69 91 
69 102 
69 103 
69 209 
69 227 
69 233 
69 250 
69 322 
69 342 
69 389 
70 89 
70 93 
70 105 
70 129 
70 139 
70 193 
70 267 
70 273 
70 456 
70 471 
71 112 
71 159 
71 180 
71 274 
71 326 
71 484 
72 106 
72 161 
72 256 
73 125 
73 129 
73 168 
73 308 
73 387 
73 396 
73 399 
73 438 
74 191 
74 210 
74 213 
74 372 
74 405 
74 471 
74 474 
75 158 
75 475 
76 115 
76 137 
76 146 
76 156 
76 173 
76 220 
76 242 
76 295 
76 331 
76 337 
76 356 
76 368 
77 81 
77 82 
77 327 
78 95 
78 98 
78 113 
78 117 
78 138 
78 193 
78 275 
78 311 
78 332 
78 380 
78 398 
79 98 
79 161 
79 169 
79 312 
79 463 
80 109 
80 137 
80 148 
80 179 
80 184 
80 185 
80 208 
80 220 
80 301 
80 407 
80 432 
81 361 
81 368 
81 408 
81 484 
82 301 
82 321 
83 101 
83 256 
85 315 
85 329 
85 448 
86 115 
86 237 
86 389 
87 144 
87 186 
87 222 
87 223 
87 336 
87 428 
87 484 
88 101 
88 133 
88 138 
88 166 
88 268 
89 241 
90 151 
90 376 
90 475 
91 94 
92 108 
92 159 
92 207 
93 109 
93 127 
93 306 
94 116 
94 123 
94 186 
94 223 
94 262 
94 339 
94 445 
95 252 
95 287 
95 320 
95 405 
95 413 
95 425 
96 103 
96 149 
96 323 
96 418 
97 167 
97 186 
97 303 
97 333 
98 270 
98 491 
99 118 
99 131 
99 171 
99 222 
99 285 
99 462 
100 175 
100 325 
100 419 
101 134 
101 171 
101 178 
101 308 
101 376 
101 414 
101 421 
102 143 
102 195 
102 248 
102 257 
102 369 
102 388 
103 177 
103 195 
103 468 
105 156 
105 172 
105 272 
105 280 
106 288 
106 326 
106 390 
106 396 
106 461 
107 414 
108 110 
108 126 
108 218 
108 324 
109 206 
109 435 
110 154 
110 228 
110 275 
111 123 
111 147 
111 177 
111 219 
111 241 
111 328 
111 374 
111 472 
111 483 
112 183 
112 304 
112 311 
112 431 
113 215 
114 222 
114 250 
114 251 
114 400 
114 481 
115 178 
115 382 
115 452 
115 465 
116 132 
116 162 
116 252 
116 278 
116 310 
116 327 
116 332 
116 364 
116 407 
116 464 
116 491 
117 164 
117 211 
117 238 
117 323 
118 326 
118 437 
118 480 
118 485 
119 236 
119 285 
119 342 
120 136 
120 138 
120 160 
120 181 
120 216 
120 239 
120 288 
120 291 
120 340 
120 403 
120 404 
120 412 
121 179 
121 189 
121 440 
121 441 
121 442 
121 467 
121 494 
122 140 
122 359 
123 142 
123 150 
123 153 
123 169 
123 219 
123 290 
123 313 
123 378 
123 454 
124 131 
124 232 
124 377 
125 135 
125 153 
125 174 
125 182 
125 494 
126 279 
126 425 
127 163 
127 191 
127 304 
127 346 
127 400 
128 129 
128 403 
128 431 
128 470 
129 322 
129 428 
129 473 
129 474 
130 153 
130 161 
130 221 
130 320 
130 348 
130 411 
130 469 
130 479 
131 199 
132 253 
134 166 
134 417 
135 158 
135 344 
135 459 
136 196 
136 259 
136 263 
137 385 
137 497 
138 139 
138 158 
138 187 
138 228 
138 243 
138 283 
138 294 
138 358 
138 441 
138 443 
139 315 
140 194 
140 218 
140 224 
140 291 
140 337 
140 344 
140 364 
142 190 
143 239 
144 477 
145 181 
145 216 
145 231 
145 420 
147 334 
148 188 
148 303 
148 317 
148 466 
149 277 
149 300 
149 312 
149 314 
149 316 
149 353 
149 406 
150 204 
150 229 
150 332 
151 286 
151 348 
151 358 
152 176 
153 167 
153 172 
153 187 
153 386 
153 430 
153 432 
154 187 
155 201 
155 245 
155 246 
155 332 
155 361 
155 434 
155 455 
155 463 
155 490 
156 307 
157 340 
158 446 
159 172 
159 187 
159 249 
160 164 
160 318 
160 351 
160 373 
160 378 
160 397 
160 409 
160 411 
160 427 
160 472 
160 481 
161 278 
161 302 
161 313 
161 374 
161 487 
162 267 
162 447 
162 465 
163 256 
163 295 
163 405 
163 444 
164 171 
164 231 
164 346 
164 436 
164 451 
164 489 
165 223 
165 264 
165 363 
166 173 
166 392 
167 201 
168 176 
168 238 
168 306 
168 324 
168 402 
169 293 
169 452 
170 299 
171 195 
171 206 
171 385 
171 417 
172 197 
172 286 
173 248 
173 249 
173 302 
173 412 
173 476 
174 330 
174 345 
174 371 
174 474 
175 240 
175 296 
175 317 
176 194 
176 238 
176 352 
176 356 
178 343 
178 435 
179 181 
179 303 
179 369 
180 258 
182 243 
182 299 
182 372 
182 441 
183 347 
186 304 
187 196 
187 221 
188 202 
188 207 
188 253 
188 421 
188 497 
189 192 
189 220 
189 264 
189 377 
189 392 
189 397 
190 278 
190 279 
191 245 
191 357 
191 464 
193 236 
193 323 
193 349 
193 487 
194 280 
195 203 
195 213 
195 217 
195 336 
195 338 
195 366 
195 458 
196 284 
196 333 
196 370 
196 409 
197 235 
197 249 
197 260 
197 293 
197 369 
197 417 
197 482 
198 476 
200 239 
200 269 
200 302 
201 232 
201 288 
201 430 
202 362 
203 408 
205 283 
205 318 
205 345 
205 442 
205 470 
206 269 
206 373 
207 400 
208 216 
208 285 
208 309 
208 344 
208 397 
208 428 
208 445 
209 228 
209 350 
209 460 
210 244 
211 228 
211 265 
211 267 
211 333 
211 499 
212 252 
212 318 
212 432 
213 263 
213 400 
213 430 
213 483 
214 385 
214 421 
215 282 
216 397 
216 489 
216 496 
217 446 
217 493 
219 410 
220 341 
220 392 
220 450 
221 299 
222 272 
222 292 
222 314 
222 402 
222 406 
222 436 
222 476 
223 468 
224 329 
224 487 
225 350 
225 457 
226 243 
226 475 
227 249 
227 385 
227 391 
229 371 
229 440 
230 251 
230 310 
230 313 
231 233 
231 236 
231 470 
232 297 
232 330 
232 446 
232 478 
233 259 
233 335 
233 339 
233 437 
234 380 
235 343 
235 372 
236 375 
237 384 
237 415 
238 240 
238 298 
238 301 
238 308 
238 351 
239 242 
239 275 
239 289 
239 345 
239 441 
239 489 
240 419 
240 420 
241 370 
242 375 
244 384 
245 270 
245 271 
245 274 
245 401 
247 349 
248 460 
249 406 
249 472 
251 271 
252 367 
253 341 
253 347 
253 443 
256 261 
257 276 
257 305 
258 287 
258 290 
258 387 
260 336 
260 401 
260 436 
261 271 
261 287 
261 299 
261 315 
261 335 
261 366 
261 394 
261 448 
262 320 
262 467 
262 475 
263 321 
264 349 
266 444 
266 463 
269 348 
269 366 
269 423 
270 273 
270 391 
271 282 
271 403 
271 478 
272 306 
272 449 
274 386 
274 483 
274 490 
281 291 
281 450 
281 453 
282 338 
284 418 
289 298 
289 352 
290 296 
292 343 
292 496 
294 391 
295 346 
300 448 
301 349 
302 311 
304 337 
304 357 
304 407 
304 424 
304 492 
306 378 
307 331 
308 331 
308 429 
308 449 
309 379 
309 440 
309 454 
309 496 
310 481 
311 317 
311 321 
311 458 
312 329 
312 429 
314 324 
316 347 
316 494 
318 486 
319 346 
319 387 
319 395 
319 424 
320 325 
321 486 
324 429 
326 477 
328 376 
328 390 
329 353 
330 372 
330 402 
330 462 
331 396 
332 380 
334 491 
335 464 
337 367 
337 398 
337 459 
339 367 
340 443 
343 499 
345 413 
349 381 
350 353 
351 383 
352 363 
352 388 
354 488 
358 415 
358 439 
359 402 
362 425 
362 451 
362 473 
366 495 
371 412 
375 380 
376 465 
379 382 
381 490 
385 389 
387 395 
387 497 
388 399 
389 485 
392 499 
395 405 
398 498 
401 472 
404 422 
406 416 
406 457 
406 469 
407 411 
407 426 
407 434 
407 482 
409 483 
410 461 
415 434 
416 444 
417 471 
420 457 
422 459 
425 468 
427 438 
431 468 
436 466 
437 491 
438 445 
438 455 
448 469 
459 497 
460 480 
467 494 
474 493 
478 485 
