false
false
500
1988
0 1 
0 3 
0 4 
0 5 
0 8 
0 11 
0 14 
0 22 
0 28 
0 30 
0 46 
0 47 
0 54 
0 67 
0 83 
0 102 
0 108 
0 116 
0 118 
0 130 
0 134 
0 135 
0 144 
0 149 
0 152 
0 157 
0 188 
0 197 
0 214 
0 225 
0 244 
0 256 
0 260 
0 338 
0 369 
0 405 
0 413 
0 496 
1 2 
1 4 
1 6 
1 7 
1 8 
1 9 
1 18 
1 23 
1 32 
1 33 
1 39 
1 41 
1 44 
1 72 
1 73 
1 80 
1 86 
1 94 
1 95 
1 96 
1 99 
1 104 
1 113 
1 117 
1 144 
1 156 
1 158 
1 160 
1 168 
1 192 
1 201 
1 204 
1 243 
1 252 
1 285 
1 288 
1 316 
1 325 
1 371 
1 384 
1 390 
1 405 
1 412 
1 413 
1 426 
1 430 
1 448 
1 452 
1 470 
1 488 
1 497 
2 3 
2 4 
2 5 
2 6 
2 7 
2 8 
2 9 
2 10 
2 12 
2 17 
2 18 
2 19 
2 21 
2 25 
2 26 
2 40 
2 44 
2 49 
2 50 
2 59 
2 70 
2 84 
2 87 
2 92 
2 95 
2 98 
2 103 
2 115 
2 119 
2 122 
2 127 
2 131 
2 132 
2 133 
2 137 
2 141 
2 153 
2 159 
2 160 
2 165 
2 167 
2 172 
2 180 
2 185 
2 212 
2 217 
2 221 
2 224 
2 230 
2 257 
2 267 
2 268 
2 270 
2 290 
2 307 
2 330 
2 348 
2 351 
2 366 
2 379 
2 380 
2 398 
2 413 
2 445 
2 480 
2 492 
3 4 
3 5 
3 11 
3 13 
3 16 
3 19 
3 21 
3 22 
3 24 
3 29 
3 34 
3 47 
3 54 
3 62 
3 70 
3 77 
3 89 
3 92 
3 95 
3 99 
3 119 
3 151 
3 160 
3 204 
3 208 
3 211 
3 221 
3 242 
3 265 
3 287 
3 296 
3 318 
3 334 
3 374 
3 399 
3 403 
3 411 
3 416 
3 423 
3 432 
3 451 
3 466 
3 467 
3 471 
4 5 
4 6 
4 8 
4 9 
4 12 
4 13 
4 15 
4 20 
4 22 
4 23 
4 27 
4 28 
4 29 
4 31 
4 32 
4 37 
4 40 
4 42 
4 46 
4 50 
4 56 
4 63 
4 84 
4 107 
4 110 
4 112 
4 126 
4 143 
4 156 
4 158 
4 175 
4 182 
4 190 
4 201 
4 209 
4 231 
4 243 
4 251 
4 269 
4 292 
4 294 
4 301 
4 314 
4 315 
4 327 
4 330 
4 357 
4 366 
4 384 
4 389 
4 391 
4 404 
4 407 
4 422 
4 424 
4 461 
4 474 
4 476 
4 480 
4 489 
4 497 
4 498 
5 6 
5 7 
5 10 
5 19 
5 23 
5 25 
5 31 
5 45 
5 53 
5 54 
5 56 
5 57 
5 82 
5 89 
5 110 
5 111 
5 117 
5 145 
5 166 
5 167 
5 181 
5 209 
5 309 
5 338 
5 342 
5 343 
5 345 
5 361 
5 373 
5 375 
5 398 
5 417 
5 455 
5 472 
5 480 
6 7 
6 9 
6 12 
6 14 
6 22 
6 33 
6 35 
6 38 
6 47 
6 57 
6 58 
6 59 
6 65 
6 68 
6 72 
6 91 
6 94 
6 103 
6 104 
6 107 
6 109 
6 142 
6 146 
6 182 
6 195 
6 229 
6 230 
6 232 
6 241 
6 259 
6 269 
6 273 
6 314 
6 326 
6 337 
6 348 
6 380 
6 435 
7 10 
7 11 
7 13 
7 15 
7 31 
7 33 
7 38 
7 41 
7 47 
7 63 
7 80 
7 118 
7 122 
7 128 
7 140 
7 193 
7 207 
7 217 
7 241 
7 340 
7 356 
7 365 
7 382 
8 10 
8 11 
8 14 
8 17 
8 24 
8 26 
8 27 
8 34 
8 36 
8 40 
8 44 
8 64 
8 71 
8 85 
8 86 
8 119 
8 137 
8 147 
8 148 
8 168 
8 214 
8 255 
8 278 
8 290 
8 295 
8 305 
8 310 
8 337 
8 344 
8 348 
8 367 
8 378 
8 382 
8 395 
8 398 
8 405 
8 410 
8 448 
8 466 
8 485 
8 488 
9 13 
9 14 
9 16 
9 18 
9 20 
9 21 
9 23 
9 24 
9 26 
9 29 
9 30 
9 45 
9 49 
9 52 
9 53 
9 56 
9 76 
9 81 
9 91 
9 104 
9 113 
9 114 
9 120 
9 129 
9 144 
9 148 
9 149 
9 169 
9 177 
9 196 
9 200 
9 203 
9 215 
9 255 
9 266 
9 277 
9 286 
9 296 
9 310 
9 333 
9 344 
9 351 
9 396 
9 416 
9 452 
9 463 
9 469 
9 486 
9 494 
10 15 
10 20 
10 38 
10 73 
10 149 
10 247 
10 314 
10 368 
10 485 
10 489 
11 12 
11 15 
11 17 
11 18 
11 20 
11 31 
11 43 
11 60 
11 61 
11 75 
11 81 
11 103 
11 105 
11 132 
11 154 
11 162 
11 174 
11 176 
11 190 
11 205 
11 220 
11 272 
11 276 
11 316 
11 415 
11 438 
11 442 
11 444 
11 445 
11 476 
12 17 
12 26 
12 34 
12 58 
12 79 
12 100 
12 101 
12 111 
12 125 
12 131 
12 163 
12 204 
12 288 
12 307 
12 349 
12 350 
12 403 
12 433 
12 443 
12 447 
13 21 
13 37 
13 43 
13 52 
13 64 
13 68 
13 79 
13 97 
13 108 
13 146 
13 193 
13 205 
13 239 
13 307 
13 344 
13 372 
14 16 
14 27 
14 34 
14 39 
14 40 
14 41 
14 45 
14 53 
14 55 
14 59 
14 60 
14 63 
14 71 
14 78 
14 88 
14 109 
14 135 
14 139 
14 177 
14 222 
14 227 
14 234 
14 264 
14 283 
14 305 
14 360 
14 376 
14 390 
14 434 
14 440 
14 474 
15 16 
15 19 
15 24 
15 27 
15 32 
15 37 
15 62 
15 75 
15 80 
15 114 
15 119 
15 148 
15 155 
15 158 
15 161 
15 183 
15 217 
15 237 
15 258 
15 259 
15 275 
15 328 
15 338 
15 345 
15 358 
15 369 
15 399 
15 462 
15 468 
15 481 
15 499 
16 35 
16 37 
16 52 
16 94 
16 101 
16 134 
16 153 
16 240 
16 295 
17 25 
17 48 
17 61 
17 72 
17 75 
17 90 
17 135 
17 152 
17 184 
17 186 
17 206 
17 232 
17 236 
17 276 
17 345 
17 374 
17 408 
17 416 
17 422 
17 444 
17 458 
18 32 
18 35 
18 66 
18 76 
18 87 
18 98 
18 115 
18 121 
18 128 
18 151 
18 178 
18 179 
18 263 
18 457 
18 459 
19 25 
19 54 
19 75 
19 89 
19 123 
19 140 
19 150 
19 222 
19 245 
19 264 
19 281 
19 285 
19 327 
19 331 
19 337 
19 401 
19 425 
19 434 
19 455 
19 458 
20 50 
20 88 
20 314 
20 319 
20 446 
20 448 
21 28 
21 43 
21 81 
21 102 
21 112 
21 121 
21 154 
21 173 
21 294 
21 315 
21 324 
21 367 
21 382 
21 420 
21 422 
21 445 
22 36 
22 64 
22 65 
22 82 
22 88 
22 117 
22 123 
22 143 
22 162 
22 208 
22 210 
22 213 
22 227 
22 289 
22 291 
22 331 
22 386 
22 469 
22 492 
23 30 
23 35 
23 39 
23 49 
23 52 
23 73 
23 74 
23 83 
23 91 
23 136 
23 139 
23 164 
23 166 
23 176 
23 189 
23 190 
23 191 
23 205 
23 208 
23 258 
23 280 
23 336 
23 357 
23 365 
23 407 
23 435 
23 440 
23 489 
23 495 
24 41 
24 51 
24 55 
24 68 
24 89 
24 118 
24 198 
24 215 
24 249 
24 270 
24 279 
24 298 
24 317 
24 335 
24 397 
24 483 
24 496 
25 66 
25 181 
25 233 
25 281 
25 391 
25 428 
26 36 
26 43 
26 87 
26 90 
26 136 
26 164 
26 172 
26 189 
26 304 
26 367 
26 481 
27 28 
27 30 
27 49 
27 51 
27 71 
27 102 
27 115 
27 116 
27 120 
27 154 
27 201 
27 212 
27 226 
27 243 
27 282 
27 331 
27 335 
27 342 
27 371 
27 372 
27 454 
28 29 
28 33 
28 36 
28 55 
28 72 
28 125 
28 139 
28 164 
28 188 
28 202 
28 218 
28 228 
28 273 
28 277 
28 408 
28 412 
28 417 
28 425 
28 427 
28 470 
29 42 
29 64 
29 65 
29 93 
29 136 
29 138 
29 160 
29 191 
29 214 
29 219 
29 237 
29 244 
29 261 
29 306 
29 308 
29 320 
29 431 
29 437 
29 493 
30 143 
30 146 
30 171 
30 192 
30 202 
30 239 
30 260 
30 284 
30 491 
31 38 
31 56 
31 74 
31 84 
31 101 
31 133 
31 206 
31 223 
31 265 
31 283 
31 311 
31 332 
31 357 
31 437 
31 487 
32 415 
32 473 
33 131 
34 42 
34 46 
34 68 
34 113 
34 129 
34 130 
34 142 
34 159 
34 200 
34 204 
34 210 
34 211 
34 213 
34 230 
34 246 
34 303 
34 346 
34 350 
34 380 
34 399 
34 414 
34 417 
34 469 
34 484 
35 48 
35 97 
35 112 
35 145 
35 183 
35 340 
35 370 
35 406 
36 139 
36 169 
36 229 
37 39 
37 42 
37 50 
37 62 
37 83 
37 86 
37 109 
37 141 
37 175 
37 184 
37 197 
37 199 
37 306 
37 308 
37 334 
37 441 
37 467 
37 471 
37 499 
38 58 
38 74 
38 193 
38 199 
38 265 
38 297 
38 323 
38 364 
38 404 
38 497 
39 51 
39 53 
39 55 
39 61 
39 70 
39 86 
39 114 
39 124 
39 140 
39 180 
39 187 
39 226 
39 241 
39 293 
39 304 
39 312 
39 375 
39 397 
39 410 
39 447 
39 462 
39 484 
40 48 
40 51 
40 59 
40 69 
40 85 
40 96 
40 112 
40 122 
40 132 
40 175 
40 189 
40 192 
40 203 
40 238 
40 251 
40 315 
40 334 
40 365 
40 390 
40 444 
41 44 
41 69 
41 161 
41 167 
41 172 
41 181 
41 358 
41 400 
41 415 
41 454 
42 48 
42 61 
42 468 
43 45 
43 46 
43 76 
43 259 
43 368 
43 381 
44 62 
44 142 
44 174 
44 235 
44 246 
44 254 
44 286 
44 418 
44 482 
45 424 
46 88 
46 102 
46 118 
46 140 
46 157 
46 172 
46 250 
46 255 
46 328 
46 346 
47 69 
47 71 
47 76 
47 96 
47 106 
47 120 
47 132 
47 185 
47 262 
47 337 
47 358 
47 430 
47 449 
47 491 
47 494 
48 57 
48 67 
48 78 
48 100 
48 128 
48 134 
48 165 
48 180 
48 236 
48 246 
48 273 
48 320 
48 332 
48 355 
48 388 
49 63 
49 93 
49 111 
49 125 
49 170 
49 249 
49 301 
49 391 
50 92 
50 105 
50 135 
51 60 
51 69 
51 77 
51 78 
51 187 
51 219 
51 247 
51 281 
51 296 
51 333 
51 344 
52 73 
52 105 
52 108 
52 412 
52 470 
53 58 
53 79 
53 120 
53 136 
53 298 
53 300 
54 57 
54 85 
54 223 
54 389 
54 438 
55 82 
55 121 
55 129 
55 148 
55 174 
55 299 
55 445 
55 473 
56 60 
56 85 
56 87 
56 97 
56 159 
56 285 
56 301 
56 459 
57 66 
57 74 
57 151 
57 182 
57 192 
57 264 
57 269 
57 330 
57 338 
57 339 
57 354 
57 437 
57 485 
58 99 
58 178 
58 197 
58 220 
58 229 
58 418 
58 471 
59 77 
59 96 
59 98 
59 123 
59 218 
59 227 
59 240 
59 449 
59 450 
60 65 
60 67 
60 81 
60 93 
60 97 
60 116 
60 125 
60 151 
60 180 
60 187 
60 219 
60 229 
60 313 
60 419 
60 447 
61 359 
62 66 
62 82 
62 109 
62 154 
62 178 
62 203 
62 309 
62 315 
62 320 
62 426 
62 433 
63 218 
63 325 
64 67 
64 105 
64 147 
64 178 
64 183 
64 198 
64 230 
64 343 
64 405 
65 92 
65 107 
65 177 
65 242 
65 248 
65 311 
65 339 
65 383 
65 421 
66 70 
66 152 
66 156 
66 171 
66 199 
66 240 
66 247 
66 276 
66 319 
66 329 
66 334 
66 372 
67 99 
67 146 
67 179 
67 216 
67 275 
67 276 
67 362 
67 411 
67 462 
68 206 
68 254 
68 341 
69 179 
69 253 
69 271 
69 293 
69 441 
70 106 
70 124 
70 153 
70 297 
70 316 
70 409 
71 80 
71 121 
71 225 
71 240 
71 257 
71 375 
71 439 
72 127 
72 156 
72 164 
72 245 
72 257 
72 262 
72 274 
72 275 
72 426 
72 479 
73 100 
73 137 
73 233 
73 295 
73 302 
73 376 
74 77 
74 78 
74 79 
74 364 
74 441 
74 496 
75 90 
75 143 
75 157 
75 159 
75 308 
75 464 
76 90 
76 106 
76 123 
76 163 
76 226 
76 490 
77 141 
77 324 
78 83 
78 111 
78 252 
78 287 
78 494 
79 116 
79 130 
79 225 
79 285 
79 286 
79 293 
80 98 
80 170 
80 184 
80 205 
80 207 
80 217 
80 221 
80 237 
80 255 
80 277 
80 364 
80 386 
80 406 
81 216 
81 234 
81 277 
82 84 
82 106 
82 131 
82 155 
82 191 
82 202 
82 207 
82 246 
82 488 
83 282 
84 103 
84 124 
84 126 
84 182 
84 324 
84 330 
84 386 
84 409 
84 474 
85 91 
85 101 
85 157 
85 214 
85 235 
85 280 
86 107 
86 138 
86 147 
86 170 
86 446 
86 464 
86 466 
87 93 
87 126 
87 168 
87 188 
87 239 
87 291 
87 443 
88 94 
89 95 
89 490 
90 104 
90 162 
90 208 
90 222 
90 224 
90 231 
90 302 
90 466 
90 479 
91 129 
91 150 
91 167 
91 292 
91 296 
91 340 
91 342 
91 384 
91 439 
91 456 
92 360 
93 290 
93 361 
93 460 
93 495 
94 356 
94 389 
94 421 
95 356 
96 149 
96 250 
96 299 
96 359 
96 476 
97 100 
97 124 
97 145 
98 357 
98 401 
99 130 
99 161 
99 165 
99 211 
99 222 
99 250 
99 361 
99 396 
99 496 
100 117 
100 141 
100 144 
100 150 
100 186 
100 290 
100 306 
100 308 
100 320 
101 108 
101 127 
101 147 
101 179 
101 242 
101 446 
102 110 
102 113 
102 115 
102 241 
102 300 
102 313 
102 341 
102 387 
102 403 
103 183 
103 332 
103 371 
103 479 
104 175 
104 203 
104 224 
104 237 
104 263 
104 267 
104 361 
104 377 
104 467 
105 127 
105 493 
106 341 
107 126 
107 145 
107 269 
107 379 
107 463 
108 195 
108 289 
108 428 
109 110 
109 114 
109 163 
109 171 
109 186 
109 196 
109 198 
109 245 
109 263 
109 297 
109 302 
109 364 
109 438 
109 457 
110 325 
110 329 
111 232 
111 294 
111 300 
111 377 
111 403 
111 484 
112 150 
112 219 
112 295 
112 409 
112 421 
112 433 
113 433 
114 220 
114 329 
115 181 
115 184 
115 493 
116 206 
116 465 
117 363 
117 448 
118 152 
118 153 
118 189 
118 190 
118 283 
118 309 
118 414 
118 430 
118 470 
118 473 
119 122 
119 223 
120 162 
120 313 
120 354 
120 379 
120 412 
120 468 
120 497 
121 133 
122 128 
123 236 
124 137 
124 194 
124 211 
124 232 
124 439 
125 287 
125 383 
126 173 
126 198 
126 251 
126 392 
126 402 
127 155 
127 166 
127 216 
127 328 
128 256 
128 312 
128 420 
128 460 
129 133 
129 134 
129 138 
129 142 
129 349 
129 372 
130 248 
130 249 
130 264 
130 310 
130 363 
130 456 
131 443 
132 243 
132 491 
133 223 
133 238 
133 347 
133 465 
135 251 
135 281 
135 360 
135 374 
136 138 
136 155 
136 191 
136 199 
136 221 
136 272 
136 280 
136 395 
136 402 
137 161 
137 299 
137 319 
137 327 
137 347 
137 383 
137 407 
137 431 
137 446 
137 458 
138 165 
138 185 
138 245 
138 287 
138 288 
138 385 
138 413 
138 427 
138 481 
138 486 
138 491 
139 212 
139 422 
139 427 
140 227 
140 273 
140 353 
140 363 
141 261 
141 275 
141 396 
141 407 
141 419 
142 173 
142 210 
142 258 
142 262 
143 233 
143 341 
143 490 
144 169 
144 173 
144 213 
144 367 
144 377 
144 442 
145 170 
145 197 
145 303 
145 346 
145 368 
145 449 
145 452 
147 169 
147 176 
147 228 
147 299 
147 326 
147 353 
147 447 
147 456 
148 254 
148 261 
148 388 
149 235 
149 252 
149 279 
149 369 
149 392 
150 163 
150 323 
150 378 
150 387 
150 487 
151 158 
151 194 
151 196 
151 210 
151 278 
152 174 
152 193 
152 216 
152 282 
152 327 
152 343 
152 345 
152 359 
152 432 
153 168 
153 176 
153 306 
153 332 
153 381 
153 387 
153 401 
153 459 
154 260 
154 291 
154 436 
154 457 
155 177 
155 228 
155 475 
156 171 
156 188 
156 268 
156 301 
156 404 
157 186 
157 209 
157 235 
157 253 
157 336 
157 369 
157 411 
157 450 
158 442 
159 233 
159 234 
159 253 
159 304 
159 438 
159 492 
160 347 
160 366 
161 195 
161 279 
162 195 
162 201 
162 249 
162 297 
162 409 
162 423 
162 436 
163 185 
163 196 
163 213 
163 239 
163 247 
163 305 
163 321 
163 323 
163 349 
163 457 
163 495 
164 166 
164 209 
164 212 
164 231 
164 317 
164 352 
165 194 
165 307 
165 358 
165 386 
165 477 
166 402 
167 283 
167 294 
167 322 
168 200 
169 279 
169 342 
169 436 
170 385 
170 471 
170 499 
171 207 
171 280 
171 284 
171 321 
173 194 
173 267 
175 284 
176 238 
179 420 
180 383 
181 187 
181 234 
181 236 
181 257 
181 451 
181 461 
182 373 
182 385 
182 393 
183 244 
183 394 
184 200 
185 202 
185 401 
186 231 
186 478 
187 215 
187 226 
187 258 
187 271 
187 278 
187 289 
187 350 
188 318 
188 326 
188 398 
188 400 
189 393 
190 300 
190 429 
191 293 
191 397 
192 284 
193 360 
193 402 
193 440 
194 312 
194 329 
194 459 
195 271 
195 351 
195 435 
195 462 
196 270 
196 441 
197 215 
197 432 
198 252 
198 268 
199 218 
199 224 
199 429 
200 339 
200 352 
200 374 
200 423 
200 427 
201 423 
201 458 
201 484 
202 362 
203 335 
204 478 
205 335 
205 429 
206 265 
206 286 
206 289 
206 394 
209 312 
210 250 
210 256 
210 396 
210 468 
211 225 
211 292 
212 278 
213 298 
213 371 
214 363 
215 262 
216 253 
217 242 
217 483 
218 220 
218 270 
218 322 
218 353 
218 373 
218 467 
221 354 
223 455 
224 351 
224 352 
224 370 
225 228 
225 266 
225 378 
225 478 
226 464 
226 483 
227 260 
227 268 
227 326 
227 450 
228 352 
228 355 
229 238 
230 248 
230 387 
230 442 
232 381 
232 477 
233 266 
233 472 
234 309 
235 271 
235 298 
235 303 
235 318 
235 353 
235 435 
236 244 
236 375 
236 392 
236 477 
237 321 
237 408 
237 449 
237 465 
238 404 
239 254 
239 267 
239 274 
240 316 
240 410 
240 415 
240 424 
241 318 
242 261 
242 397 
244 259 
244 365 
245 248 
245 311 
245 325 
245 362 
245 382 
245 411 
245 475 
246 272 
247 356 
247 461 
247 475 
247 494 
248 256 
248 263 
248 274 
248 322 
249 288 
249 354 
250 266 
250 370 
250 395 
251 305 
252 322 
253 317 
253 328 
253 394 
255 388 
256 333 
256 419 
257 381 
258 349 
258 359 
258 410 
258 417 
258 453 
259 303 
259 388 
260 323 
260 451 
262 366 
263 311 
263 475 
264 343 
265 421 
266 272 
266 465 
267 282 
267 426 
268 313 
269 274 
269 292 
270 331 
271 368 
272 390 
272 439 
274 362 
276 291 
276 304 
276 310 
276 389 
276 477 
280 377 
281 321 
281 347 
281 425 
281 430 
283 440 
283 479 
284 333 
286 384 
287 317 
288 319 
288 346 
288 443 
289 340 
290 431 
291 379 
291 431 
292 302 
292 395 
294 336 
295 324 
295 434 
297 480 
298 376 
300 419 
302 489 
305 376 
305 490 
308 418 
309 400 
309 406 
309 418 
309 429 
310 485 
310 488 
311 408 
311 425 
316 399 
316 460 
318 339 
318 414 
322 336 
324 348 
325 373 
327 355 
327 392 
327 499 
328 355 
328 444 
328 486 
330 478 
331 350 
334 385 
335 463 
336 391 
342 498 
343 454 
344 469 
345 463 
346 461 
349 378 
349 428 
349 486 
352 492 
353 370 
357 454 
357 455 
359 416 
363 420 
363 464 
364 481 
365 380 
366 437 
368 434 
368 474 
371 450 
375 436 
380 394 
382 473 
383 393 
384 400 
384 406 
386 432 
388 452 
389 393 
390 424 
392 482 
399 493 
400 482 
402 453 
405 414 
405 472 
405 498 
411 453 
411 482 
413 428 
413 483 
415 487 
416 453 
423 460 
424 456 
426 476 
439 498 
447 451 
459 472 
459 495 
475 487 
