false
false
500
1988
0 1 
0 3 
0 4 
0 6 
0 12 
0 28 
0 50 
0 60 
0 76 
0 79 
0 83 
0 84 
0 148 
0 153 
0 184 
0 270 
0 293 
0 309 
0 339 
0 365 
0 370 
0 390 
0 435 
0 485 
1 2 
1 4 
1 5 
1 7 
1 9 
1 11 
1 14 
1 15 
1 17 
1 18 
1 20 
1 21 
1 43 
1 46 
1 48 
1 49 
1 52 
1 59 
1 65 
1 66 
1 71 
1 75 
1 92 
1 93 
1 111 
1 118 
1 138 
1 139 
1 144 
1 148 
1 155 
1 170 
1 174 
1 213 
1 215 
1 217 
1 222 
1 281 
1 291 
1 336 
1 348 
1 378 
1 381 
1 397 
1 401 
1 411 
1 423 
1 447 
1 455 
1 456 
1 485 
2 3 
2 4 
2 5 
2 6 
2 8 
2 10 
2 13 
2 15 
2 21 
2 37 
2 38 
2 94 
2 102 
2 166 
2 197 
2 280 
2 289 
2 371 
2 381 
2 418 
2 429 
2 491 
3 4 
3 5 
3 6 
3 7 
3 8 
3 9 
3 10 
3 14 
3 17 
3 29 
3 31 
3 33 
3 37 
3 60 
3 78 
3 85 
3 88 
3 94 
3 141 
3 172 
3 183 
3 188 
3 196 
3 200 
3 205 
3 212 
3 218 
3 226 
3 235 
3 236 
3 243 
3 244 
3 277 
3 288 
3 312 
3 354 
3 357 
3 359 
3 362 
3 367 
3 378 
3 392 
3 398 
3 426 
3 452 
3 482 
4 5 
4 7 
4 9 
4 12 
4 13 
4 16 
4 22 
4 26 
4 29 
4 35 
4 45 
4 63 
4 74 
4 76 
4 98 
4 117 
4 130 
4 131 
4 153 
4 155 
4 156 
4 184 
4 191 
4 215 
4 217 
4 220 
4 239 
4 244 
4 249 
4 253 
4 264 
4 298 
4 301 
4 304 
4 318 
4 325 
4 329 
4 337 
4 341 
4 364 
4 366 
4 376 
4 379 
4 395 
4 412 
4 413 
4 414 
4 417 
4 446 
4 462 
4 489 
5 6 
5 8 
5 11 
5 25 
5 32 
5 39 
5 43 
5 50 
5 52 
5 58 
5 62 
5 67 
5 68 
5 77 
5 109 
5 111 
5 127 
5 143 
5 154 
5 180 
5 185 
5 196 
5 219 
5 220 
5 225 
5 230 
5 239 
5 273 
5 302 
5 334 
5 335 
5 345 
5 351 
5 359 
5 372 
5 403 
5 447 
5 449 
5 469 
5 493 
6 7 
6 8 
6 9 
6 10 
6 11 
6 13 
6 15 
6 16 
6 17 
6 20 
6 21 
6 25 
6 28 
6 31 
6 32 
6 34 
6 37 
6 39 
6 40 
6 41 
6 42 
6 44 
6 45 
6 49 
6 50 
6 52 
6 53 
6 66 
6 70 
6 74 
6 87 
6 91 
6 103 
6 106 
6 111 
6 112 
6 133 
6 137 
6 138 
6 151 
6 159 
6 167 
6 174 
6 179 
6 181 
6 187 
6 201 
6 202 
6 207 
6 208 
6 211 
6 231 
6 238 
6 246 
6 296 
6 300 
6 314 
6 319 
6 356 
6 359 
6 366 
6 368 
6 380 
6 382 
6 407 
6 421 
6 425 
6 432 
6 438 
6 453 
6 467 
6 472 
6 473 
6 482 
6 495 
7 10 
7 13 
7 40 
7 48 
7 49 
7 55 
7 58 
7 87 
7 90 
7 97 
7 108 
7 147 
7 210 
7 272 
7 282 
7 411 
7 448 
7 499 
8 12 
8 16 
8 20 
8 22 
8 23 
8 26 
8 41 
8 44 
8 47 
8 53 
8 59 
8 68 
8 76 
8 77 
8 80 
8 88 
8 100 
8 115 
8 120 
8 135 
8 147 
8 154 
8 162 
8 167 
8 190 
8 199 
8 212 
8 215 
8 232 
8 239 
8 281 
8 289 
8 293 
8 296 
8 307 
8 356 
8 383 
8 434 
8 439 
8 488 
9 35 
9 48 
9 63 
9 64 
9 93 
9 127 
9 142 
9 185 
9 214 
9 221 
9 228 
9 256 
9 257 
9 330 
9 342 
9 375 
9 381 
9 422 
9 447 
9 470 
9 483 
9 491 
10 11 
10 16 
10 18 
10 19 
10 25 
10 33 
10 42 
10 48 
10 52 
10 63 
10 73 
10 96 
10 99 
10 106 
10 110 
10 112 
10 121 
10 149 
10 157 
10 201 
10 210 
10 258 
10 261 
10 269 
10 272 
10 278 
10 282 
10 306 
10 320 
10 342 
10 389 
10 398 
10 406 
10 412 
10 428 
10 441 
10 478 
10 497 
11 12 
11 14 
11 20 
11 23 
11 27 
11 31 
11 32 
11 58 
11 62 
11 64 
11 68 
11 77 
11 88 
11 89 
11 99 
11 123 
11 135 
11 139 
11 152 
11 157 
11 163 
11 166 
11 175 
11 213 
11 264 
11 290 
11 309 
11 335 
11 393 
11 428 
11 431 
11 441 
11 442 
11 449 
12 14 
12 15 
12 19 
12 22 
12 34 
12 38 
12 54 
12 65 
12 109 
12 115 
12 147 
12 156 
12 158 
12 162 
12 174 
12 283 
12 284 
12 363 
12 383 
12 415 
12 472 
12 474 
13 17 
13 18 
13 19 
13 21 
13 23 
13 24 
13 27 
13 28 
13 30 
13 35 
13 36 
13 44 
13 45 
13 47 
13 50 
13 55 
13 60 
13 70 
13 72 
13 80 
13 81 
13 82 
13 84 
13 87 
13 90 
13 93 
13 96 
13 110 
13 114 
13 116 
13 121 
13 124 
13 125 
13 128 
13 144 
13 148 
13 159 
13 160 
13 161 
13 180 
13 181 
13 182 
13 198 
13 210 
13 247 
13 289 
13 298 
13 369 
13 379 
13 393 
13 394 
13 405 
13 408 
13 441 
13 466 
13 498 
14 19 
14 106 
14 114 
14 116 
14 119 
14 235 
14 261 
14 328 
14 393 
14 445 
14 451 
15 24 
15 42 
15 47 
15 71 
15 86 
15 197 
15 206 
15 245 
15 249 
15 254 
15 388 
16 24 
16 28 
16 36 
16 46 
16 69 
16 91 
16 109 
16 121 
16 124 
16 188 
16 198 
16 237 
16 241 
16 290 
16 303 
16 361 
16 394 
16 475 
17 18 
17 22 
17 30 
17 41 
17 72 
17 75 
17 78 
17 117 
17 172 
17 178 
17 241 
17 271 
17 287 
17 331 
17 377 
17 399 
17 404 
17 431 
18 27 
18 56 
18 92 
18 237 
18 394 
18 401 
18 430 
18 440 
19 26 
19 29 
19 30 
19 31 
19 36 
19 54 
19 61 
19 67 
19 88 
19 94 
19 128 
19 143 
19 155 
19 187 
19 193 
19 199 
19 215 
19 250 
19 260 
19 327 
19 349 
19 350 
19 438 
19 486 
20 26 
20 29 
20 37 
20 39 
20 40 
20 43 
20 57 
20 67 
20 73 
20 81 
20 83 
20 85 
20 93 
20 98 
20 101 
20 113 
20 141 
20 146 
20 165 
20 171 
20 172 
20 178 
20 190 
20 191 
20 197 
20 212 
20 234 
20 241 
20 245 
20 248 
20 251 
20 275 
20 277 
20 336 
20 349 
20 353 
20 361 
20 413 
20 420 
20 422 
20 433 
21 23 
21 27 
21 34 
21 38 
21 40 
21 41 
21 55 
21 65 
21 66 
21 74 
21 75 
21 81 
21 84 
21 92 
21 95 
21 97 
21 110 
21 124 
21 125 
21 165 
21 169 
21 178 
21 179 
21 181 
21 240 
21 242 
21 268 
21 292 
21 303 
21 397 
21 418 
21 432 
21 473 
22 25 
22 30 
22 43 
22 57 
22 104 
22 108 
22 119 
22 179 
22 203 
22 204 
22 229 
22 351 
22 408 
22 459 
23 24 
23 67 
23 69 
23 161 
23 211 
23 262 
23 321 
23 332 
23 428 
23 460 
24 32 
24 85 
24 99 
24 116 
24 117 
24 123 
24 129 
24 146 
24 158 
24 243 
24 255 
24 262 
24 294 
24 299 
24 318 
24 353 
24 361 
24 463 
24 481 
25 33 
25 51 
25 54 
25 152 
25 163 
25 206 
25 313 
25 375 
25 387 
25 398 
25 476 
25 477 
26 38 
26 47 
26 61 
26 98 
26 101 
26 122 
26 136 
26 140 
26 143 
26 158 
26 169 
26 188 
26 200 
26 249 
26 282 
26 330 
26 333 
26 358 
26 363 
26 371 
26 379 
26 386 
26 404 
27 33 
27 36 
27 39 
27 70 
27 76 
27 80 
27 85 
27 97 
27 113 
27 119 
27 120 
27 192 
27 227 
27 306 
27 317 
27 342 
27 399 
27 433 
27 453 
27 499 
28 108 
28 112 
28 134 
28 153 
28 281 
29 102 
29 170 
29 173 
29 222 
29 264 
29 284 
29 436 
29 452 
30 44 
30 189 
30 198 
30 308 
31 35 
31 49 
31 57 
31 65 
31 92 
31 95 
31 120 
31 126 
31 158 
31 167 
31 211 
31 212 
31 222 
31 223 
31 257 
31 335 
31 338 
31 390 
31 417 
31 420 
31 426 
31 447 
32 34 
32 130 
32 135 
32 209 
32 338 
33 46 
33 57 
33 82 
33 95 
33 164 
33 168 
33 186 
33 187 
33 193 
33 269 
33 279 
33 348 
33 485 
34 45 
34 90 
34 91 
34 104 
34 105 
34 132 
34 171 
34 177 
34 236 
34 243 
34 263 
34 273 
34 438 
34 442 
34 451 
35 42 
35 60 
35 66 
35 99 
35 124 
35 240 
35 270 
35 286 
35 304 
35 426 
35 449 
35 462 
36 78 
36 119 
36 179 
36 285 
37 46 
37 53 
37 74 
37 75 
37 91 
37 129 
37 150 
37 183 
37 232 
37 233 
37 289 
37 461 
37 466 
38 125 
38 205 
38 223 
38 320 
38 387 
38 406 
39 140 
39 187 
39 194 
39 249 
39 278 
39 463 
40 71 
40 79 
40 80 
40 83 
40 134 
40 141 
40 145 
40 149 
40 306 
40 337 
40 429 
40 435 
40 486 
41 384 
42 55 
42 56 
42 104 
42 107 
42 122 
42 176 
42 198 
42 310 
42 326 
42 347 
42 423 
42 495 
43 51 
43 63 
43 64 
43 100 
43 126 
43 145 
43 149 
43 250 
43 317 
43 336 
44 51 
44 56 
44 109 
44 137 
44 200 
45 51 
45 54 
45 58 
45 73 
45 94 
45 100 
45 136 
45 159 
45 174 
45 175 
45 308 
45 309 
45 318 
45 329 
45 339 
45 340 
45 468 
45 469 
45 471 
45 475 
46 89 
46 102 
46 131 
46 136 
46 218 
46 234 
46 240 
46 301 
46 373 
46 404 
46 492 
47 83 
47 98 
47 110 
47 115 
47 162 
47 177 
47 214 
47 259 
47 364 
47 365 
47 403 
47 460 
48 59 
48 79 
48 106 
48 121 
48 125 
48 263 
48 265 
48 310 
48 321 
48 377 
48 399 
48 455 
49 53 
49 72 
49 77 
49 176 
49 246 
49 313 
49 367 
49 405 
49 450 
49 483 
50 69 
50 70 
50 134 
50 150 
50 162 
50 193 
50 217 
50 220 
50 276 
50 331 
50 382 
50 410 
51 61 
51 90 
51 101 
51 115 
51 133 
51 142 
51 151 
51 213 
51 240 
51 300 
51 326 
51 329 
51 407 
51 425 
52 103 
52 227 
52 295 
52 421 
52 494 
53 61 
53 62 
53 69 
53 87 
53 103 
53 168 
53 224 
53 265 
53 270 
53 271 
54 56 
54 266 
54 368 
54 416 
55 86 
55 114 
55 150 
55 195 
55 252 
55 295 
55 340 
55 438 
55 480 
56 101 
56 105 
56 132 
56 142 
56 172 
56 189 
56 206 
56 209 
56 222 
56 259 
56 285 
56 332 
56 364 
56 380 
56 392 
56 396 
56 405 
56 417 
56 422 
56 429 
56 445 
56 458 
56 466 
56 471 
56 490 
57 64 
57 68 
57 118 
57 160 
57 164 
57 243 
57 286 
57 296 
57 300 
57 347 
57 383 
57 439 
57 450 
57 454 
58 59 
58 78 
58 137 
58 161 
58 296 
58 308 
58 337 
58 346 
58 416 
58 457 
59 107 
59 157 
59 170 
59 389 
59 418 
59 429 
59 433 
60 62 
60 138 
60 196 
61 201 
61 226 
61 316 
61 420 
62 82 
62 113 
62 114 
62 123 
62 130 
62 139 
62 181 
62 185 
62 191 
62 202 
62 251 
62 280 
62 286 
62 317 
62 374 
62 381 
62 404 
62 418 
62 476 
63 73 
63 82 
63 86 
63 146 
63 190 
63 203 
63 220 
63 242 
63 266 
63 272 
63 294 
63 427 
64 71 
64 72 
64 127 
64 147 
64 235 
64 378 
65 84 
65 89 
65 100 
65 175 
65 228 
65 275 
65 285 
65 288 
65 324 
65 369 
65 458 
65 473 
65 475 
65 480 
66 81 
66 168 
66 177 
66 221 
66 250 
66 354 
66 359 
67 104 
67 442 
68 156 
68 223 
68 226 
68 228 
68 374 
68 391 
69 123 
69 127 
69 357 
69 385 
69 396 
69 411 
70 79 
70 96 
70 387 
70 479 
71 207 
72 118 
72 183 
72 206 
72 233 
72 251 
72 419 
72 471 
74 141 
74 167 
74 188 
74 255 
74 278 
74 333 
74 409 
74 416 
74 497 
75 134 
75 190 
75 202 
75 203 
75 211 
75 236 
75 358 
75 439 
75 496 
76 86 
76 89 
76 157 
76 161 
76 247 
76 254 
76 283 
76 297 
76 299 
76 364 
76 437 
76 491 
77 219 
77 268 
77 458 
80 108 
80 112 
80 122 
80 126 
80 165 
80 170 
80 177 
80 178 
80 242 
80 246 
80 258 
80 269 
80 297 
80 483 
81 265 
81 305 
81 426 
82 176 
82 230 
82 294 
82 325 
82 336 
82 419 
82 437 
82 470 
82 487 
83 117 
84 116 
84 126 
84 136 
84 163 
84 195 
84 203 
84 326 
85 307 
85 319 
86 105 
86 152 
86 283 
86 332 
87 102 
87 103 
87 122 
87 145 
87 192 
87 227 
88 168 
88 302 
88 322 
89 128 
89 154 
89 291 
89 434 
90 142 
90 154 
90 155 
90 224 
90 245 
90 312 
90 344 
90 366 
90 407 
90 445 
90 465 
91 97 
91 120 
91 140 
91 217 
91 392 
91 425 
92 131 
92 153 
92 182 
92 216 
92 253 
92 261 
92 328 
93 113 
93 227 
93 253 
93 254 
93 295 
94 95 
94 105 
94 111 
94 216 
94 235 
94 430 
95 96 
95 148 
95 257 
95 288 
95 376 
95 414 
96 282 
96 299 
97 130 
97 132 
97 171 
97 287 
97 457 
97 478 
98 107 
98 189 
99 314 
99 323 
99 340 
99 391 
99 408 
100 133 
100 143 
100 182 
100 248 
100 330 
100 331 
100 409 
100 444 
100 449 
100 459 
101 133 
101 432 
102 477 
103 180 
103 273 
103 305 
103 313 
103 441 
104 192 
104 315 
104 400 
104 443 
105 129 
105 159 
105 208 
105 210 
105 339 
106 107 
107 139 
107 186 
107 209 
107 218 
107 224 
107 270 
107 341 
107 444 
107 480 
108 140 
108 209 
108 267 
109 280 
110 253 
110 400 
110 498 
111 128 
111 135 
111 169 
111 492 
112 144 
112 173 
112 175 
112 221 
112 323 
112 375 
113 152 
113 176 
113 216 
113 229 
113 318 
113 356 
114 118 
114 151 
114 208 
114 259 
114 473 
114 486 
115 149 
116 164 
116 408 
116 460 
116 491 
117 137 
117 138 
117 254 
117 264 
117 311 
117 325 
117 428 
117 433 
117 499 
118 173 
118 199 
118 323 
118 369 
118 386 
118 430 
118 479 
119 332 
119 373 
120 156 
120 237 
120 268 
120 294 
120 385 
121 257 
121 310 
121 380 
121 489 
121 494 
122 226 
122 232 
122 301 
122 314 
122 453 
125 322 
125 452 
126 131 
126 164 
126 184 
126 273 
126 279 
126 400 
126 451 
127 129 
127 348 
127 355 
128 166 
128 255 
128 325 
128 471 
129 166 
129 292 
129 367 
130 233 
130 287 
130 334 
130 488 
131 132 
131 171 
131 260 
131 266 
131 326 
131 345 
131 487 
132 145 
132 360 
133 207 
133 238 
133 269 
134 173 
134 236 
134 237 
134 321 
135 230 
135 271 
135 386 
135 457 
136 241 
136 244 
136 252 
136 297 
136 330 
136 440 
136 446 
136 464 
137 144 
137 150 
137 219 
137 323 
137 349 
138 160 
138 180 
138 205 
138 216 
138 268 
138 378 
138 486 
139 202 
140 186 
140 298 
140 427 
140 455 
140 456 
141 146 
141 195 
141 197 
141 327 
141 354 
141 380 
141 422 
142 193 
142 443 
142 490 
143 309 
143 315 
145 160 
145 454 
146 238 
147 191 
147 195 
147 277 
147 312 
147 458 
147 470 
147 477 
147 489 
148 151 
148 199 
148 218 
148 256 
148 333 
148 490 
149 267 
151 163 
152 169 
152 208 
152 288 
152 346 
152 388 
152 399 
152 484 
152 496 
153 263 
154 185 
154 192 
154 307 
154 396 
156 276 
157 165 
157 194 
157 213 
157 219 
158 272 
158 479 
158 488 
159 184 
159 207 
159 424 
159 461 
160 205 
160 225 
160 277 
161 183 
161 194 
161 463 
162 229 
163 313 
164 298 
164 324 
164 343 
164 361 
164 419 
165 287 
165 467 
166 306 
166 373 
166 436 
167 186 
167 301 
167 374 
167 384 
168 204 
168 276 
168 347 
168 369 
168 479 
169 395 
170 231 
170 353 
170 487 
171 230 
171 274 
171 478 
172 182 
172 322 
173 462 
175 229 
175 337 
176 279 
176 320 
176 402 
176 414 
179 252 
179 293 
179 490 
180 328 
180 487 
180 497 
181 189 
181 262 
181 374 
182 233 
182 338 
182 371 
183 327 
183 476 
184 196 
185 232 
185 252 
185 335 
185 342 
185 344 
185 377 
185 440 
186 204 
186 385 
186 394 
186 481 
187 225 
188 484 
189 242 
189 248 
189 344 
189 375 
189 446 
190 194 
190 247 
190 316 
191 391 
191 398 
191 451 
192 274 
193 234 
193 246 
193 320 
193 373 
193 472 
194 200 
194 248 
194 315 
194 456 
195 223 
195 390 
195 401 
195 448 
197 204 
198 258 
198 267 
198 290 
198 365 
198 448 
199 214 
199 250 
199 266 
199 271 
200 201 
201 244 
201 285 
201 345 
202 214 
202 225 
202 454 
203 238 
203 442 
203 485 
204 231 
204 259 
204 390 
205 262 
205 303 
206 251 
206 310 
206 425 
208 401 
210 221 
210 228 
210 234 
210 350 
210 360 
211 247 
211 321 
211 495 
214 392 
215 224 
215 317 
216 231 
216 239 
216 319 
217 275 
217 365 
218 291 
218 416 
219 291 
219 292 
219 293 
220 278 
221 324 
221 334 
221 362 
221 402 
222 256 
222 286 
222 437 
222 498 
223 421 
223 455 
224 358 
224 391 
224 474 
225 267 
225 382 
225 464 
226 494 
227 459 
227 467 
228 245 
229 343 
230 256 
230 377 
233 389 
234 467 
235 275 
235 314 
235 397 
235 412 
236 354 
236 437 
237 263 
237 328 
237 388 
238 260 
238 299 
239 274 
239 280 
239 311 
242 261 
242 290 
242 372 
243 351 
243 496 
244 258 
244 284 
244 304 
244 402 
244 406 
244 468 
245 274 
245 351 
245 415 
246 304 
246 346 
247 488 
248 376 
248 383 
250 352 
250 368 
250 384 
251 284 
251 297 
252 255 
255 265 
256 413 
257 445 
258 357 
258 376 
259 260 
259 329 
259 350 
259 409 
259 474 
260 352 
260 362 
260 415 
262 283 
262 385 
262 410 
262 411 
263 367 
264 340 
265 362 
266 300 
266 316 
266 344 
266 461 
266 493 
268 276 
268 307 
268 312 
268 331 
268 493 
269 305 
269 450 
270 423 
270 427 
272 281 
272 434 
273 311 
273 341 
273 436 
273 444 
274 343 
274 456 
275 308 
275 402 
276 279 
277 327 
277 414 
278 302 
278 316 
278 324 
278 403 
279 311 
279 427 
280 435 
281 452 
283 355 
287 292 
287 295 
287 346 
287 360 
288 303 
288 439 
289 315 
289 405 
289 413 
291 302 
291 305 
291 347 
291 463 
293 469 
293 475 
293 480 
294 465 
295 319 
295 333 
295 339 
296 349 
297 432 
297 469 
298 465 
299 355 
299 412 
299 435 
299 468 
300 495 
302 345 
302 352 
302 363 
302 409 
302 477 
303 350 
303 459 
306 356 
308 407 
309 360 
311 386 
311 410 
312 370 
314 448 
315 472 
316 334 
317 341 
317 382 
319 322 
319 348 
319 420 
321 338 
321 440 
322 496 
324 403 
325 357 
325 462 
325 492 
326 424 
327 366 
327 370 
327 466 
327 470 
330 372 
330 482 
332 363 
333 379 
334 368 
335 358 
337 417 
337 493 
338 343 
338 355 
338 393 
338 483 
343 371 
344 353 
346 370 
348 460 
349 436 
350 384 
351 352 
352 388 
352 481 
352 492 
353 431 
353 443 
355 423 
359 387 
360 395 
360 461 
361 419 
365 397 
365 424 
367 372 
368 468 
369 415 
373 400 
373 497 
376 389 
377 396 
378 395 
381 430 
384 434 
385 406 
390 446 
390 481 
395 424 
396 431 
399 410 
402 494 
409 464 
411 499 
414 474 
417 421 
417 450 
420 444 
426 454 
429 464 
432 443 
433 478 
435 498 
436 453 
444 465 
447 484 
448 482 
449 457 
458 476 
476 489 
482 484 
