false
false
500
1988
0 1 
0 3 
0 4 
0 5 
0 8 
0 10 
0 16 
0 18 
0 25 
0 27 
0 28 
0 31 
0 37 
0 49 
0 59 
0 84 
0 203 
0 208 
0 243 
0 273 
0 276 
0 285 
0 307 
0 372 
0 375 
0 389 
0 394 
0 434 
0 442 
1 2 
1 4 
1 7 
1 8 
1 9 
1 10 
1 35 
1 65 
1 84 
1 104 
1 135 
1 146 
1 150 
1 171 
1 184 
1 228 
1 288 
1 327 
1 346 
1 353 
1 389 
1 423 
1 425 
1 440 
1 447 
1 454 
1 491 
2 3 
2 4 
2 5 
2 6 
2 13 
2 14 
2 15 
2 19 
2 21 
2 23 
2 24 
2 25 
2 28 
2 39 
2 51 
2 55 
2 65 
2 66 
2 69 
2 90 
2 92 
2 98 
2 102 
2 105 
2 106 
2 117 
2 133 
2 143 
2 163 
2 164 
2 167 
2 176 
2 203 
2 223 
2 233 
2 247 
2 276 
2 303 
2 306 
2 307 
2 321 
2 322 
2 330 
2 336 
2 337 
2 339 
2 362 
2 375 
2 379 
2 395 
2 428 
2 432 
2 445 
2 453 
2 457 
2 459 
2 463 
2 468 
2 475 
3 4 
3 5 
3 6 
3 7 
3 9 
3 10 
3 11 
3 12 
3 13 
3 17 
3 19 
3 27 
3 29 
3 31 
3 34 
3 38 
3 41 
3 42 
3 52 
3 54 
3 61 
3 63 
3 80 
3 87 
3 104 
3 106 
3 110 
3 113 
3 118 
3 121 
3 140 
3 146 
3 148 
3 157 
3 158 
3 163 
3 177 
3 179 
3 189 
3 199 
3 202 
3 205 
3 217 
3 220 
3 231 
3 244 
3 246 
3 270 
3 285 
3 292 
3 294 
3 312 
3 334 
3 337 
3 339 
3 340 
3 382 
3 384 
3 410 
3 412 
3 435 
3 461 
4 5 
4 6 
4 7 
4 11 
4 13 
4 15 
4 19 
4 21 
4 25 
4 32 
4 53 
4 57 
4 77 
4 78 
4 86 
4 90 
4 127 
4 156 
4 166 
4 182 
4 200 
4 206 
4 251 
4 257 
4 280 
4 289 
4 299 
4 313 
4 329 
4 344 
4 363 
4 387 
4 398 
4 403 
4 408 
4 448 
4 469 
4 483 
4 496 
5 6 
5 7 
5 8 
5 9 
5 13 
5 14 
5 16 
5 18 
5 20 
5 21 
5 24 
5 28 
5 32 
5 35 
5 38 
5 44 
5 46 
5 53 
5 54 
5 61 
5 65 
5 66 
5 69 
5 72 
5 76 
5 81 
5 82 
5 89 
5 91 
5 94 
5 97 
5 99 
5 108 
5 111 
5 115 
5 126 
5 128 
5 129 
5 134 
5 141 
5 142 
5 147 
5 165 
5 172 
5 175 
5 179 
5 183 
5 195 
5 196 
5 197 
5 202 
5 204 
5 215 
5 220 
5 236 
5 238 
5 242 
5 250 
5 255 
5 268 
5 270 
5 299 
5 306 
5 309 
5 313 
5 319 
5 324 
5 336 
5 355 
5 368 
5 380 
5 388 
5 390 
5 391 
5 401 
5 422 
5 428 
5 440 
5 461 
5 466 
5 469 
5 472 
5 473 
5 480 
5 484 
5 486 
5 487 
5 493 
6 16 
6 20 
6 23 
6 26 
6 30 
6 33 
6 34 
6 42 
6 46 
6 47 
6 65 
6 72 
6 73 
6 75 
6 81 
6 95 
6 116 
6 118 
6 131 
6 147 
6 151 
6 152 
6 153 
6 181 
6 187 
6 211 
6 230 
6 234 
6 253 
6 260 
6 279 
6 288 
6 314 
6 332 
6 357 
6 408 
6 449 
6 468 
6 485 
6 490 
7 8 
7 11 
7 14 
7 19 
7 27 
7 35 
7 41 
7 43 
7 52 
7 57 
7 68 
7 79 
7 80 
7 88 
7 90 
7 96 
7 101 
7 119 
7 122 
7 123 
7 145 
7 148 
7 176 
7 183 
7 190 
7 253 
7 254 
7 257 
7 261 
7 268 
7 291 
7 303 
7 345 
7 468 
8 9 
8 12 
8 15 
8 17 
8 80 
8 89 
8 104 
8 118 
8 122 
8 185 
8 196 
8 223 
8 251 
8 262 
8 279 
8 296 
8 297 
8 438 
8 459 
9 10 
9 12 
9 14 
9 17 
9 22 
9 24 
9 25 
9 26 
9 32 
9 33 
9 38 
9 42 
9 53 
9 54 
9 55 
9 60 
9 64 
9 69 
9 75 
9 87 
9 96 
9 98 
9 100 
9 102 
9 103 
9 107 
9 115 
9 125 
9 126 
9 133 
9 151 
9 153 
9 155 
9 159 
9 175 
9 181 
9 202 
9 204 
9 213 
9 215 
9 221 
9 223 
9 233 
9 251 
9 322 
9 339 
9 360 
9 368 
9 376 
9 386 
9 393 
9 409 
9 418 
9 422 
9 434 
9 435 
9 463 
10 11 
10 39 
10 86 
10 111 
10 119 
10 124 
10 137 
10 138 
10 145 
10 154 
10 157 
10 172 
10 187 
10 319 
10 327 
10 335 
10 353 
10 378 
10 399 
10 414 
10 455 
10 464 
10 488 
10 495 
11 12 
11 15 
11 29 
11 45 
11 70 
11 85 
11 105 
11 107 
11 111 
11 123 
11 128 
11 209 
11 257 
11 264 
11 313 
11 316 
11 342 
11 357 
11 358 
11 376 
11 388 
11 393 
11 401 
11 413 
11 496 
12 18 
12 22 
12 27 
12 30 
12 32 
12 35 
12 40 
12 42 
12 48 
12 58 
12 62 
12 63 
12 67 
12 71 
12 72 
12 82 
12 96 
12 112 
12 115 
12 124 
12 125 
12 129 
12 130 
12 137 
12 143 
12 145 
12 152 
12 161 
12 164 
12 169 
12 189 
12 194 
12 207 
12 217 
12 245 
12 249 
12 251 
12 262 
12 283 
12 284 
12 293 
12 329 
12 341 
12 343 
12 344 
12 345 
12 355 
12 365 
12 371 
12 392 
12 404 
12 406 
12 409 
12 411 
12 450 
12 465 
12 469 
12 474 
12 476 
12 495 
13 21 
13 22 
13 23 
13 26 
13 30 
13 36 
13 82 
13 149 
13 174 
13 182 
13 189 
13 230 
13 281 
13 282 
13 359 
13 367 
13 491 
14 16 
14 18 
14 22 
14 29 
14 43 
14 51 
14 67 
14 68 
14 69 
14 74 
14 94 
14 99 
14 126 
14 177 
14 194 
14 206 
14 235 
14 287 
14 297 
14 366 
14 388 
14 402 
14 417 
14 442 
15 20 
15 24 
15 29 
15 30 
15 36 
15 88 
15 107 
15 115 
15 172 
15 174 
15 191 
15 247 
15 255 
15 288 
15 321 
15 364 
15 367 
15 403 
15 405 
15 462 
15 463 
15 470 
15 497 
16 17 
16 36 
16 61 
16 62 
16 73 
16 103 
16 117 
16 121 
16 126 
16 130 
16 146 
16 159 
16 166 
16 174 
16 188 
16 252 
16 271 
16 309 
16 316 
16 401 
16 470 
17 26 
17 33 
17 40 
17 47 
17 48 
17 55 
17 60 
17 72 
17 85 
17 92 
17 97 
17 99 
17 154 
17 160 
17 167 
17 184 
17 191 
17 198 
17 216 
17 225 
17 248 
17 266 
17 304 
17 320 
17 330 
17 356 
17 359 
17 366 
17 368 
17 377 
17 416 
17 418 
17 421 
17 460 
17 481 
17 486 
17 499 
18 20 
18 47 
18 57 
18 85 
18 127 
18 128 
18 131 
18 157 
18 236 
18 347 
18 429 
18 492 
19 28 
19 43 
19 49 
19 54 
19 73 
19 124 
19 197 
19 281 
19 344 
19 437 
20 37 
20 48 
20 56 
20 64 
20 74 
20 142 
20 156 
20 212 
20 232 
20 235 
20 331 
20 335 
20 450 
20 464 
21 33 
21 34 
21 37 
21 43 
21 44 
21 58 
21 71 
21 87 
21 175 
21 178 
21 179 
21 301 
21 305 
21 308 
21 385 
21 404 
21 464 
21 466 
21 484 
22 23 
22 41 
22 67 
22 70 
22 77 
22 112 
22 136 
22 166 
22 238 
22 269 
22 302 
22 385 
22 437 
23 61 
23 63 
23 89 
23 101 
23 110 
23 127 
23 151 
23 168 
23 233 
23 291 
23 310 
23 331 
23 335 
23 350 
23 351 
23 498 
24 37 
24 38 
24 49 
24 51 
24 56 
24 66 
24 75 
24 80 
24 89 
24 162 
24 168 
24 194 
24 203 
24 212 
24 250 
24 311 
24 362 
24 383 
24 392 
24 411 
24 448 
24 472 
25 138 
25 421 
26 31 
26 36 
26 40 
26 50 
26 76 
26 81 
26 100 
26 160 
26 179 
26 201 
26 214 
26 239 
26 252 
26 284 
26 334 
26 340 
26 347 
26 390 
26 396 
26 428 
26 441 
26 444 
26 457 
26 480 
27 49 
27 63 
27 75 
27 95 
27 110 
27 141 
27 148 
27 155 
27 173 
27 211 
27 218 
27 232 
27 263 
27 280 
27 367 
27 385 
27 418 
27 456 
27 458 
28 41 
28 44 
28 50 
28 60 
28 71 
28 131 
28 149 
28 326 
28 348 
28 443 
28 453 
29 44 
29 46 
29 52 
29 78 
29 81 
29 91 
29 103 
29 111 
29 121 
29 219 
29 260 
29 265 
29 286 
29 295 
29 345 
29 358 
29 379 
29 420 
29 452 
29 457 
29 478 
29 491 
30 31 
30 45 
30 64 
30 71 
30 74 
30 95 
30 120 
30 134 
30 139 
30 165 
30 263 
30 378 
30 415 
30 438 
30 471 
31 84 
31 102 
31 147 
31 169 
31 176 
31 183 
31 196 
31 205 
31 218 
31 240 
31 249 
31 305 
32 59 
32 107 
32 290 
32 305 
33 34 
33 50 
33 125 
33 258 
33 278 
33 400 
34 50 
34 51 
34 68 
34 97 
34 178 
34 193 
34 198 
34 200 
34 225 
34 229 
34 254 
34 281 
34 400 
34 406 
34 427 
34 436 
34 440 
34 442 
35 116 
35 119 
35 140 
35 145 
35 210 
35 277 
35 294 
35 373 
35 492 
36 45 
36 47 
36 57 
36 60 
36 100 
36 162 
36 183 
36 215 
36 224 
36 354 
36 356 
36 383 
36 451 
36 455 
37 39 
37 45 
37 64 
37 73 
37 78 
37 94 
37 181 
37 364 
37 419 
38 39 
38 40 
38 53 
38 58 
38 143 
38 266 
38 280 
38 431 
39 52 
39 59 
39 114 
39 168 
39 282 
39 301 
39 371 
40 158 
40 273 
40 332 
40 452 
41 56 
41 58 
41 59 
41 70 
41 77 
41 139 
41 146 
41 151 
41 173 
41 202 
41 225 
41 239 
41 245 
41 357 
41 407 
41 449 
42 91 
42 116 
42 161 
42 181 
42 195 
42 268 
42 376 
42 447 
43 46 
43 56 
43 86 
43 94 
43 95 
43 100 
43 103 
43 113 
43 129 
43 147 
43 153 
43 184 
43 217 
43 222 
43 265 
43 274 
43 292 
43 380 
43 386 
43 467 
43 474 
44 108 
44 171 
44 234 
44 364 
44 392 
44 444 
44 475 
45 76 
45 84 
45 105 
45 132 
45 164 
45 176 
45 207 
45 261 
45 264 
45 324 
45 371 
45 440 
45 444 
46 83 
46 137 
46 270 
46 272 
46 320 
46 369 
47 48 
47 55 
47 90 
47 91 
47 97 
47 112 
47 114 
47 288 
47 415 
47 424 
47 483 
48 113 
48 226 
49 77 
49 79 
49 102 
49 125 
49 161 
49 169 
49 227 
50 78 
50 182 
50 195 
50 276 
50 309 
50 343 
50 346 
50 372 
51 85 
51 86 
51 132 
51 209 
51 242 
51 304 
51 342 
51 372 
51 476 
51 493 
52 74 
52 138 
52 240 
52 271 
52 425 
52 467 
53 67 
53 105 
53 149 
53 168 
53 196 
53 200 
53 237 
53 259 
53 264 
53 277 
53 291 
53 331 
53 342 
53 379 
53 404 
53 448 
53 495 
53 496 
55 104 
55 136 
55 158 
55 161 
55 238 
55 240 
56 68 
56 193 
56 206 
56 247 
56 294 
56 316 
56 319 
56 363 
56 438 
57 62 
57 76 
57 83 
57 150 
57 152 
57 184 
57 208 
57 227 
57 229 
57 238 
57 299 
57 314 
57 394 
57 431 
57 488 
57 493 
58 98 
58 160 
58 170 
58 211 
58 303 
58 456 
59 144 
59 338 
59 435 
59 479 
59 494 
60 62 
60 66 
60 83 
60 106 
60 117 
60 118 
60 134 
60 150 
60 156 
60 157 
60 159 
60 186 
60 200 
60 214 
60 236 
60 253 
60 297 
60 361 
60 377 
60 389 
60 409 
60 412 
60 426 
60 497 
61 88 
61 180 
61 188 
61 317 
61 384 
61 444 
62 82 
62 92 
62 141 
62 142 
62 162 
62 164 
62 170 
62 361 
62 402 
63 129 
63 154 
63 204 
63 213 
63 275 
63 333 
63 408 
64 93 
64 274 
64 293 
64 301 
64 318 
64 374 
65 79 
65 87 
65 92 
65 108 
65 134 
65 137 
65 198 
65 235 
65 426 
66 99 
66 106 
66 120 
66 152 
66 240 
66 246 
66 281 
66 331 
66 407 
66 425 
66 461 
67 70 
67 93 
67 228 
67 310 
67 476 
68 133 
68 252 
68 332 
68 465 
69 167 
69 236 
69 264 
69 265 
69 278 
69 302 
69 312 
70 110 
70 295 
71 79 
71 173 
71 195 
71 212 
71 416 
71 442 
72 122 
72 185 
72 233 
72 245 
72 260 
72 427 
72 434 
73 219 
73 241 
74 131 
74 132 
74 139 
74 178 
74 188 
74 229 
74 289 
74 290 
74 429 
74 447 
74 475 
75 139 
75 245 
75 248 
75 282 
75 348 
75 382 
75 384 
75 391 
76 116 
76 234 
76 239 
76 322 
77 83 
77 88 
77 120 
77 166 
77 237 
77 241 
77 258 
77 293 
77 300 
77 356 
77 371 
77 385 
78 109 
78 114 
78 207 
78 302 
78 427 
78 473 
79 180 
79 210 
79 247 
79 283 
79 298 
79 404 
80 101 
80 132 
80 180 
80 190 
80 226 
80 300 
80 383 
80 395 
81 136 
81 158 
81 162 
81 177 
81 191 
81 241 
81 244 
81 487 
82 135 
83 93 
83 169 
83 197 
83 225 
83 308 
84 113 
84 148 
84 163 
85 109 
85 318 
85 399 
86 101 
86 165 
86 323 
86 408 
86 445 
87 93 
87 123 
87 124 
87 219 
87 395 
87 412 
88 96 
88 117 
88 187 
88 420 
89 119 
89 156 
89 290 
89 381 
89 446 
90 112 
90 267 
90 272 
90 311 
90 383 
91 216 
91 265 
91 320 
92 149 
92 380 
92 396 
92 450 
92 461 
93 262 
93 271 
93 287 
94 98 
94 141 
94 182 
94 214 
94 228 
95 108 
95 142 
95 357 
96 109 
96 130 
97 114 
97 201 
97 224 
97 258 
97 298 
98 135 
98 222 
99 165 
99 186 
99 205 
99 252 
99 299 
99 337 
99 390 
99 435 
99 479 
101 121 
101 256 
102 193 
102 261 
102 296 
102 348 
102 354 
102 462 
103 220 
104 109 
104 135 
104 143 
104 155 
104 273 
104 394 
104 471 
105 249 
105 263 
105 267 
105 364 
106 185 
106 187 
106 249 
106 315 
107 177 
108 180 
108 231 
108 277 
108 293 
108 318 
108 339 
108 358 
108 373 
108 397 
108 499 
109 159 
109 492 
110 138 
110 217 
110 229 
110 255 
110 333 
110 362 
111 211 
111 330 
112 286 
112 298 
112 321 
113 120 
113 127 
113 136 
113 278 
113 346 
113 347 
114 224 
114 325 
114 361 
114 486 
115 186 
115 190 
115 203 
115 341 
115 359 
115 412 
115 481 
115 494 
116 170 
116 199 
116 304 
116 327 
116 418 
116 419 
117 123 
117 140 
117 451 
118 128 
118 133 
118 171 
118 173 
118 193 
118 205 
118 206 
118 208 
118 315 
118 379 
118 382 
118 416 
118 423 
118 439 
119 122 
119 144 
120 130 
120 213 
120 259 
120 359 
120 484 
121 224 
121 415 
122 343 
122 489 
123 192 
123 256 
123 496 
124 271 
125 144 
125 215 
126 310 
126 318 
126 373 
126 384 
126 414 
126 420 
126 454 
126 489 
127 192 
127 414 
127 490 
128 223 
128 256 
128 345 
128 459 
128 462 
128 472 
129 185 
129 253 
129 259 
129 291 
129 300 
129 326 
130 294 
130 352 
130 487 
131 269 
131 312 
132 153 
132 231 
132 303 
132 314 
132 317 
132 482 
133 144 
133 212 
133 287 
133 365 
134 242 
134 403 
135 190 
135 204 
135 207 
135 237 
135 250 
135 296 
135 430 
136 140 
136 155 
137 262 
138 160 
138 163 
138 277 
138 295 
138 307 
138 407 
138 455 
138 499 
139 171 
139 344 
139 351 
140 150 
140 172 
140 201 
140 209 
140 235 
140 239 
140 244 
140 307 
140 328 
140 389 
140 428 
140 478 
141 188 
141 338 
141 414 
141 430 
142 230 
142 243 
142 356 
143 178 
143 272 
143 298 
143 376 
144 270 
144 407 
145 174 
145 218 
145 292 
145 340 
145 416 
146 209 
146 218 
146 490 
147 284 
148 154 
148 175 
149 258 
150 199 
150 433 
151 194 
151 221 
151 227 
151 328 
152 334 
153 197 
153 254 
153 315 
153 352 
153 369 
153 480 
154 246 
155 255 
155 286 
155 350 
155 360 
155 472 
156 210 
157 186 
157 191 
157 213 
157 254 
157 321 
158 222 
159 167 
159 259 
159 372 
159 439 
160 210 
160 232 
160 363 
160 381 
160 396 
161 192 
161 455 
162 311 
162 334 
162 351 
163 237 
163 305 
163 473 
164 214 
164 285 
165 246 
165 328 
165 490 
166 410 
166 460 
167 323 
167 394 
167 456 
168 304 
168 432 
169 170 
169 292 
170 216 
170 242 
170 347 
170 391 
170 398 
171 227 
171 256 
171 282 
171 286 
171 336 
171 421 
172 283 
172 443 
174 355 
174 415 
175 216 
175 338 
175 436 
176 208 
176 297 
176 368 
176 481 
177 241 
177 243 
177 263 
177 485 
179 382 
180 406 
180 410 
180 470 
180 489 
181 189 
183 199 
183 306 
183 422 
184 198 
184 266 
184 308 
185 192 
185 226 
185 244 
185 266 
185 269 
185 324 
185 399 
185 405 
186 222 
186 287 
187 221 
187 268 
187 322 
187 369 
187 386 
188 232 
188 300 
188 313 
188 439 
189 201 
189 221 
189 402 
191 243 
191 336 
192 366 
193 250 
194 273 
194 317 
195 219 
195 226 
195 354 
195 388 
195 400 
195 405 
195 426 
196 261 
197 228 
198 257 
198 326 
199 248 
199 387 
200 433 
201 323 
201 369 
201 401 
202 350 
202 370 
202 433 
203 353 
203 365 
204 338 
204 374 
204 469 
205 316 
205 377 
205 453 
207 267 
207 317 
207 341 
207 386 
207 397 
207 476 
209 276 
209 279 
209 477 
210 319 
210 423 
210 485 
211 482 
212 220 
212 231 
212 284 
212 354 
212 392 
213 484 
214 393 
215 285 
215 413 
216 329 
216 413 
216 497 
217 269 
218 289 
219 230 
220 234 
220 333 
220 349 
220 361 
220 374 
220 411 
220 417 
220 453 
222 351 
225 311 
225 477 
226 498 
228 398 
228 431 
229 248 
229 405 
230 475 
231 325 
231 378 
231 390 
234 295 
234 358 
234 406 
234 479 
234 483 
235 380 
235 422 
235 437 
236 274 
236 275 
236 387 
237 360 
237 441 
237 458 
238 402 
239 275 
239 464 
239 466 
241 267 
242 437 
243 301 
244 348 
244 427 
245 272 
245 423 
245 488 
246 471 
247 494 
248 306 
248 419 
249 315 
249 323 
249 332 
249 337 
251 391 
251 449 
252 320 
252 387 
253 325 
255 275 
256 343 
257 260 
257 454 
260 278 
260 370 
261 474 
262 349 
263 397 
265 424 
265 470 
266 289 
266 417 
266 425 
267 274 
267 326 
268 279 
268 346 
269 340 
270 341 
272 283 
273 477 
273 486 
276 290 
277 280 
277 370 
278 377 
280 296 
282 375 
283 310 
283 447 
283 449 
283 457 
285 314 
285 433 
287 419 
287 462 
288 350 
288 352 
288 399 
291 333 
294 362 
294 434 
296 302 
296 308 
296 365 
297 329 
297 431 
297 432 
298 463 
299 335 
300 325 
300 375 
300 460 
301 312 
301 409 
302 309 
302 324 
303 393 
304 342 
304 355 
305 378 
305 438 
307 429 
309 495 
312 360 
314 397 
314 424 
315 426 
315 450 
316 445 
316 498 
317 349 
321 432 
321 451 
322 327 
322 367 
323 446 
324 330 
324 498 
325 429 
325 458 
326 441 
327 328 
327 436 
329 483 
330 441 
332 403 
335 363 
335 374 
335 479 
337 460 
338 430 
339 381 
339 420 
341 349 
345 352 
345 493 
346 353 
346 381 
346 400 
347 366 
355 488 
356 370 
356 398 
358 395 
359 410 
361 373 
361 478 
367 445 
367 489 
369 456 
371 448 
372 436 
375 452 
375 478 
376 411 
376 443 
376 466 
377 473 
383 396 
389 417 
389 497 
390 413 
392 485 
396 424 
396 430 
400 491 
404 471 
407 421 
408 482 
412 465 
413 439 
415 454 
416 446 
416 467 
418 474 
418 482 
420 468 
422 451 
422 487 
432 494 
433 465 
435 452 
435 467 
438 443 
444 446 
448 477 
450 458 
452 459 
452 492 
458 480 
465 499 
479 481 
