false
false
500
1988
0 1 
0 3 
0 4 
0 8 
0 15 
0 16 
0 21 
0 38 
0 51 
0 62 
0 66 
0 80 
0 84 
0 86 
0 89 
0 102 
0 117 
0 124 
0 135 
0 146 
0 147 
0 178 
0 209 
0 215 
0 254 
0 274 
0 277 
0 319 
0 346 
0 348 
0 350 
0 430 
0 437 
0 438 
0 440 
0 478 
1 2 
1 4 
1 5 
1 10 
1 13 
1 14 
1 31 
1 63 
1 68 
1 71 
1 85 
1 114 
1 115 
1 208 
1 235 
1 347 
1 349 
1 422 
2 3 
2 4 
2 5 
2 6 
2 7 
2 8 
2 9 
2 10 
2 11 
2 13 
2 15 
2 16 
2 17 
2 19 
2 20 
2 23 
2 25 
2 30 
2 33 
2 35 
2 36 
2 45 
2 48 
2 61 
2 71 
2 79 
2 81 
2 89 
2 92 
2 96 
2 123 
2 124 
2 128 
2 142 
2 145 
2 146 
2 147 
2 149 
2 150 
2 159 
2 170 
2 176 
2 180 
2 187 
2 190 
2 193 
2 202 
2 213 
2 238 
2 240 
2 248 
2 266 
2 272 
2 274 
2 283 
2 285 
2 292 
2 298 
2 303 
2 311 
2 321 
2 323 
2 342 
2 367 
2 372 
2 378 
2 395 
2 411 
2 418 
2 423 
2 431 
2 432 
2 438 
2 443 
2 445 
2 450 
2 456 
2 457 
2 459 
2 469 
2 496 
3 4 
3 5 
3 6 
3 7 
3 8 
3 9 
3 11 
3 12 
3 14 
3 24 
3 25 
3 27 
3 34 
3 35 
3 41 
3 42 
3 47 
3 59 
3 67 
3 86 
3 90 
3 91 
3 104 
3 106 
3 107 
3 120 
3 121 
3 123 
3 125 
3 128 
3 137 
3 143 
3 151 
3 153 
3 165 
3 166 
3 173 
3 178 
3 187 
3 193 
3 197 
3 202 
3 203 
3 207 
3 234 
3 239 
3 243 
3 246 
3 251 
3 261 
3 262 
3 263 
3 269 
3 278 
3 307 
3 329 
3 358 
3 370 
3 384 
3 400 
3 419 
3 429 
3 448 
3 492 
4 5 
4 6 
4 7 
4 9 
4 10 
4 12 
4 13 
4 20 
4 21 
4 22 
4 25 
4 41 
4 44 
4 49 
4 54 
4 56 
4 65 
4 66 
4 67 
4 72 
4 84 
4 94 
4 98 
4 111 
4 124 
4 131 
4 132 
4 140 
4 143 
4 153 
4 188 
4 229 
4 284 
4 315 
4 317 
4 338 
4 380 
4 399 
4 403 
4 419 
4 420 
4 424 
4 434 
4 435 
4 480 
4 489 
4 494 
5 6 
5 7 
5 8 
5 9 
5 10 
5 12 
5 15 
5 19 
5 23 
5 31 
5 37 
5 38 
5 43 
5 44 
5 45 
5 54 
5 55 
5 56 
5 63 
5 73 
5 88 
5 95 
5 97 
5 100 
5 108 
5 109 
5 112 
5 124 
5 129 
5 130 
5 136 
5 142 
5 144 
5 158 
5 168 
5 170 
5 171 
5 173 
5 176 
5 178 
5 180 
5 182 
5 183 
5 190 
5 191 
5 195 
5 204 
5 210 
5 211 
5 214 
5 220 
5 224 
5 229 
5 230 
5 238 
5 244 
5 249 
5 252 
5 256 
5 257 
5 273 
5 288 
5 290 
5 313 
5 314 
5 320 
5 328 
5 334 
5 348 
5 354 
5 371 
5 373 
5 374 
5 381 
5 383 
5 387 
5 388 
5 392 
5 394 
5 401 
5 403 
5 408 
5 414 
5 415 
5 428 
5 433 
5 448 
5 460 
5 462 
5 463 
5 465 
5 468 
5 472 
5 481 
6 11 
6 16 
6 18 
6 26 
6 35 
6 44 
6 51 
6 76 
6 88 
6 110 
6 137 
6 138 
6 161 
6 299 
6 305 
6 318 
6 326 
6 354 
6 364 
6 419 
7 32 
7 46 
7 49 
7 50 
7 55 
7 60 
7 76 
7 91 
7 98 
7 101 
7 133 
7 180 
7 181 
7 190 
7 215 
7 223 
7 263 
7 356 
7 377 
7 458 
7 462 
8 16 
8 17 
8 22 
8 28 
8 32 
8 34 
8 39 
8 43 
8 46 
8 51 
8 64 
8 75 
8 76 
8 78 
8 81 
8 95 
8 101 
8 130 
8 137 
8 138 
8 158 
8 159 
8 169 
8 188 
8 206 
8 209 
8 212 
8 231 
8 246 
8 257 
8 273 
8 274 
8 286 
8 287 
8 290 
8 293 
8 301 
8 309 
8 326 
8 327 
8 329 
8 348 
8 374 
8 382 
8 386 
8 393 
8 399 
8 407 
8 412 
8 425 
8 431 
8 450 
8 452 
8 479 
8 480 
9 11 
9 14 
9 18 
9 19 
9 24 
9 25 
9 26 
9 27 
9 28 
9 30 
9 33 
9 50 
9 52 
9 53 
9 56 
9 57 
9 61 
9 62 
9 74 
9 81 
9 82 
9 92 
9 104 
9 109 
9 113 
9 131 
9 165 
9 186 
9 197 
9 217 
9 227 
9 231 
9 262 
9 270 
9 296 
9 324 
9 329 
9 356 
9 359 
9 362 
9 369 
9 398 
9 411 
9 421 
9 440 
9 444 
9 457 
9 473 
9 477 
10 21 
10 28 
10 33 
10 50 
10 66 
10 143 
10 247 
10 250 
10 263 
10 311 
10 322 
10 338 
10 423 
11 12 
11 13 
11 14 
11 15 
11 18 
11 29 
11 37 
11 47 
11 54 
11 63 
11 64 
11 70 
11 74 
11 79 
11 111 
11 116 
11 119 
11 128 
11 147 
11 200 
11 219 
11 242 
11 253 
11 255 
11 275 
11 326 
11 367 
11 385 
11 404 
11 405 
11 462 
11 482 
12 17 
12 22 
12 37 
12 40 
12 203 
12 207 
12 230 
12 277 
12 278 
12 304 
12 325 
12 333 
12 345 
12 346 
12 376 
12 410 
13 47 
13 48 
13 53 
13 57 
13 65 
13 71 
13 97 
13 113 
13 174 
13 197 
13 200 
13 227 
13 272 
13 275 
13 305 
13 395 
13 413 
13 462 
14 17 
14 19 
14 20 
14 21 
14 22 
14 26 
14 29 
14 31 
14 36 
14 52 
14 59 
14 60 
14 65 
14 80 
14 82 
14 85 
14 93 
14 120 
14 157 
14 172 
14 175 
14 178 
14 196 
14 214 
14 217 
14 239 
14 240 
14 278 
14 293 
14 295 
14 327 
14 353 
14 360 
14 400 
14 401 
14 437 
14 494 
15 37 
15 38 
15 51 
15 53 
15 167 
15 241 
15 248 
15 249 
15 261 
15 298 
15 302 
15 303 
15 432 
15 477 
15 481 
15 495 
16 18 
16 24 
16 102 
16 140 
16 163 
16 209 
16 382 
16 429 
16 436 
17 20 
17 29 
17 49 
17 58 
17 71 
17 80 
17 103 
17 110 
17 121 
17 145 
17 148 
17 172 
17 186 
17 284 
17 323 
17 336 
17 337 
17 340 
17 361 
17 442 
17 470 
17 478 
18 164 
19 26 
19 29 
19 30 
19 32 
19 41 
19 42 
19 83 
19 98 
19 105 
19 107 
19 125 
19 126 
19 135 
19 199 
19 213 
19 215 
19 230 
19 301 
19 364 
19 371 
19 376 
19 404 
19 425 
19 439 
19 480 
19 481 
20 23 
20 31 
20 33 
20 35 
20 46 
20 52 
20 69 
20 75 
20 99 
20 102 
20 108 
20 122 
20 135 
20 171 
20 173 
20 192 
20 204 
20 208 
20 228 
20 237 
20 248 
20 274 
20 379 
20 418 
20 465 
21 23 
21 24 
21 27 
21 40 
21 42 
21 43 
21 69 
21 87 
21 96 
21 109 
21 112 
21 155 
21 161 
21 166 
21 185 
21 195 
21 202 
21 225 
21 227 
21 276 
21 296 
21 308 
21 357 
21 396 
21 419 
21 442 
22 32 
22 36 
22 43 
22 65 
22 73 
22 83 
22 126 
22 129 
22 132 
22 168 
22 170 
22 209 
22 268 
22 384 
22 479 
23 49 
23 74 
23 94 
23 122 
23 134 
23 201 
23 225 
23 264 
23 307 
23 317 
23 486 
24 27 
24 34 
24 38 
24 48 
24 60 
24 78 
24 106 
24 117 
24 127 
24 146 
24 221 
24 341 
24 423 
25 28 
25 59 
25 72 
25 75 
25 88 
25 119 
25 140 
25 172 
25 185 
25 207 
25 212 
25 221 
25 277 
25 287 
25 298 
25 302 
25 319 
25 449 
25 467 
25 486 
25 497 
25 498 
26 75 
26 97 
26 101 
26 132 
26 145 
26 156 
26 197 
26 219 
26 223 
26 229 
26 236 
26 329 
26 331 
26 397 
26 441 
26 466 
27 47 
27 54 
27 58 
27 72 
27 106 
27 107 
27 115 
27 152 
27 181 
27 194 
27 228 
27 302 
27 305 
27 312 
27 351 
27 362 
27 369 
27 378 
27 399 
27 466 
27 472 
27 488 
28 30 
28 40 
28 55 
28 73 
28 94 
28 121 
28 131 
28 136 
28 139 
28 163 
28 218 
28 226 
28 242 
28 250 
28 254 
28 310 
28 322 
28 359 
28 389 
28 392 
28 413 
28 455 
28 482 
28 483 
29 39 
29 68 
29 70 
29 82 
29 116 
29 117 
29 123 
29 211 
29 217 
29 249 
29 264 
29 265 
29 297 
29 299 
29 307 
29 309 
29 328 
29 352 
29 368 
29 395 
29 429 
29 439 
29 466 
29 490 
30 34 
30 36 
30 39 
30 48 
30 90 
30 100 
30 167 
30 214 
30 223 
30 240 
30 245 
30 256 
30 318 
30 350 
30 361 
30 453 
30 461 
31 45 
31 103 
31 134 
31 193 
31 200 
31 214 
31 230 
31 241 
31 267 
31 335 
31 342 
31 343 
31 355 
31 367 
31 437 
32 68 
32 93 
32 104 
32 288 
32 411 
32 440 
33 42 
33 56 
33 113 
33 157 
33 162 
33 201 
33 315 
33 388 
34 79 
34 93 
34 127 
34 150 
34 222 
34 271 
34 294 
34 398 
34 402 
34 450 
34 460 
34 487 
34 488 
35 102 
35 105 
35 116 
35 136 
35 142 
35 155 
35 210 
35 222 
35 233 
35 257 
35 347 
35 392 
35 407 
35 417 
35 458 
35 471 
36 39 
36 40 
36 62 
36 67 
36 84 
36 134 
36 143 
36 163 
36 196 
36 226 
36 312 
36 322 
36 339 
36 355 
36 410 
36 416 
36 439 
36 447 
36 491 
37 45 
37 58 
37 86 
37 152 
37 160 
37 175 
37 243 
38 53 
38 88 
38 104 
38 114 
38 117 
38 152 
38 162 
38 168 
38 194 
38 203 
38 206 
38 252 
38 260 
38 281 
38 300 
38 356 
38 405 
38 426 
39 41 
39 55 
39 89 
39 129 
39 157 
39 287 
39 330 
39 340 
39 357 
39 376 
39 393 
39 412 
39 430 
39 496 
39 497 
40 60 
40 232 
40 324 
40 366 
40 381 
41 44 
41 57 
41 84 
41 119 
41 138 
41 282 
41 312 
41 387 
41 420 
41 453 
42 46 
42 142 
42 194 
42 237 
42 243 
42 304 
42 316 
42 360 
42 415 
43 100 
43 222 
44 61 
44 83 
44 169 
44 245 
44 270 
44 363 
44 397 
45 58 
45 66 
45 90 
45 92 
45 174 
45 181 
45 235 
45 365 
45 386 
45 394 
45 451 
46 59 
46 77 
46 78 
46 82 
46 85 
46 89 
46 108 
46 111 
46 162 
46 169 
46 210 
46 211 
46 213 
46 260 
46 282 
46 291 
46 296 
46 464 
47 50 
47 152 
47 171 
47 235 
47 251 
47 276 
47 442 
47 461 
48 63 
48 77 
48 153 
48 188 
48 195 
48 314 
48 358 
49 64 
49 70 
49 118 
49 175 
49 189 
49 216 
49 283 
49 289 
49 341 
49 417 
49 441 
49 465 
50 52 
50 83 
50 103 
50 110 
50 130 
50 225 
50 272 
50 300 
50 344 
50 352 
50 369 
50 372 
50 406 
50 409 
51 85 
51 99 
51 155 
51 179 
51 184 
51 222 
51 443 
52 64 
52 67 
52 77 
52 86 
52 96 
52 103 
52 105 
52 113 
52 128 
52 159 
52 188 
52 189 
52 191 
52 200 
52 273 
52 393 
52 395 
52 432 
52 475 
53 57 
53 281 
54 73 
54 141 
54 259 
54 279 
55 61 
55 409 
56 93 
56 174 
56 267 
56 278 
56 309 
56 433 
57 68 
57 69 
57 110 
57 112 
57 136 
57 148 
57 167 
57 294 
57 344 
57 353 
57 361 
57 444 
57 454 
58 62 
58 179 
58 268 
58 290 
58 306 
58 350 
59 293 
59 336 
60 297 
60 320 
60 366 
61 266 
62 95 
62 111 
62 176 
62 236 
62 260 
62 327 
62 406 
62 424 
62 451 
63 78 
63 91 
63 97 
63 100 
63 105 
63 127 
63 150 
63 162 
63 195 
63 220 
63 223 
63 373 
63 456 
64 72 
64 109 
64 122 
64 228 
64 313 
64 365 
65 207 
65 216 
65 276 
65 280 
65 409 
65 431 
66 198 
66 281 
66 441 
66 466 
67 69 
67 87 
67 92 
67 107 
67 149 
67 177 
67 201 
67 255 
67 258 
67 289 
67 323 
67 345 
67 476 
68 70 
68 76 
68 108 
68 139 
68 194 
68 284 
68 314 
68 385 
68 391 
68 468 
68 479 
69 77 
69 87 
69 125 
69 144 
69 145 
69 191 
69 202 
69 234 
69 243 
69 255 
69 298 
69 312 
69 445 
70 94 
70 115 
70 157 
70 161 
70 232 
70 275 
70 291 
70 474 
70 483 
71 81 
71 170 
71 204 
71 287 
71 426 
72 90 
72 115 
72 165 
72 213 
72 254 
72 280 
72 330 
72 351 
72 357 
72 450 
72 468 
73 74 
73 79 
73 180 
74 132 
74 379 
74 413 
75 91 
75 106 
75 114 
75 179 
75 286 
75 327 
75 334 
75 365 
75 418 
75 471 
77 80 
77 95 
78 265 
78 341 
79 451 
79 457 
80 221 
80 288 
80 390 
80 425 
80 470 
81 96 
81 144 
81 150 
81 164 
81 253 
81 324 
81 331 
81 431 
82 99 
82 167 
82 168 
82 218 
82 297 
82 344 
83 129 
83 141 
83 199 
83 280 
84 131 
85 87 
85 187 
86 112 
86 241 
86 455 
87 137 
87 294 
87 396 
87 428 
87 435 
88 116 
88 135 
88 183 
88 292 
88 333 
88 340 
88 363 
88 389 
89 101 
89 149 
89 212 
89 268 
90 154 
90 160 
90 189 
90 219 
90 224 
90 246 
90 250 
90 301 
90 316 
90 406 
90 486 
91 187 
91 277 
91 359 
91 378 
91 433 
91 469 
92 126 
92 133 
92 156 
92 175 
92 183 
92 196 
92 233 
92 426 
93 98 
93 159 
93 259 
93 321 
93 453 
95 114 
95 118 
95 121 
95 126 
95 163 
95 231 
95 240 
95 280 
95 282 
95 286 
95 328 
95 360 
95 438 
95 472 
95 476 
95 487 
96 186 
96 204 
96 205 
96 249 
96 319 
96 484 
97 133 
97 164 
97 191 
97 201 
97 380 
97 421 
97 449 
98 99 
98 123 
98 153 
98 251 
98 354 
98 366 
98 386 
98 393 
98 467 
99 158 
99 211 
99 237 
99 354 
100 154 
100 185 
100 198 
100 247 
100 322 
100 343 
100 436 
100 444 
100 448 
101 182 
101 305 
102 184 
103 118 
103 122 
103 228 
103 308 
103 338 
104 130 
104 205 
104 335 
104 463 
104 464 
104 493 
105 165 
105 169 
105 218 
105 265 
105 362 
105 429 
105 451 
106 161 
107 120 
107 205 
107 310 
107 330 
107 497 
108 118 
108 346 
108 402 
109 368 
110 234 
111 134 
111 138 
111 139 
111 146 
111 206 
111 253 
111 311 
111 350 
111 461 
112 160 
112 317 
113 139 
113 156 
113 221 
113 269 
113 279 
113 492 
114 125 
114 226 
114 303 
114 400 
114 491 
115 254 
115 328 
115 331 
115 356 
115 377 
115 397 
115 403 
116 224 
116 246 
117 160 
117 234 
118 119 
118 158 
119 120 
119 147 
119 166 
119 269 
119 315 
119 456 
121 262 
121 325 
122 236 
122 434 
123 127 
123 219 
123 229 
123 303 
123 366 
123 446 
124 156 
124 164 
124 177 
124 189 
124 239 
124 262 
124 490 
125 151 
125 420 
125 463 
125 467 
126 252 
126 286 
126 360 
126 454 
126 485 
127 463 
127 484 
128 151 
129 140 
129 155 
129 177 
129 181 
129 196 
129 242 
129 483 
130 154 
130 220 
130 233 
130 353 
131 190 
131 210 
131 345 
131 416 
131 443 
132 133 
132 141 
133 192 
133 276 
133 285 
133 378 
134 185 
134 285 
134 477 
135 148 
135 247 
136 268 
136 342 
137 141 
137 173 
137 238 
137 295 
137 416 
137 426 
137 469 
138 154 
138 171 
138 417 
139 144 
139 193 
139 256 
139 283 
139 335 
139 475 
144 182 
144 206 
144 217 
144 309 
144 358 
144 396 
144 410 
144 432 
145 148 
145 208 
145 261 
145 345 
145 437 
146 179 
146 245 
146 449 
147 149 
147 151 
147 177 
147 218 
148 192 
149 252 
149 275 
149 427 
150 334 
150 376 
152 174 
152 199 
153 166 
153 172 
153 182 
153 199 
153 216 
153 245 
153 265 
153 340 
154 183 
154 233 
154 299 
154 306 
154 353 
154 445 
155 244 
155 269 
155 291 
156 176 
156 319 
156 321 
156 325 
156 341 
156 452 
156 493 
157 247 
157 471 
158 212 
158 225 
158 226 
158 331 
158 332 
159 205 
160 413 
161 220 
161 242 
161 258 
161 324 
161 337 
161 371 
162 208 
162 266 
162 299 
162 317 
162 455 
162 482 
162 498 
163 271 
163 386 
163 425 
163 458 
164 332 
164 382 
164 396 
164 475 
164 495 
165 391 
165 438 
165 447 
166 263 
167 232 
167 237 
167 253 
167 379 
167 405 
168 184 
168 203 
168 256 
168 464 
169 415 
169 493 
170 250 
171 371 
172 198 
172 301 
172 325 
172 337 
174 270 
174 285 
174 349 
174 493 
175 408 
176 186 
176 279 
176 408 
177 304 
178 364 
179 192 
179 279 
179 398 
179 488 
180 315 
181 184 
181 383 
181 422 
182 255 
182 362 
183 215 
184 281 
184 295 
186 310 
186 311 
186 333 
186 498 
187 430 
188 198 
188 284 
188 390 
188 473 
189 239 
189 428 
191 381 
192 335 
192 385 
193 370 
194 384 
195 404 
195 472 
196 499 
197 273 
197 308 
197 391 
197 452 
198 238 
198 258 
198 264 
198 368 
199 292 
199 295 
200 241 
200 292 
200 293 
200 296 
202 224 
203 351 
203 445 
205 248 
205 300 
205 373 
205 487 
207 244 
207 261 
207 264 
207 314 
208 257 
208 267 
208 383 
209 216 
209 232 
210 251 
210 373 
212 318 
212 367 
212 372 
212 471 
214 332 
214 394 
215 290 
215 441 
215 498 
216 259 
216 342 
216 368 
216 427 
216 476 
217 339 
217 347 
218 357 
221 414 
222 231 
222 267 
222 401 
223 244 
223 399 
223 434 
223 485 
223 499 
224 330 
224 421 
225 227 
225 266 
225 297 
225 384 
225 407 
225 428 
225 434 
225 456 
225 491 
226 289 
228 294 
228 349 
228 414 
228 494 
229 289 
229 346 
229 473 
230 235 
230 389 
231 487 
233 259 
233 418 
234 338 
234 385 
235 236 
235 258 
235 332 
235 475 
235 490 
235 492 
236 473 
236 481 
237 417 
238 271 
238 272 
238 495 
239 369 
241 318 
241 355 
241 433 
241 452 
241 496 
243 282 
243 313 
244 372 
244 457 
245 316 
246 306 
246 453 
246 454 
247 270 
248 288 
248 361 
248 374 
248 477 
248 479 
248 496 
249 414 
252 343 
254 377 
254 427 
255 260 
255 427 
255 459 
256 271 
256 302 
256 436 
259 283 
261 397 
262 497 
263 300 
264 390 
266 402 
267 474 
268 363 
268 411 
268 459 
269 374 
269 421 
271 321 
271 343 
271 489 
272 339 
272 375 
273 352 
273 464 
274 349 
275 337 
277 291 
277 351 
283 326 
283 334 
283 365 
283 480 
284 320 
284 347 
285 308 
287 474 
287 488 
288 336 
288 387 
289 469 
290 336 
291 310 
291 377 
291 486 
292 323 
293 306 
293 339 
293 449 
294 358 
294 380 
294 388 
295 391 
295 485 
297 320 
298 470 
299 398 
301 370 
302 304 
304 389 
304 403 
305 307 
305 424 
307 402 
307 485 
309 313 
309 316 
309 405 
309 408 
309 415 
309 470 
310 383 
311 404 
312 388 
315 375 
316 444 
318 364 
319 422 
320 333 
320 370 
321 352 
321 400 
321 401 
321 406 
324 443 
331 348 
332 446 
335 439 
336 381 
336 423 
336 484 
338 382 
342 344 
344 447 
345 363 
346 478 
347 355 
347 424 
350 412 
351 359 
351 461 
353 375 
353 390 
353 422 
354 394 
354 446 
356 375 
357 489 
363 407 
364 410 
370 446 
372 387 
372 454 
373 436 
373 484 
374 455 
375 379 
377 440 
378 380 
382 468 
383 409 
387 392 
387 412 
387 435 
389 490 
391 420 
398 499 
402 458 
404 416 
407 474 
408 492 
410 476 
411 430 
416 442 
418 467 
418 495 
418 499 
419 435 
425 494 
430 460 
432 448 
434 447 
443 465 
445 483 
446 459 
449 460 
449 489 
465 478 
472 482 
490 491 
