false
false
500
1988
0 1 
0 3 
0 4 
0 5 
0 6 
0 7 
0 9 
0 10 
0 11 
0 13 
0 14 
0 15 
0 17 
0 18 
0 19 
0 20 
0 21 
0 22 
0 28 
0 33 
0 42 
0 50 
0 54 
0 73 
0 82 
0 106 
0 107 
0 114 
0 125 
0 142 
0 147 
0 161 
0 164 
0 182 
0 207 
0 237 
0 238 
0 242 
0 247 
0 268 
0 280 
0 283 
0 301 
0 302 
0 304 
0 322 
0 341 
0 343 
0 345 
0 358 
0 407 
0 410 
0 414 
0 427 
0 438 
0 456 
0 490 
1 2 
1 4 
1 5 
1 6 
1 7 
1 9 
1 18 
1 24 
1 27 
1 34 
1 36 
1 38 
1 41 
1 43 
1 46 
1 47 
1 54 
1 55 
1 61 
1 80 
1 86 
1 101 
1 131 
1 135 
1 149 
1 157 
1 159 
1 175 
1 176 
1 186 
1 205 
1 209 
1 212 
1 217 
1 231 
1 244 
1 252 
1 269 
1 273 
1 282 
1 291 
1 294 
1 318 
1 322 
1 352 
1 359 
1 368 
1 371 
1 378 
1 384 
1 399 
1 422 
1 446 
1 457 
2 3 
2 4 
2 6 
2 8 
2 12 
2 14 
2 17 
2 24 
2 39 
2 52 
2 63 
2 65 
2 73 
2 76 
2 86 
2 99 
2 101 
2 110 
2 111 
2 117 
2 130 
2 178 
2 185 
2 191 
2 222 
2 232 
2 234 
2 252 
2 263 
2 267 
2 305 
2 331 
2 368 
2 383 
2 405 
2 451 
2 484 
3 4 
3 5 
3 6 
3 10 
3 14 
3 16 
3 23 
3 61 
3 63 
3 81 
3 95 
3 160 
3 171 
3 185 
3 189 
3 211 
3 214 
3 272 
3 284 
3 335 
3 369 
3 380 
3 401 
3 429 
4 5 
4 8 
4 10 
4 12 
4 21 
4 30 
4 112 
4 122 
4 123 
4 138 
4 203 
4 209 
4 218 
4 245 
4 259 
4 300 
4 371 
4 470 
5 7 
5 9 
5 10 
5 12 
5 22 
5 30 
5 31 
5 39 
5 44 
5 45 
5 55 
5 62 
5 69 
5 76 
5 85 
5 96 
5 97 
5 101 
5 105 
5 109 
5 114 
5 148 
5 152 
5 155 
5 170 
5 200 
5 216 
5 219 
5 223 
5 228 
5 242 
5 251 
5 254 
5 285 
5 339 
5 350 
5 352 
5 431 
6 7 
6 8 
6 9 
6 25 
6 34 
6 40 
6 45 
6 57 
6 59 
6 66 
6 67 
6 70 
6 77 
6 80 
6 114 
6 118 
6 139 
6 172 
6 183 
6 209 
6 236 
6 379 
6 422 
6 442 
6 462 
6 479 
6 494 
7 8 
7 11 
7 19 
7 20 
7 29 
7 33 
7 48 
7 49 
7 51 
7 55 
7 58 
7 64 
7 75 
7 111 
7 120 
7 136 
7 138 
7 145 
7 165 
7 183 
7 186 
7 187 
7 192 
7 208 
7 226 
7 275 
7 280 
7 285 
7 320 
7 352 
7 372 
7 385 
7 393 
7 417 
7 441 
7 479 
7 499 
8 11 
8 12 
8 13 
8 14 
8 15 
8 21 
8 22 
8 27 
8 28 
8 31 
8 33 
8 40 
8 64 
8 66 
8 77 
8 81 
8 97 
8 99 
8 104 
8 116 
8 120 
8 129 
8 134 
8 140 
8 143 
8 156 
8 157 
8 163 
8 185 
8 194 
8 202 
8 226 
8 243 
8 248 
8 278 
8 281 
8 300 
8 302 
8 303 
8 320 
8 321 
8 335 
8 372 
8 391 
8 403 
8 441 
8 442 
8 458 
9 11 
9 13 
9 15 
9 23 
9 24 
9 25 
9 32 
9 43 
9 52 
9 60 
9 68 
9 85 
9 90 
9 97 
9 113 
9 121 
9 128 
9 130 
9 138 
9 152 
9 156 
9 159 
9 179 
9 193 
9 222 
9 223 
9 235 
9 243 
9 282 
9 295 
9 313 
9 318 
9 384 
9 385 
9 416 
9 436 
9 457 
9 478 
9 482 
10 13 
10 20 
10 28 
10 29 
10 39 
10 41 
10 97 
10 108 
10 113 
10 133 
10 169 
10 190 
10 266 
10 273 
10 311 
10 333 
10 342 
10 344 
10 360 
10 391 
10 393 
10 462 
10 465 
10 468 
10 486 
10 495 
11 20 
11 34 
11 42 
11 49 
11 82 
11 109 
11 116 
11 119 
11 160 
11 171 
11 227 
11 241 
11 303 
11 319 
11 342 
11 364 
11 383 
11 450 
12 33 
12 72 
12 91 
12 93 
12 99 
12 103 
12 127 
12 132 
12 168 
12 206 
12 278 
12 294 
12 367 
12 370 
12 420 
12 458 
12 464 
12 488 
13 15 
13 16 
13 17 
13 19 
13 23 
13 30 
13 31 
13 32 
13 36 
13 50 
13 62 
13 64 
13 65 
13 74 
13 77 
13 78 
13 80 
13 84 
13 85 
13 88 
13 92 
13 112 
13 118 
13 119 
13 121 
13 128 
13 142 
13 146 
13 173 
13 181 
13 187 
13 228 
13 254 
13 257 
13 258 
13 266 
13 315 
13 318 
13 323 
13 328 
13 330 
13 331 
13 347 
13 353 
13 360 
13 366 
13 374 
13 375 
13 384 
13 387 
13 397 
13 408 
13 409 
13 442 
13 448 
13 473 
13 486 
13 492 
14 16 
14 18 
14 22 
14 24 
14 25 
14 35 
14 39 
14 45 
14 54 
14 63 
14 68 
14 76 
14 87 
14 96 
14 122 
14 138 
14 141 
14 153 
14 175 
14 194 
14 213 
14 239 
14 257 
14 259 
14 267 
14 297 
14 346 
14 388 
14 394 
14 415 
14 478 
14 494 
15 16 
15 17 
15 18 
15 19 
15 26 
15 27 
15 30 
15 32 
15 35 
15 60 
15 71 
15 95 
15 101 
15 103 
15 117 
15 141 
15 157 
15 160 
15 177 
15 180 
15 181 
15 190 
15 191 
15 197 
15 207 
15 225 
15 257 
15 259 
15 265 
15 284 
15 314 
15 355 
15 365 
15 366 
15 393 
15 445 
15 456 
15 459 
15 472 
15 485 
15 489 
15 497 
16 46 
16 54 
16 64 
16 67 
16 263 
16 264 
16 372 
16 404 
16 463 
17 21 
17 37 
17 40 
17 47 
17 56 
17 71 
17 75 
17 108 
17 121 
17 124 
17 133 
17 137 
17 140 
17 142 
17 155 
17 175 
17 181 
17 210 
17 220 
17 223 
17 245 
17 264 
17 299 
17 306 
17 313 
17 314 
17 326 
17 334 
17 404 
17 421 
17 427 
17 429 
17 452 
18 37 
18 42 
18 60 
18 74 
18 197 
18 198 
18 210 
18 248 
18 249 
18 371 
19 32 
19 37 
19 38 
19 112 
19 180 
19 184 
19 254 
19 261 
19 264 
19 288 
19 310 
19 316 
19 327 
19 390 
19 405 
20 23 
20 26 
20 29 
20 76 
20 87 
20 225 
20 241 
20 291 
20 310 
20 358 
20 407 
20 471 
21 25 
21 27 
21 29 
21 31 
21 49 
21 53 
21 59 
21 62 
21 69 
21 78 
21 84 
21 86 
21 126 
21 131 
21 139 
21 146 
21 153 
21 156 
21 187 
21 203 
21 227 
21 250 
21 253 
21 289 
21 299 
21 309 
21 330 
21 378 
21 406 
21 421 
21 438 
21 464 
21 499 
22 49 
22 62 
22 68 
22 69 
22 79 
22 162 
22 169 
22 208 
22 227 
22 272 
22 278 
22 335 
22 395 
22 428 
23 36 
23 46 
23 70 
23 88 
23 117 
23 123 
23 137 
23 146 
23 196 
23 261 
23 334 
23 380 
24 26 
24 28 
24 35 
24 41 
24 50 
24 65 
24 66 
24 81 
24 83 
24 90 
24 98 
24 104 
24 105 
24 196 
24 234 
24 302 
24 314 
24 316 
24 327 
24 391 
24 437 
24 492 
25 26 
25 38 
25 44 
25 47 
25 56 
25 80 
25 85 
25 88 
25 100 
25 103 
25 109 
25 118 
25 126 
25 132 
25 145 
25 167 
25 177 
25 197 
25 202 
25 226 
25 238 
25 240 
25 268 
25 319 
25 340 
25 361 
25 376 
25 403 
25 438 
25 473 
26 124 
26 143 
26 199 
26 245 
26 269 
26 386 
26 412 
27 40 
27 41 
27 53 
27 55 
27 61 
27 77 
27 81 
27 148 
27 166 
27 176 
27 193 
27 205 
27 222 
27 232 
27 234 
27 347 
27 350 
27 432 
27 490 
28 36 
28 37 
28 46 
28 61 
28 92 
28 102 
28 105 
28 107 
28 129 
28 143 
28 150 
28 194 
28 229 
28 246 
28 345 
28 392 
28 398 
28 428 
28 431 
28 451 
28 481 
28 483 
29 34 
29 45 
29 52 
29 53 
29 67 
29 91 
29 137 
29 254 
29 268 
30 47 
30 69 
30 91 
30 120 
30 193 
30 249 
30 258 
30 285 
30 291 
30 354 
30 433 
30 435 
31 35 
31 73 
31 83 
31 147 
31 158 
31 183 
31 226 
31 300 
31 355 
31 424 
31 442 
32 44 
32 58 
32 139 
32 143 
32 205 
32 215 
32 236 
32 271 
32 497 
33 65 
33 104 
33 115 
33 173 
33 218 
33 260 
33 269 
33 294 
33 359 
33 367 
34 43 
34 48 
34 79 
34 94 
34 134 
34 154 
34 171 
34 242 
34 246 
34 264 
34 280 
34 282 
34 283 
34 317 
34 349 
34 394 
35 51 
35 99 
35 132 
35 151 
35 332 
36 71 
36 72 
36 87 
36 135 
36 228 
36 298 
36 385 
36 432 
37 38 
37 48 
37 66 
37 73 
37 102 
37 108 
37 168 
37 199 
37 221 
37 230 
37 257 
37 336 
37 394 
37 406 
37 448 
37 493 
37 495 
38 51 
38 89 
38 96 
38 111 
38 119 
38 137 
38 176 
38 177 
38 206 
38 224 
38 378 
38 379 
38 420 
38 422 
38 457 
38 466 
39 43 
39 44 
39 70 
39 125 
39 200 
39 230 
39 377 
39 429 
39 488 
40 42 
40 51 
40 92 
40 104 
40 117 
40 147 
40 148 
40 443 
41 102 
41 155 
41 334 
41 337 
42 53 
42 63 
42 115 
42 165 
42 198 
42 204 
42 342 
43 164 
43 305 
43 363 
43 412 
43 418 
43 472 
44 59 
44 100 
44 107 
44 113 
44 162 
44 184 
44 195 
44 255 
44 258 
44 277 
44 309 
44 321 
44 385 
45 50 
45 52 
45 74 
45 127 
45 174 
45 187 
45 188 
45 298 
45 301 
46 48 
46 95 
46 122 
46 188 
46 195 
46 230 
46 231 
46 387 
47 160 
47 286 
47 293 
47 375 
47 382 
47 412 
47 425 
48 82 
48 84 
49 56 
49 59 
49 74 
49 92 
49 103 
49 105 
49 126 
49 148 
49 188 
49 270 
49 281 
49 290 
49 312 
49 343 
49 348 
49 362 
49 363 
49 365 
49 421 
50 57 
50 70 
50 195 
50 269 
50 274 
51 90 
51 98 
51 125 
51 144 
51 149 
51 169 
51 211 
51 358 
51 383 
51 397 
51 409 
51 480 
52 56 
52 60 
52 94 
52 112 
52 130 
52 153 
52 159 
52 199 
52 201 
52 212 
52 275 
52 277 
52 306 
52 323 
52 401 
52 402 
52 436 
52 498 
53 58 
53 75 
53 93 
53 119 
53 122 
53 144 
53 146 
53 150 
53 162 
53 172 
53 178 
53 179 
53 198 
53 217 
53 220 
53 244 
53 308 
53 333 
53 391 
53 397 
53 398 
53 413 
53 447 
54 57 
54 68 
54 78 
54 161 
54 170 
54 229 
54 236 
54 272 
54 455 
55 141 
55 142 
55 215 
55 247 
55 443 
56 57 
56 79 
56 262 
56 263 
56 284 
56 336 
56 352 
56 362 
56 399 
56 413 
57 58 
57 89 
57 94 
57 106 
57 201 
57 242 
57 260 
57 262 
57 290 
57 308 
57 362 
57 498 
58 84 
58 93 
58 136 
58 151 
58 167 
58 215 
58 360 
58 382 
58 430 
58 473 
58 491 
59 72 
59 106 
59 121 
59 136 
59 144 
59 154 
59 165 
59 204 
59 249 
59 274 
59 287 
59 309 
59 323 
59 332 
59 388 
60 128 
60 217 
60 357 
60 365 
60 411 
61 98 
61 200 
62 67 
62 75 
62 131 
62 134 
62 173 
62 253 
62 438 
62 471 
62 482 
63 150 
64 126 
64 232 
64 279 
64 324 
64 476 
65 240 
65 247 
65 315 
65 444 
65 464 
66 129 
66 132 
66 238 
66 364 
66 374 
66 411 
66 465 
67 71 
67 123 
67 206 
67 209 
67 228 
67 353 
67 408 
67 440 
67 460 
68 78 
68 87 
68 89 
68 163 
68 174 
68 267 
68 285 
68 304 
68 320 
68 326 
68 339 
68 353 
68 370 
68 399 
68 430 
68 453 
68 461 
69 82 
69 236 
69 302 
69 361 
69 393 
69 493 
70 72 
70 100 
70 181 
70 186 
70 225 
70 258 
70 459 
71 90 
71 110 
71 111 
71 116 
71 275 
71 305 
71 445 
72 100 
72 415 
73 83 
73 124 
73 185 
73 376 
73 392 
73 474 
74 93 
74 102 
74 178 
74 296 
74 331 
74 422 
75 79 
75 96 
75 251 
75 286 
75 296 
75 325 
76 94 
76 135 
76 177 
76 197 
76 276 
76 303 
76 359 
76 366 
76 372 
76 402 
76 431 
76 445 
77 216 
77 307 
77 481 
78 91 
78 115 
78 207 
78 321 
78 328 
78 349 
78 351 
78 389 
78 476 
79 107 
79 124 
79 125 
79 203 
79 241 
79 252 
79 461 
79 478 
80 89 
80 109 
80 145 
80 233 
80 328 
80 334 
80 343 
80 401 
80 488 
82 83 
82 95 
82 118 
82 127 
82 151 
82 163 
82 214 
82 233 
82 263 
82 288 
82 449 
83 86 
83 188 
83 221 
83 470 
83 483 
84 106 
84 147 
84 222 
84 235 
84 260 
84 367 
84 368 
84 481 
84 499 
85 149 
85 179 
85 237 
85 333 
85 454 
85 494 
86 314 
86 489 
87 88 
87 120 
87 180 
88 128 
88 230 
88 306 
88 450 
89 115 
89 156 
89 312 
90 113 
90 133 
90 150 
90 207 
90 390 
92 309 
92 337 
92 427 
92 460 
92 484 
93 110 
93 470 
94 140 
94 166 
94 330 
95 189 
95 402 
95 469 
96 116 
96 133 
96 140 
96 145 
96 149 
96 200 
96 244 
96 357 
96 377 
96 381 
96 392 
96 394 
96 455 
96 462 
96 477 
97 98 
97 136 
97 466 
98 312 
98 403 
100 123 
100 172 
100 211 
100 261 
100 271 
100 299 
100 329 
100 447 
100 453 
101 130 
101 220 
101 319 
102 167 
102 171 
102 204 
102 270 
103 131 
103 219 
103 325 
104 152 
104 154 
104 220 
104 233 
104 287 
104 453 
105 134 
105 154 
105 172 
105 176 
105 182 
105 191 
105 279 
105 301 
105 307 
105 339 
105 340 
105 356 
105 361 
105 418 
106 163 
106 164 
106 255 
106 380 
106 418 
107 108 
107 127 
107 212 
107 252 
108 110 
108 358 
108 419 
108 487 
109 191 
109 205 
109 231 
109 244 
109 270 
109 292 
109 395 
109 425 
111 114 
111 155 
111 168 
111 216 
111 231 
111 312 
111 365 
111 419 
111 433 
111 477 
112 152 
112 189 
112 213 
112 249 
112 276 
113 180 
114 158 
114 161 
114 162 
114 189 
114 238 
114 239 
114 246 
114 417 
115 201 
115 251 
115 283 
115 349 
115 413 
115 449 
117 225 
117 235 
117 277 
117 319 
117 329 
118 221 
118 250 
118 307 
118 435 
119 401 
119 464 
120 174 
120 182 
120 341 
121 196 
122 183 
122 386 
122 420 
123 229 
124 218 
124 380 
124 395 
124 490 
125 129 
125 195 
125 310 
125 390 
125 407 
126 141 
126 169 
126 240 
126 315 
126 449 
127 196 
127 224 
127 240 
127 286 
127 332 
127 423 
127 451 
127 468 
127 475 
128 408 
128 411 
129 139 
129 265 
129 273 
129 439 
130 288 
130 326 
130 362 
130 373 
130 446 
131 204 
131 208 
131 229 
131 496 
132 158 
132 233 
132 250 
132 262 
132 410 
132 467 
133 135 
134 351 
134 478 
135 224 
135 339 
136 153 
136 157 
137 202 
137 234 
137 426 
137 498 
138 216 
138 237 
138 239 
138 447 
139 210 
140 144 
140 245 
140 368 
141 166 
141 175 
141 182 
141 251 
141 433 
142 227 
143 159 
143 476 
144 165 
144 295 
144 403 
144 459 
145 170 
145 219 
145 256 
145 411 
147 161 
147 440 
148 151 
148 272 
149 243 
149 282 
149 316 
149 337 
150 158 
150 253 
150 415 
151 167 
152 168 
152 192 
152 250 
152 430 
152 465 
152 480 
153 192 
153 212 
154 292 
154 354 
154 386 
154 441 
155 173 
155 206 
155 278 
155 338 
156 174 
156 190 
156 255 
156 493 
157 324 
157 332 
157 425 
158 166 
158 311 
158 321 
158 381 
160 179 
160 210 
160 316 
160 472 
161 194 
161 414 
161 419 
161 436 
162 214 
162 468 
163 164 
163 290 
163 306 
163 317 
164 218 
164 246 
164 425 
165 190 
165 256 
166 170 
167 304 
167 354 
167 382 
167 416 
168 310 
169 399 
169 414 
170 235 
170 292 
170 336 
171 201 
171 439 
171 446 
171 469 
171 475 
171 492 
172 364 
172 421 
173 261 
173 420 
173 434 
173 461 
174 184 
174 192 
174 208 
174 224 
174 336 
175 184 
175 186 
175 214 
175 221 
175 256 
175 280 
175 369 
175 406 
176 178 
176 434 
177 203 
177 247 
177 292 
177 329 
177 469 
180 259 
180 288 
181 398 
181 406 
182 256 
183 283 
183 346 
185 296 
186 202 
188 198 
188 223 
188 286 
188 317 
188 355 
188 419 
189 211 
189 213 
189 276 
189 466 
189 471 
190 232 
190 281 
190 293 
190 311 
190 381 
190 409 
191 193 
191 241 
191 318 
191 327 
191 487 
192 217 
192 266 
193 322 
193 369 
193 400 
193 482 
193 496 
194 266 
194 274 
194 297 
194 417 
195 199 
195 289 
195 377 
197 243 
197 360 
198 452 
199 255 
199 270 
199 295 
199 350 
199 444 
200 248 
200 350 
200 492 
201 213 
201 407 
201 480 
202 271 
202 294 
202 338 
202 388 
203 375 
203 477 
204 437 
205 219 
205 237 
205 298 
205 423 
205 461 
205 465 
206 325 
207 279 
207 287 
207 324 
207 387 
207 435 
207 455 
208 308 
208 315 
208 416 
209 215 
209 248 
209 289 
209 434 
209 436 
209 455 
210 287 
210 344 
210 348 
210 357 
211 239 
211 426 
211 440 
211 475 
211 480 
212 424 
215 317 
215 345 
218 253 
218 284 
218 295 
218 296 
218 326 
218 344 
219 293 
219 356 
219 382 
219 405 
220 342 
220 457 
221 260 
221 290 
221 299 
221 378 
221 379 
223 356 
223 462 
224 276 
227 268 
227 388 
228 424 
228 441 
230 389 
230 482 
231 275 
231 376 
231 414 
232 265 
233 279 
234 267 
234 338 
234 491 
235 445 
235 458 
236 348 
236 430 
236 468 
237 291 
237 409 
237 484 
237 486 
238 265 
238 329 
238 460 
238 485 
240 474 
241 387 
241 491 
242 330 
242 346 
242 357 
244 369 
244 396 
244 439 
244 459 
245 426 
245 450 
246 351 
247 463 
250 370 
250 390 
251 416 
251 467 
252 262 
252 344 
253 300 
254 375 
254 396 
255 303 
255 447 
255 479 
256 281 
256 298 
256 305 
256 308 
257 354 
258 353 
258 397 
258 496 
260 271 
260 359 
260 443 
260 483 
261 381 
261 437 
261 467 
263 400 
266 289 
266 311 
267 338 
267 341 
267 440 
267 456 
268 273 
268 395 
269 373 
270 345 
271 304 
271 371 
271 373 
271 386 
272 274 
272 389 
273 428 
275 277 
275 293 
275 474 
276 412 
277 443 
278 364 
278 427 
278 477 
279 313 
279 327 
279 346 
279 349 
279 374 
280 297 
280 324 
280 347 
280 400 
280 484 
282 337 
282 341 
282 423 
282 433 
283 404 
284 343 
284 405 
285 498 
286 439 
288 495 
290 449 
290 454 
291 297 
291 328 
294 301 
295 331 
295 363 
295 408 
297 434 
298 307 
298 320 
298 367 
298 497 
299 400 
301 313 
302 356 
302 463 
305 363 
305 494 
308 410 
309 322 
309 351 
309 370 
309 489 
311 435 
312 323 
312 325 
312 476 
312 490 
313 469 
314 366 
315 417 
315 432 
317 335 
319 452 
320 389 
322 340 
322 348 
322 355 
322 374 
323 340 
325 347 
325 499 
326 373 
326 432 
326 453 
327 333 
328 424 
328 471 
329 486 
330 429 
330 437 
335 377 
335 384 
335 402 
337 474 
341 475 
341 496 
342 383 
342 495 
343 444 
343 473 
345 456 
348 493 
351 392 
351 467 
357 361 
358 431 
360 451 
361 418 
361 454 
366 398 
366 448 
369 376 
370 396 
377 379 
377 450 
378 426 
382 466 
383 463 
384 452 
384 489 
387 396 
393 404 
394 413 
399 487 
400 481 
406 423 
408 410 
413 415 
413 444 
416 488 
418 428 
419 446 
420 487 
423 458 
432 497 
437 448 
438 470 
441 454 
442 483 
449 479 
450 460 
456 472 
458 485 
468 491 
475 485 
