false
false
500
1988
0 1 
0 3 
0 4 
0 6 
0 7 
0 8 
0 10 
0 11 
0 19 
0 22 
0 25 
0 30 
0 44 
0 60 
0 92 
0 97 
0 115 
0 120 
0 121 
0 136 
0 140 
0 156 
0 160 
0 169 
0 182 
0 192 
0 198 
0 200 
0 223 
0 225 
0 236 
0 255 
0 262 
0 279 
0 297 
0 340 
0 396 
0 407 
0 443 
0 462 
0 484 
0 495 
1 2 
1 4 
1 5 
1 7 
1 8 
1 9 
1 11 
1 17 
1 20 
1 23 
1 26 
1 27 
1 28 
1 34 
1 39 
1 40 
1 42 
1 54 
1 58 
1 59 
1 61 
1 64 
1 65 
1 67 
1 73 
1 74 
1 77 
1 115 
1 118 
1 124 
1 127 
1 143 
1 144 
1 145 
1 148 
1 149 
1 151 
1 153 
1 163 
1 164 
1 165 
1 175 
1 184 
1 197 
1 202 
1 203 
1 205 
1 207 
1 211 
1 216 
1 229 
1 230 
1 234 
1 237 
1 244 
1 245 
1 262 
1 269 
1 276 
1 282 
1 306 
1 317 
1 319 
1 321 
1 333 
1 341 
1 378 
1 380 
1 408 
1 414 
1 416 
1 453 
1 472 
1 485 
2 3 
2 4 
2 5 
2 13 
2 14 
2 16 
2 17 
2 20 
2 21 
2 23 
2 24 
2 27 
2 28 
2 42 
2 45 
2 48 
2 53 
2 56 
2 57 
2 60 
2 66 
2 69 
2 70 
2 72 
2 74 
2 75 
2 81 
2 82 
2 98 
2 101 
2 103 
2 113 
2 123 
2 132 
2 137 
2 141 
2 142 
2 152 
2 154 
2 156 
2 169 
2 176 
2 179 
2 182 
2 183 
2 185 
2 186 
2 207 
2 215 
2 218 
2 219 
2 222 
2 224 
2 226 
2 229 
2 238 
2 245 
2 252 
2 258 
2 290 
2 335 
2 349 
2 358 
2 359 
2 360 
2 364 
2 369 
2 370 
2 383 
2 390 
2 405 
2 409 
2 431 
2 440 
2 453 
2 468 
2 487 
2 494 
3 4 
3 5 
3 6 
3 13 
3 15 
3 18 
3 24 
3 34 
3 57 
3 61 
3 72 
3 100 
3 108 
3 154 
3 179 
3 180 
3 181 
3 183 
3 194 
3 205 
3 213 
3 325 
3 336 
3 341 
3 386 
3 399 
3 458 
3 462 
3 492 
4 5 
4 6 
4 7 
4 18 
4 21 
4 24 
4 29 
4 32 
4 59 
4 75 
4 106 
4 118 
4 130 
4 134 
4 198 
4 213 
4 273 
4 275 
4 287 
4 288 
4 300 
4 321 
4 351 
4 361 
4 412 
4 439 
4 456 
4 469 
5 6 
5 7 
5 8 
5 9 
5 10 
5 11 
5 14 
5 15 
5 17 
5 18 
5 19 
5 22 
5 33 
5 35 
5 37 
5 38 
5 39 
5 42 
5 43 
5 44 
5 50 
5 51 
5 57 
5 66 
5 67 
5 75 
5 83 
5 96 
5 98 
5 100 
5 107 
5 110 
5 113 
5 114 
5 122 
5 129 
5 132 
5 146 
5 147 
5 148 
5 154 
5 172 
5 181 
5 183 
5 184 
5 189 
5 190 
5 221 
5 231 
5 243 
5 246 
5 256 
5 266 
5 274 
5 284 
5 295 
5 306 
5 323 
5 331 
5 338 
5 353 
5 356 
5 364 
5 373 
5 385 
5 386 
5 401 
5 418 
5 423 
5 426 
5 429 
5 431 
5 432 
5 445 
5 448 
5 463 
5 465 
5 467 
5 472 
5 473 
5 480 
5 486 
5 496 
5 498 
6 8 
6 11 
6 12 
6 16 
6 21 
6 34 
6 41 
6 45 
6 48 
6 50 
6 53 
6 54 
6 78 
6 85 
6 89 
6 96 
6 111 
6 117 
6 130 
6 147 
6 208 
6 209 
6 211 
6 213 
6 214 
6 215 
6 225 
6 226 
6 227 
6 273 
6 274 
6 289 
6 311 
6 330 
6 333 
6 347 
6 375 
6 380 
6 387 
6 436 
7 9 
7 35 
7 36 
7 44 
7 47 
7 56 
7 86 
7 88 
7 93 
7 104 
7 129 
7 137 
7 186 
7 192 
7 297 
7 298 
7 329 
7 350 
7 379 
7 390 
7 391 
7 426 
7 481 
7 489 
8 9 
8 10 
8 12 
8 23 
8 31 
8 45 
8 69 
8 78 
8 80 
8 84 
8 120 
8 191 
8 193 
8 247 
8 255 
8 281 
8 303 
8 308 
8 316 
8 322 
8 472 
9 10 
9 12 
9 13 
9 14 
9 15 
9 16 
9 19 
9 20 
9 25 
9 28 
9 31 
9 33 
9 43 
9 45 
9 49 
9 55 
9 60 
9 65 
9 67 
9 90 
9 91 
9 97 
9 111 
9 125 
9 139 
9 161 
9 166 
9 174 
9 177 
9 191 
9 202 
9 203 
9 204 
9 207 
9 209 
9 210 
9 219 
9 261 
9 263 
9 296 
9 316 
9 338 
9 339 
9 348 
9 365 
9 366 
9 369 
9 387 
9 396 
9 408 
9 417 
9 423 
9 438 
9 443 
9 444 
9 469 
9 479 
10 12 
10 18 
10 19 
10 24 
10 26 
10 29 
10 31 
10 33 
10 36 
10 49 
10 65 
10 79 
10 84 
10 91 
10 104 
10 110 
10 112 
10 124 
10 136 
10 151 
10 168 
10 188 
10 199 
10 228 
10 240 
10 258 
10 263 
10 269 
10 271 
10 303 
10 317 
10 345 
10 354 
10 359 
10 392 
10 403 
10 412 
10 420 
10 422 
10 466 
11 13 
11 20 
11 30 
11 31 
11 75 
11 77 
11 86 
11 107 
11 109 
11 166 
11 187 
11 210 
11 227 
11 240 
11 241 
11 257 
11 268 
11 284 
11 294 
11 323 
11 326 
11 391 
11 416 
11 422 
11 480 
11 487 
12 16 
12 23 
12 29 
12 38 
12 55 
12 56 
12 62 
12 64 
12 66 
12 72 
12 83 
12 84 
12 94 
12 119 
12 122 
12 134 
12 166 
12 171 
12 174 
12 178 
12 204 
12 273 
12 371 
12 378 
12 384 
12 424 
12 451 
12 490 
13 14 
13 27 
13 29 
13 52 
13 54 
13 62 
13 81 
13 85 
13 91 
13 92 
13 98 
13 127 
13 131 
13 132 
13 141 
13 158 
13 159 
13 161 
13 182 
13 191 
13 195 
13 199 
13 200 
13 209 
13 215 
13 226 
13 248 
13 250 
13 285 
13 307 
13 313 
13 318 
13 319 
13 336 
13 384 
13 388 
13 399 
13 415 
13 458 
13 497 
14 15 
14 22 
14 26 
14 32 
14 39 
14 52 
14 64 
14 95 
14 102 
14 105 
14 197 
14 239 
14 310 
14 384 
14 400 
14 484 
14 495 
15 17 
15 27 
15 30 
15 32 
15 35 
15 42 
15 46 
15 48 
15 53 
15 58 
15 69 
15 76 
15 104 
15 111 
15 116 
15 131 
15 133 
15 165 
15 173 
15 177 
15 187 
15 189 
15 202 
15 221 
15 235 
15 246 
15 260 
15 262 
15 270 
15 334 
15 355 
15 383 
15 388 
15 409 
15 470 
15 487 
16 22 
16 33 
16 34 
16 36 
16 39 
16 47 
16 59 
16 62 
16 69 
16 70 
16 73 
16 85 
16 113 
16 123 
16 128 
16 144 
16 162 
16 168 
16 181 
16 188 
16 196 
16 209 
16 236 
16 303 
16 322 
16 327 
16 352 
16 359 
16 385 
16 395 
16 398 
16 405 
16 421 
16 460 
16 488 
17 63 
17 66 
17 79 
17 87 
17 88 
17 109 
17 119 
17 122 
17 195 
17 216 
17 217 
17 221 
17 282 
17 327 
17 362 
17 407 
17 420 
18 102 
18 165 
18 232 
18 342 
18 344 
18 382 
19 21 
19 40 
19 64 
19 67 
19 80 
19 111 
19 140 
19 150 
19 227 
19 371 
19 438 
19 439 
19 476 
19 497 
20 25 
20 37 
20 38 
20 43 
20 44 
20 61 
20 72 
20 74 
20 80 
20 83 
20 200 
20 218 
20 242 
20 324 
20 325 
20 434 
20 477 
21 54 
21 216 
21 394 
22 25 
22 46 
22 146 
22 181 
22 462 
23 36 
23 48 
23 49 
23 120 
23 123 
23 124 
23 195 
23 202 
23 238 
23 251 
23 301 
23 315 
23 331 
23 339 
23 442 
23 447 
23 472 
23 495 
24 32 
24 41 
24 50 
24 71 
24 87 
24 108 
24 109 
24 149 
24 186 
24 206 
24 249 
24 254 
24 283 
24 305 
24 311 
24 400 
24 410 
24 413 
24 418 
24 437 
24 438 
24 462 
24 469 
24 475 
25 26 
25 28 
25 51 
25 63 
25 70 
25 76 
25 82 
25 125 
25 126 
25 130 
25 141 
25 175 
25 189 
25 196 
25 221 
25 222 
25 232 
25 257 
25 291 
25 295 
25 304 
25 309 
25 324 
25 334 
25 372 
25 373 
25 379 
25 389 
25 444 
25 484 
26 30 
26 35 
26 50 
26 71 
26 157 
26 259 
26 358 
26 368 
26 373 
27 105 
27 138 
27 162 
27 188 
27 300 
27 314 
27 374 
28 47 
28 88 
28 89 
28 90 
28 110 
28 198 
28 390 
29 46 
29 86 
29 95 
29 96 
29 110 
29 406 
29 425 
29 434 
30 59 
30 63 
30 82 
30 102 
30 185 
30 350 
30 493 
31 219 
31 265 
31 438 
31 483 
32 37 
32 40 
32 41 
32 52 
32 55 
32 68 
32 81 
32 117 
32 153 
32 169 
32 280 
32 288 
32 306 
32 397 
32 406 
32 411 
32 482 
33 37 
33 38 
33 40 
33 62 
33 92 
33 93 
33 101 
33 128 
33 146 
33 149 
33 155 
33 171 
33 199 
33 292 
33 356 
33 406 
33 451 
34 46 
34 78 
34 108 
34 114 
34 211 
34 260 
34 261 
34 328 
34 428 
34 448 
35 41 
35 239 
35 253 
35 279 
35 332 
35 376 
35 441 
35 490 
35 499 
36 43 
36 53 
36 90 
36 94 
36 97 
36 140 
36 220 
36 277 
36 494 
37 51 
37 135 
37 233 
37 340 
37 343 
38 55 
38 63 
38 79 
38 87 
38 102 
38 126 
38 147 
38 168 
38 184 
38 196 
38 205 
38 232 
38 241 
38 329 
38 417 
38 433 
39 49 
39 58 
39 61 
39 68 
39 100 
39 161 
39 204 
39 205 
39 277 
39 493 
40 47 
40 81 
40 96 
40 142 
40 143 
40 168 
40 212 
40 247 
40 360 
40 441 
41 99 
41 136 
41 144 
41 167 
41 174 
41 235 
41 264 
41 368 
41 375 
41 428 
42 58 
42 76 
42 157 
42 228 
42 327 
42 349 
42 499 
43 77 
43 256 
43 264 
43 269 
43 280 
43 298 
43 313 
44 52 
44 65 
44 165 
44 348 
44 367 
44 377 
44 435 
45 242 
45 296 
45 393 
46 82 
46 138 
46 210 
46 275 
47 97 
47 99 
47 100 
47 145 
47 152 
47 160 
47 299 
47 410 
47 474 
48 71 
48 73 
48 137 
48 285 
48 410 
49 51 
49 77 
49 164 
49 222 
49 244 
49 380 
49 405 
49 411 
49 474 
49 488 
50 78 
50 143 
50 201 
50 203 
50 237 
50 412 
50 421 
50 454 
51 57 
51 300 
51 302 
51 365 
51 493 
52 73 
52 94 
52 118 
52 141 
52 196 
52 197 
52 218 
52 312 
52 459 
53 56 
53 84 
53 87 
53 95 
53 112 
53 123 
53 158 
53 163 
53 174 
53 220 
53 224 
53 236 
53 304 
53 314 
53 358 
53 366 
53 372 
53 415 
53 444 
53 467 
53 485 
54 112 
54 119 
54 133 
54 135 
55 60 
55 74 
55 127 
55 203 
55 223 
55 320 
55 436 
56 70 
56 91 
56 234 
56 287 
56 305 
56 323 
56 476 
57 92 
57 94 
57 103 
57 104 
57 106 
57 137 
57 210 
57 253 
57 261 
57 278 
57 285 
57 302 
57 312 
57 450 
57 464 
57 478 
58 93 
58 106 
58 114 
58 169 
58 292 
58 294 
58 417 
58 418 
58 440 
58 477 
59 109 
59 120 
60 86 
60 112 
60 125 
60 279 
60 291 
60 301 
60 343 
60 395 
61 329 
61 490 
62 71 
62 172 
62 367 
63 68 
63 80 
63 106 
63 167 
63 230 
63 392 
63 403 
64 244 
64 419 
65 68 
65 76 
65 98 
65 170 
65 185 
65 251 
65 308 
65 401 
66 79 
66 130 
66 283 
66 319 
66 461 
66 474 
67 488 
68 170 
68 177 
69 142 
69 150 
69 155 
69 180 
69 208 
69 460 
70 118 
70 159 
70 193 
70 299 
70 324 
70 335 
70 372 
70 457 
70 463 
71 99 
71 126 
71 133 
71 159 
71 170 
71 178 
71 179 
71 188 
71 190 
71 231 
71 233 
71 244 
71 252 
71 353 
71 415 
72 93 
72 103 
72 114 
72 116 
72 124 
73 83 
73 257 
74 89 
74 134 
74 146 
74 152 
74 178 
74 206 
74 265 
74 279 
74 341 
74 366 
74 386 
74 415 
75 88 
75 101 
75 170 
75 200 
75 212 
75 237 
75 268 
75 322 
75 331 
75 431 
76 103 
76 139 
76 148 
76 337 
77 85 
77 116 
77 121 
77 142 
77 143 
77 173 
77 299 
77 345 
77 453 
78 136 
78 192 
78 194 
78 283 
78 301 
78 334 
79 95 
79 178 
79 376 
80 89 
80 101 
80 243 
80 261 
80 266 
80 271 
80 276 
80 282 
80 482 
81 99 
81 108 
81 129 
81 135 
81 154 
81 155 
81 163 
81 175 
81 193 
81 201 
81 212 
81 250 
81 284 
81 286 
81 331 
81 368 
81 460 
82 121 
82 129 
82 167 
82 351 
83 90 
83 389 
83 445 
83 458 
83 476 
84 107 
84 117 
84 212 
85 107 
85 119 
85 171 
85 173 
85 321 
85 444 
85 449 
86 140 
86 201 
86 256 
87 113 
87 148 
87 156 
87 182 
87 184 
87 272 
87 328 
87 483 
88 105 
88 293 
88 318 
89 163 
89 248 
90 382 
91 347 
92 126 
92 416 
93 125 
93 131 
93 135 
93 139 
93 150 
93 159 
93 162 
93 179 
93 249 
93 257 
93 278 
93 284 
93 286 
93 302 
93 355 
93 367 
93 389 
93 419 
93 447 
93 475 
93 482 
94 228 
94 239 
95 161 
95 167 
95 332 
95 337 
95 349 
95 378 
97 115 
97 151 
97 158 
97 211 
97 246 
97 274 
97 275 
97 389 
98 217 
98 247 
98 264 
98 277 
98 289 
98 316 
98 374 
98 455 
99 128 
99 156 
99 189 
99 280 
99 434 
100 105 
100 116 
100 117 
100 145 
100 223 
100 409 
100 425 
101 250 
101 360 
101 421 
103 122 
103 185 
103 234 
104 134 
105 121 
105 177 
105 264 
105 295 
106 362 
106 475 
106 479 
107 115 
107 248 
107 256 
107 364 
107 459 
108 190 
108 218 
108 323 
109 164 
109 249 
109 297 
109 317 
109 491 
110 127 
110 240 
110 272 
110 280 
110 316 
110 326 
110 350 
111 305 
111 457 
111 471 
112 191 
112 322 
112 336 
112 480 
113 133 
113 255 
114 151 
114 197 
114 217 
114 224 
114 295 
115 240 
115 339 
115 466 
115 479 
116 414 
117 176 
117 220 
117 238 
117 248 
117 258 
117 270 
117 283 
117 290 
117 293 
117 397 
117 417 
118 138 
118 230 
118 398 
118 473 
119 190 
119 299 
119 311 
119 320 
119 342 
119 396 
120 152 
120 222 
121 138 
121 320 
121 326 
121 364 
121 372 
121 397 
122 247 
122 268 
122 443 
123 147 
123 158 
123 164 
123 288 
123 291 
123 298 
123 320 
123 332 
123 348 
123 376 
123 381 
124 132 
124 259 
124 266 
124 290 
124 291 
124 363 
124 494 
125 157 
125 206 
125 423 
125 465 
126 166 
126 235 
126 251 
126 442 
127 128 
127 290 
127 292 
128 145 
128 149 
128 214 
128 219 
128 241 
128 325 
128 335 
128 388 
128 400 
128 429 
129 131 
129 155 
129 208 
129 231 
129 269 
129 330 
129 452 
129 483 
130 144 
130 150 
130 153 
130 241 
130 278 
130 340 
130 361 
130 388 
130 454 
131 160 
131 258 
131 321 
131 487 
132 160 
133 171 
133 268 
133 286 
133 315 
133 370 
134 233 
135 404 
136 267 
136 494 
137 421 
138 139 
138 162 
138 187 
138 273 
138 281 
138 404 
138 414 
138 435 
139 172 
139 217 
139 232 
139 385 
139 452 
140 204 
140 277 
140 345 
142 176 
142 180 
142 411 
142 441 
143 176 
143 193 
143 228 
144 180 
144 223 
145 199 
146 153 
146 253 
146 310 
146 465 
146 467 
146 492 
147 236 
147 330 
147 400 
148 246 
149 173 
149 275 
149 383 
150 157 
150 187 
150 252 
150 393 
150 405 
150 455 
150 477 
151 359 
151 386 
152 198 
152 206 
152 296 
152 318 
152 344 
152 352 
152 437 
153 266 
153 454 
154 201 
154 404 
154 442 
155 216 
155 398 
156 393 
156 418 
157 195 
157 227 
158 186 
158 245 
158 351 
160 265 
161 260 
162 194 
162 355 
163 194 
163 324 
163 387 
163 424 
163 452 
163 483 
165 214 
165 224 
165 254 
165 379 
165 425 
165 446 
166 175 
166 183 
166 267 
166 307 
166 318 
167 305 
168 243 
168 245 
168 354 
168 397 
169 340 
170 172 
170 338 
171 370 
172 225 
172 226 
172 272 
172 330 
172 339 
172 377 
173 237 
173 285 
173 377 
173 398 
173 446 
174 336 
174 392 
175 208 
175 229 
175 259 
175 356 
176 215 
176 235 
176 243 
176 259 
176 289 
176 375 
176 493 
177 480 
178 300 
178 319 
178 362 
178 448 
178 485 
179 267 
179 270 
179 313 
181 229 
181 250 
181 402 
182 233 
182 314 
182 346 
183 271 
183 307 
183 371 
184 308 
184 464 
184 481 
185 192 
185 254 
185 260 
185 306 
185 391 
185 486 
187 349 
187 432 
187 445 
187 455 
187 478 
188 276 
188 426 
188 442 
189 207 
189 309 
189 314 
189 379 
189 425 
189 434 
189 461 
189 496 
191 281 
191 387 
192 262 
192 270 
194 214 
194 231 
194 486 
195 274 
195 288 
195 440 
196 470 
196 492 
197 220 
198 293 
199 344 
200 242 
200 265 
200 348 
200 481 
201 213 
201 363 
204 471 
205 242 
205 286 
205 334 
205 408 
205 419 
205 482 
206 342 
206 344 
206 347 
206 357 
206 381 
206 439 
206 440 
207 315 
207 354 
207 384 
207 394 
209 225 
209 303 
209 363 
211 263 
212 338 
212 420 
213 287 
214 301 
214 350 
214 407 
215 424 
216 292 
216 385 
216 453 
217 249 
217 346 
218 238 
218 466 
219 433 
220 251 
220 465 
221 234 
221 308 
221 413 
221 436 
222 328 
222 485 
224 254 
225 263 
225 390 
225 427 
226 369 
227 382 
227 416 
227 450 
227 457 
228 230 
228 402 
228 409 
228 447 
228 476 
230 403 
231 239 
231 267 
231 413 
232 282 
232 302 
232 312 
232 429 
233 281 
233 343 
233 430 
234 255 
234 296 
234 304 
234 313 
234 459 
234 497 
236 377 
236 451 
237 252 
237 428 
238 278 
238 346 
238 408 
239 430 
239 471 
239 474 
240 468 
241 253 
241 365 
242 271 
242 433 
242 461 
244 439 
245 337 
246 412 
247 343 
248 276 
248 356 
248 369 
249 272 
249 294 
249 326 
250 495 
252 426 
253 346 
254 317 
255 293 
255 374 
256 327 
256 360 
256 407 
256 491 
257 395 
257 404 
258 478 
258 481 
258 498 
259 430 
261 497 
262 423 
263 395 
264 371 
264 449 
265 287 
266 411 
267 309 
268 361 
269 361 
270 380 
270 467 
270 498 
270 499 
271 304 
271 333 
271 337 
271 383 
272 353 
273 401 
273 448 
274 352 
274 353 
275 298 
276 403 
276 470 
276 498 
277 311 
278 297 
278 490 
279 347 
281 352 
282 310 
282 312 
282 332 
283 315 
283 358 
283 381 
283 410 
285 437 
286 463 
287 399 
287 401 
288 289 
288 357 
288 399 
288 455 
289 307 
290 294 
290 469 
291 309 
292 445 
294 357 
297 362 
297 447 
297 471 
298 381 
298 394 
298 432 
299 477 
300 341 
302 351 
302 470 
303 329 
306 355 
306 357 
306 368 
307 310 
309 436 
312 325 
312 464 
312 473 
313 431 
313 432 
315 382 
319 414 
319 473 
319 484 
319 492 
320 354 
321 335 
321 345 
321 468 
324 328 
324 363 
324 366 
324 375 
324 435 
324 458 
324 464 
327 333 
329 373 
329 420 
329 430 
329 456 
329 489 
331 392 
332 419 
332 422 
334 342 
335 479 
336 441 
337 428 
339 422 
339 496 
341 468 
343 391 
347 365 
347 446 
349 427 
351 367 
354 374 
357 370 
357 394 
360 396 
364 376 
364 378 
364 393 
364 446 
364 466 
365 489 
371 450 
372 463 
375 449 
376 452 
378 454 
380 478 
381 433 
383 457 
384 450 
386 429 
387 402 
388 413 
389 499 
391 451 
392 406 
394 402 
397 435 
397 456 
400 427 
402 427 
404 461 
405 443 
408 449 
422 424 
423 460 
428 459 
432 456 
435 437 
439 491 
442 496 
450 486 
456 475 
471 489 
475 488 
488 491 
