false
false
500
1988
0 1 
0 3 
0 4 
0 5 
0 6 
0 8 
0 9 
0 10 
0 12 
0 13 
0 15 
0 16 
0 18 
0 20 
0 24 
0 25 
0 30 
0 31 
0 34 
0 37 
0 39 
0 47 
0 48 
0 49 
0 70 
0 76 
0 79 
0 81 
0 87 
0 91 
0 93 
0 95 
0 116 
0 118 
0 131 
0 133 
0 143 
0 145 
0 159 
0 163 
0 189 
0 206 
0 226 
0 229 
0 232 
0 253 
0 274 
0 285 
0 297 
0 298 
0 306 
0 320 
0 322 
0 325 
0 344 
0 353 
0 355 
0 365 
0 379 
0 384 
0 388 
0 395 
0 429 
0 440 
0 445 
0 449 
0 488 
0 498 
1 2 
1 4 
1 5 
1 6 
1 7 
1 8 
1 9 
1 10 
1 11 
1 12 
1 17 
1 20 
1 24 
1 25 
1 26 
1 29 
1 35 
1 37 
1 40 
1 46 
1 50 
1 51 
1 69 
1 76 
1 79 
1 81 
1 84 
1 88 
1 92 
1 100 
1 118 
1 125 
1 133 
1 141 
1 144 
1 146 
1 148 
1 162 
1 174 
1 184 
1 193 
1 197 
1 211 
1 265 
1 293 
1 295 
1 307 
1 318 
1 385 
1 386 
1 399 
1 456 
1 459 
1 489 
2 3 
2 4 
2 5 
2 7 
2 8 
2 10 
2 14 
2 18 
2 22 
2 23 
2 39 
2 43 
2 44 
2 46 
2 60 
2 66 
2 68 
2 72 
2 74 
2 75 
2 83 
2 85 
2 114 
2 151 
2 160 
2 168 
2 171 
2 196 
2 206 
2 209 
2 223 
2 231 
2 242 
2 256 
2 261 
2 278 
2 290 
2 302 
2 312 
2 315 
2 350 
2 365 
2 393 
2 406 
2 408 
2 411 
2 427 
2 461 
2 469 
2 471 
2 478 
2 485 
3 4 
3 9 
3 10 
3 13 
3 15 
3 24 
3 25 
3 28 
3 33 
3 39 
3 48 
3 76 
3 85 
3 90 
3 93 
3 117 
3 119 
3 129 
3 137 
3 153 
3 164 
3 186 
3 197 
3 226 
3 267 
3 281 
3 303 
3 306 
3 332 
3 341 
3 342 
3 352 
3 364 
3 379 
3 384 
3 465 
3 469 
3 494 
4 5 
4 6 
4 7 
4 12 
4 13 
4 17 
4 19 
4 22 
4 23 
4 29 
4 31 
4 39 
4 48 
4 49 
4 57 
4 58 
4 59 
4 63 
4 65 
4 94 
4 99 
4 104 
4 109 
4 122 
4 140 
4 146 
4 174 
4 193 
4 199 
4 203 
4 204 
4 237 
4 243 
4 282 
4 287 
4 288 
4 328 
4 357 
4 358 
4 365 
4 386 
4 391 
4 403 
4 408 
4 415 
4 432 
4 438 
4 441 
4 450 
4 454 
4 470 
4 491 
5 6 
5 8 
5 9 
5 16 
5 21 
5 25 
5 27 
5 30 
5 33 
5 37 
5 40 
5 43 
5 44 
5 55 
5 56 
5 60 
5 64 
5 71 
5 73 
5 75 
5 79 
5 81 
5 91 
5 97 
5 100 
5 110 
5 112 
5 132 
5 136 
5 138 
5 139 
5 146 
5 152 
5 156 
5 164 
5 176 
5 180 
5 185 
5 187 
5 188 
5 199 
5 215 
5 223 
5 242 
5 259 
5 261 
5 265 
5 266 
5 269 
5 278 
5 290 
5 293 
5 299 
5 314 
5 316 
5 318 
5 330 
5 333 
5 335 
5 359 
5 361 
5 362 
5 382 
5 404 
5 410 
5 421 
5 453 
5 470 
5 472 
5 477 
5 495 
5 496 
5 497 
6 7 
6 11 
6 15 
6 17 
6 21 
6 31 
6 34 
6 54 
6 66 
6 77 
6 79 
6 86 
6 87 
6 89 
6 98 
6 104 
6 108 
6 112 
6 116 
6 131 
6 133 
6 154 
6 167 
6 177 
6 192 
6 194 
6 273 
6 285 
6 332 
6 337 
6 355 
6 391 
6 395 
6 402 
6 403 
6 410 
6 469 
6 493 
7 13 
7 14 
7 19 
7 22 
7 29 
7 36 
7 37 
7 42 
7 46 
7 62 
7 68 
7 70 
7 82 
7 84 
7 130 
7 157 
7 175 
7 181 
7 200 
7 234 
7 244 
7 276 
7 281 
7 311 
7 395 
7 414 
7 451 
8 20 
8 23 
8 38 
8 41 
8 42 
8 72 
8 78 
8 80 
8 127 
8 155 
8 179 
8 206 
8 221 
8 262 
8 310 
8 390 
8 425 
8 442 
9 11 
9 16 
9 19 
9 27 
9 28 
9 32 
9 43 
9 64 
9 74 
9 95 
9 147 
9 176 
9 190 
9 198 
9 202 
9 218 
9 225 
9 231 
9 289 
9 345 
9 405 
9 483 
10 11 
10 12 
10 14 
10 15 
10 17 
10 19 
10 20 
10 21 
10 22 
10 23 
10 26 
10 28 
10 33 
10 34 
10 36 
10 40 
10 46 
10 52 
10 54 
10 61 
10 72 
10 73 
10 86 
10 94 
10 97 
10 106 
10 109 
10 112 
10 126 
10 132 
10 150 
10 158 
10 161 
10 162 
10 164 
10 169 
10 178 
10 180 
10 192 
10 207 
10 212 
10 228 
10 241 
10 259 
10 264 
10 269 
10 270 
10 283 
10 288 
10 294 
10 310 
10 312 
10 326 
10 330 
10 357 
10 398 
10 407 
10 409 
10 448 
10 463 
10 475 
10 491 
11 14 
11 55 
11 74 
11 110 
11 134 
11 161 
11 204 
11 221 
11 276 
11 300 
11 314 
11 350 
11 373 
11 423 
12 16 
12 31 
12 72 
12 99 
12 120 
12 166 
12 248 
12 257 
12 274 
12 404 
12 431 
12 451 
12 458 
13 56 
13 58 
13 88 
13 105 
13 132 
13 144 
13 343 
13 369 
13 408 
13 449 
13 454 
14 18 
14 26 
14 34 
14 35 
14 58 
14 63 
14 80 
14 95 
14 121 
14 125 
14 127 
14 128 
14 134 
14 142 
14 143 
14 161 
14 196 
14 200 
14 207 
14 272 
14 296 
14 306 
14 324 
14 329 
14 340 
14 342 
14 362 
14 371 
14 380 
14 400 
14 430 
14 437 
14 465 
15 28 
15 29 
15 41 
15 45 
15 50 
15 78 
15 113 
15 120 
15 130 
15 146 
15 165 
15 171 
15 192 
15 195 
15 225 
15 261 
15 287 
15 299 
15 301 
15 307 
15 319 
15 324 
15 345 
15 348 
15 363 
15 388 
15 392 
15 422 
15 466 
15 490 
16 47 
16 115 
16 125 
16 127 
16 128 
16 169 
16 185 
16 225 
16 341 
16 495 
17 18 
17 49 
17 55 
17 83 
17 121 
17 126 
17 134 
17 163 
17 170 
17 215 
17 269 
17 291 
17 334 
17 402 
17 445 
18 61 
19 32 
19 59 
19 61 
19 62 
19 75 
19 99 
19 102 
19 103 
19 114 
19 123 
19 137 
19 144 
19 155 
19 189 
19 211 
19 258 
19 260 
19 267 
19 277 
19 278 
19 280 
19 284 
19 308 
19 328 
19 335 
19 369 
19 370 
19 403 
19 437 
20 21 
20 27 
20 30 
20 41 
20 62 
20 68 
20 84 
20 114 
20 143 
20 159 
20 165 
20 173 
20 216 
20 221 
20 228 
20 239 
20 241 
20 295 
20 349 
20 376 
20 380 
20 420 
20 441 
20 444 
20 491 
20 498 
21 24 
21 26 
21 36 
21 47 
21 51 
21 67 
21 98 
21 122 
21 160 
21 183 
21 229 
21 252 
21 256 
21 270 
21 273 
21 276 
21 281 
21 327 
21 354 
21 399 
21 411 
21 419 
22 27 
22 30 
22 35 
22 38 
22 44 
22 50 
22 52 
22 80 
22 81 
22 99 
22 108 
22 123 
22 136 
22 138 
22 162 
22 194 
22 197 
22 311 
22 353 
22 428 
22 496 
23 35 
23 44 
23 102 
23 205 
23 245 
23 297 
23 298 
23 386 
23 394 
24 70 
24 115 
24 124 
24 157 
24 181 
24 205 
24 222 
24 243 
24 321 
24 487 
25 32 
25 33 
25 41 
25 50 
25 51 
25 78 
25 80 
25 129 
25 139 
25 151 
25 212 
25 220 
25 265 
25 275 
25 350 
25 353 
25 364 
25 387 
25 400 
25 424 
25 446 
25 449 
25 463 
25 469 
25 476 
25 484 
25 490 
25 492 
26 32 
26 40 
26 53 
26 164 
26 201 
26 320 
26 338 
26 367 
26 472 
27 63 
27 65 
27 68 
27 78 
27 148 
27 157 
27 226 
27 242 
27 303 
27 317 
28 60 
28 120 
28 149 
28 175 
28 257 
28 290 
28 302 
28 343 
28 356 
28 385 
28 477 
28 493 
29 42 
29 59 
29 60 
29 77 
29 90 
29 96 
29 107 
29 110 
29 140 
29 161 
29 171 
29 198 
29 202 
29 205 
29 223 
29 236 
29 246 
29 253 
29 312 
29 372 
29 418 
29 455 
30 51 
30 64 
30 65 
30 82 
30 145 
30 149 
30 152 
30 227 
30 234 
30 245 
30 258 
30 300 
30 301 
30 323 
30 334 
30 344 
30 373 
30 462 
31 45 
31 64 
31 77 
31 89 
31 92 
31 150 
31 172 
31 219 
31 230 
31 309 
31 334 
31 366 
31 370 
31 393 
31 476 
31 481 
32 36 
32 38 
32 48 
32 54 
32 114 
32 165 
32 277 
32 389 
32 419 
32 439 
33 52 
33 73 
33 167 
33 178 
33 179 
33 291 
33 409 
33 497 
34 38 
34 52 
34 98 
34 121 
34 232 
34 233 
34 249 
34 327 
34 399 
34 422 
34 473 
35 47 
35 56 
35 66 
35 70 
35 85 
35 86 
35 107 
35 124 
35 131 
35 142 
35 155 
35 186 
35 196 
35 206 
35 218 
35 257 
35 263 
35 268 
35 284 
35 303 
35 305 
35 369 
35 375 
35 381 
35 415 
35 437 
35 446 
36 45 
36 138 
36 139 
36 193 
36 444 
36 458 
36 479 
37 42 
37 53 
37 57 
37 59 
37 174 
37 323 
37 388 
37 462 
37 480 
38 57 
38 136 
38 188 
38 211 
38 219 
38 335 
38 467 
38 478 
39 102 
39 107 
39 130 
39 182 
39 217 
39 236 
39 279 
39 305 
39 393 
39 426 
40 58 
40 67 
40 69 
40 83 
40 139 
40 171 
40 178 
40 195 
40 339 
40 435 
40 456 
40 465 
40 487 
41 43 
41 71 
41 103 
41 108 
41 173 
41 179 
41 201 
41 210 
41 248 
41 264 
41 297 
41 313 
41 325 
41 390 
41 433 
41 438 
41 447 
41 472 
42 56 
42 126 
42 129 
42 166 
42 183 
42 184 
42 196 
42 240 
42 273 
42 296 
42 309 
42 318 
42 319 
42 383 
42 489 
42 491 
43 45 
43 235 
43 270 
43 305 
43 409 
44 53 
44 67 
44 93 
44 128 
44 149 
44 150 
44 182 
44 212 
44 252 
44 268 
44 279 
44 387 
44 417 
44 468 
44 476 
45 84 
45 103 
45 159 
45 238 
45 279 
45 297 
45 298 
45 433 
45 439 
45 443 
46 49 
46 53 
46 61 
46 76 
46 119 
46 123 
46 169 
46 210 
46 216 
46 254 
46 261 
46 263 
46 333 
46 395 
46 402 
46 457 
47 100 
47 105 
47 158 
47 218 
47 231 
47 239 
47 376 
47 381 
48 74 
48 94 
48 101 
48 117 
48 220 
48 235 
48 249 
48 272 
48 283 
48 346 
48 347 
48 450 
49 125 
49 152 
49 186 
49 220 
49 252 
49 262 
49 292 
49 293 
50 75 
50 100 
50 118 
50 176 
50 207 
50 215 
50 271 
50 335 
51 55 
51 66 
51 77 
51 92 
51 113 
51 141 
51 154 
51 170 
51 322 
51 345 
51 349 
51 350 
51 376 
51 383 
51 384 
51 396 
51 466 
52 87 
52 192 
52 244 
52 259 
52 363 
53 54 
53 63 
53 65 
53 243 
53 300 
53 488 
54 117 
55 57 
55 71 
55 97 
55 154 
55 211 
55 239 
55 281 
55 473 
56 82 
56 119 
56 134 
56 142 
56 153 
56 210 
56 313 
56 318 
56 324 
56 480 
56 497 
57 98 
57 116 
57 246 
57 486 
58 109 
58 112 
58 113 
58 140 
58 177 
58 202 
58 214 
58 244 
58 253 
58 286 
58 390 
58 418 
58 486 
59 71 
59 86 
59 92 
59 101 
59 131 
59 143 
59 183 
59 189 
59 254 
59 262 
59 286 
59 287 
59 405 
59 497 
60 82 
60 87 
60 107 
60 110 
60 111 
60 136 
60 153 
60 158 
60 177 
60 325 
60 328 
60 467 
60 492 
61 62 
61 85 
61 115 
61 128 
61 268 
61 280 
61 319 
61 321 
61 408 
62 67 
62 69 
62 103 
62 120 
62 147 
62 247 
63 102 
63 117 
63 137 
63 296 
64 69 
64 73 
64 97 
64 364 
65 88 
65 236 
65 340 
65 453 
66 115 
66 121 
66 123 
66 135 
66 248 
66 255 
66 300 
66 316 
66 342 
66 346 
66 356 
66 396 
66 457 
67 90 
67 106 
67 183 
67 233 
67 474 
68 96 
68 101 
68 126 
68 141 
68 162 
68 181 
68 299 
68 307 
68 441 
69 231 
69 442 
69 452 
69 459 
70 89 
70 96 
70 101 
70 235 
70 247 
70 280 
70 324 
70 332 
70 337 
70 378 
70 459 
70 490 
70 498 
71 132 
71 151 
71 182 
71 372 
72 111 
72 292 
72 294 
72 332 
72 348 
72 386 
72 413 
72 471 
73 105 
73 122 
73 172 
73 204 
73 232 
73 260 
73 351 
73 360 
73 471 
74 93 
74 224 
75 238 
75 303 
75 320 
76 165 
76 405 
76 481 
77 83 
77 94 
77 203 
77 251 
77 494 
78 105 
78 154 
78 155 
78 222 
78 375 
79 96 
79 124 
79 439 
79 482 
80 184 
80 190 
80 230 
80 244 
80 275 
80 339 
81 91 
81 127 
81 138 
81 151 
81 160 
81 180 
81 234 
81 258 
81 381 
81 404 
81 459 
81 499 
82 160 
82 222 
82 338 
82 361 
82 379 
83 104 
83 170 
83 186 
83 274 
83 361 
83 389 
83 438 
84 251 
85 88 
85 380 
85 434 
85 472 
86 89 
86 109 
86 116 
86 185 
86 193 
86 205 
86 245 
86 336 
86 413 
86 434 
88 90 
88 91 
88 95 
88 119 
88 264 
88 321 
88 339 
88 359 
88 372 
88 394 
88 421 
88 453 
89 135 
89 198 
89 283 
89 352 
89 373 
89 455 
90 129 
90 163 
90 195 
90 224 
90 405 
90 430 
91 106 
91 122 
91 170 
91 213 
92 113 
92 137 
92 309 
92 368 
92 385 
92 394 
93 106 
93 199 
93 202 
93 215 
93 287 
93 329 
93 401 
93 436 
93 446 
94 104 
94 173 
94 194 
94 241 
94 246 
94 480 
95 176 
96 175 
96 228 
96 431 
97 166 
97 427 
98 148 
99 133 
99 175 
99 308 
99 440 
100 150 
100 208 
100 286 
100 401 
101 159 
101 236 
101 387 
101 398 
102 156 
102 326 
103 118 
103 288 
103 333 
103 414 
104 145 
104 474 
105 141 
105 142 
105 246 
105 250 
105 331 
106 111 
107 108 
107 111 
107 156 
107 158 
107 197 
107 273 
107 295 
107 378 
107 485 
108 149 
108 249 
108 256 
108 326 
108 379 
108 411 
108 431 
108 446 
109 412 
110 130 
110 266 
110 400 
110 443 
110 483 
111 230 
112 168 
112 191 
112 208 
112 292 
113 166 
113 216 
113 252 
113 302 
113 314 
113 396 
113 470 
114 185 
114 219 
114 272 
114 292 
114 319 
114 330 
115 153 
115 255 
116 135 
116 264 
117 173 
119 147 
119 228 
121 181 
121 189 
121 365 
122 306 
122 331 
123 124 
123 135 
123 157 
123 200 
123 349 
123 366 
123 389 
123 424 
125 224 
125 381 
125 392 
126 425 
127 217 
127 223 
127 229 
127 248 
127 388 
127 412 
127 451 
127 468 
128 214 
128 271 
128 317 
128 466 
129 237 
129 375 
129 431 
130 140 
130 212 
130 359 
131 187 
131 416 
132 238 
132 254 
132 313 
132 417 
132 470 
133 147 
133 240 
133 453 
133 464 
134 233 
134 311 
134 452 
135 167 
135 177 
135 213 
135 250 
135 294 
135 331 
135 413 
136 148 
136 152 
136 203 
136 204 
136 274 
136 347 
136 435 
136 483 
137 345 
138 329 
138 351 
141 144 
141 180 
141 289 
141 354 
142 145 
142 156 
142 355 
142 368 
142 378 
142 407 
142 451 
144 172 
144 220 
144 268 
144 432 
145 234 
145 364 
145 482 
146 232 
146 277 
147 250 
147 282 
147 308 
147 309 
147 344 
148 167 
148 168 
148 182 
148 260 
148 277 
148 426 
149 257 
149 353 
149 435 
150 163 
150 172 
150 436 
150 488 
151 190 
151 249 
151 322 
151 420 
151 434 
151 492 
152 243 
152 253 
152 465 
153 191 
153 217 
153 222 
153 227 
153 362 
154 168 
154 199 
154 272 
154 275 
155 209 
155 237 
155 271 
155 331 
155 455 
156 267 
156 454 
157 321 
157 359 
157 391 
158 447 
159 169 
159 174 
159 213 
159 282 
159 305 
159 313 
159 448 
159 496 
161 209 
161 263 
161 304 
161 418 
161 430 
162 201 
162 284 
162 471 
163 179 
163 219 
163 224 
163 240 
163 294 
163 374 
163 464 
163 482 
164 178 
164 184 
164 247 
164 427 
165 304 
165 327 
165 358 
165 387 
165 389 
166 195 
166 209 
166 289 
166 302 
166 323 
166 432 
166 449 
167 371 
168 343 
168 492 
169 413 
170 187 
170 265 
170 301 
170 351 
170 366 
170 382 
170 420 
171 487 
172 201 
172 259 
172 276 
172 461 
173 399 
174 203 
174 230 
174 235 
174 440 
174 442 
175 208 
175 397 
176 191 
176 213 
176 342 
176 370 
176 410 
177 187 
178 317 
179 200 
179 214 
179 347 
179 362 
179 483 
180 255 
180 380 
181 191 
181 374 
182 194 
182 266 
182 346 
183 190 
184 188 
184 198 
184 315 
185 188 
185 208 
185 226 
185 227 
185 258 
185 357 
185 436 
186 266 
186 275 
186 282 
186 354 
186 356 
186 368 
186 426 
187 221 
187 417 
188 233 
188 346 
188 358 
188 373 
190 207 
191 421 
191 477 
192 269 
193 216 
193 341 
193 376 
193 424 
193 474 
193 494 
194 214 
194 278 
194 298 
195 240 
196 352 
197 256 
197 392 
198 417 
199 217 
199 225 
199 254 
199 375 
199 484 
200 333 
200 428 
200 433 
202 460 
203 368 
203 434 
203 437 
204 210 
204 279 
204 374 
204 412 
204 414 
204 486 
205 247 
206 218 
206 295 
206 316 
206 326 
206 360 
206 475 
208 322 
209 285 
210 227 
210 245 
210 354 
212 262 
212 263 
212 270 
212 355 
212 422 
212 428 
212 447 
214 251 
214 360 
214 412 
215 251 
215 323 
216 397 
217 339 
217 420 
218 283 
218 291 
218 338 
218 341 
218 499 
219 307 
219 363 
219 452 
220 229 
220 260 
220 398 
220 429 
220 438 
221 286 
221 320 
224 242 
224 400 
225 237 
226 238 
226 241 
226 488 
227 239 
227 308 
227 397 
228 289 
228 299 
228 367 
228 450 
229 255 
230 443 
231 361 
232 285 
234 280 
234 328 
234 366 
235 461 
236 290 
239 284 
239 310 
239 334 
239 458 
239 476 
239 493 
240 250 
240 271 
240 370 
240 401 
242 466 
245 293 
245 336 
245 348 
245 383 
246 304 
246 494 
247 495 
248 267 
248 301 
249 416 
250 330 
251 348 
251 393 
251 397 
251 485 
252 304 
252 315 
252 347 
252 416 
253 384 
253 440 
254 391 
254 433 
255 296 
255 383 
255 392 
255 460 
257 337 
258 357 
260 456 
260 473 
261 367 
261 406 
262 401 
262 457 
263 314 
264 441 
266 291 
266 336 
266 377 
266 481 
267 407 
267 460 
267 475 
269 340 
270 336 
270 435 
271 344 
271 447 
273 312 
274 499 
275 311 
275 485 
276 288 
276 363 
276 489 
277 478 
278 343 
279 498 
281 474 
284 316 
284 396 
287 468 
289 310 
291 325 
292 356 
292 463 
294 385 
294 406 
294 445 
299 338 
299 352 
300 382 
301 372 
301 418 
301 499 
302 317 
302 444 
302 487 
304 377 
304 439 
305 452 
305 478 
306 349 
306 456 
309 374 
310 477 
311 315 
311 398 
311 419 
311 432 
312 458 
314 367 
316 468 
317 351 
317 430 
321 377 
321 481 
322 358 
323 360 
323 443 
323 448 
323 480 
324 378 
325 327 
325 337 
325 444 
325 467 
326 329 
327 425 
327 479 
328 340 
330 406 
330 463 
331 411 
331 428 
332 429 
334 371 
334 425 
334 429 
337 410 
341 369 
342 460 
345 414 
348 416 
352 423 
354 371 
360 464 
364 377 
366 419 
367 409 
367 415 
368 415 
372 462 
373 484 
374 436 
375 382 
376 455 
376 457 
376 489 
377 390 
378 404 
380 407 
385 403 
386 402 
388 394 
389 495 
391 427 
396 486 
398 421 
398 423 
401 464 
402 424 
404 423 
407 445 
408 426 
411 461 
415 479 
416 422 
418 473 
423 442 
431 450 
432 454 
432 484 
439 467 
442 448 
442 462 
445 479 
449 496 
463 475 
465 482 
471 493 
489 490 
