false
false
500
1988
0 1 
0 3 
0 4 
0 5 
0 10 
0 12 
0 23 
0 25 
0 28 
0 29 
0 33 
0 36 
0 39 
0 40 
0 41 
0 42 
0 47 
0 57 
0 59 
0 61 
0 80 
0 83 
0 85 
0 91 
0 94 
0 104 
0 105 
0 107 
0 119 
0 126 
0 130 
0 148 
0 168 
0 179 
0 182 
0 184 
0 196 
0 203 
0 208 
0 217 
0 225 
0 226 
0 255 
0 259 
0 261 
0 269 
0 293 
0 316 
0 321 
0 341 
0 368 
0 387 
0 395 
0 475 
0 494 
1 2 
1 4 
1 6 
1 7 
1 9 
1 17 
1 62 
1 105 
1 114 
1 129 
1 142 
1 166 
1 171 
1 181 
1 205 
1 214 
1 239 
1 246 
1 374 
1 382 
1 400 
1 432 
2 3 
2 4 
2 5 
2 6 
2 8 
2 9 
2 10 
2 13 
2 15 
2 37 
2 42 
2 44 
2 50 
2 53 
2 55 
2 56 
2 73 
2 82 
2 101 
2 103 
2 110 
2 124 
2 140 
2 144 
2 145 
2 149 
2 161 
2 162 
2 169 
2 210 
2 216 
2 219 
2 226 
2 239 
2 254 
2 259 
2 262 
2 265 
2 276 
2 282 
2 284 
2 298 
2 317 
2 320 
2 323 
2 328 
2 333 
2 346 
2 393 
2 396 
2 399 
2 400 
2 433 
2 441 
2 444 
2 453 
3 4 
3 5 
3 8 
3 9 
3 11 
3 12 
3 19 
3 30 
3 31 
3 32 
3 34 
3 42 
3 50 
3 59 
3 61 
3 65 
3 67 
3 70 
3 76 
3 79 
3 100 
3 101 
3 104 
3 120 
3 126 
3 134 
3 149 
3 164 
3 168 
3 175 
3 181 
3 206 
3 247 
3 250 
3 251 
3 275 
3 295 
3 308 
3 314 
3 321 
3 390 
3 422 
3 439 
3 447 
3 454 
3 476 
4 5 
4 6 
4 7 
4 8 
4 10 
4 11 
4 13 
4 15 
4 16 
4 18 
4 25 
4 28 
4 29 
4 31 
4 37 
4 39 
4 50 
4 53 
4 56 
4 62 
4 64 
4 66 
4 71 
4 73 
4 76 
4 77 
4 91 
4 92 
4 100 
4 107 
4 112 
4 113 
4 116 
4 118 
4 122 
4 126 
4 127 
4 130 
4 131 
4 142 
4 145 
4 166 
4 174 
4 183 
4 186 
4 189 
4 193 
4 200 
4 201 
4 203 
4 213 
4 227 
4 231 
4 232 
4 234 
4 251 
4 258 
4 264 
4 266 
4 279 
4 287 
4 297 
4 299 
4 305 
4 310 
4 326 
4 329 
4 332 
4 333 
4 350 
4 356 
4 365 
4 368 
4 421 
4 424 
4 431 
4 439 
4 440 
4 448 
4 450 
4 455 
4 473 
4 476 
4 495 
5 6 
5 7 
5 8 
5 11 
5 12 
5 16 
5 20 
5 24 
5 26 
5 30 
5 38 
5 40 
5 45 
5 46 
5 53 
5 54 
5 67 
5 69 
5 70 
5 85 
5 102 
5 124 
5 130 
5 131 
5 144 
5 154 
5 174 
5 175 
5 186 
5 199 
5 206 
5 230 
5 238 
5 243 
5 249 
5 251 
5 260 
5 277 
5 294 
5 297 
5 340 
5 361 
5 377 
5 384 
5 388 
5 408 
5 410 
5 455 
5 466 
5 492 
6 7 
6 9 
6 12 
6 13 
6 14 
6 17 
6 20 
6 21 
6 26 
6 32 
6 36 
6 44 
6 70 
6 78 
6 83 
6 96 
6 104 
6 115 
6 117 
6 119 
6 132 
6 158 
6 160 
6 165 
6 166 
6 180 
6 191 
6 207 
6 224 
6 227 
6 235 
6 244 
6 245 
6 248 
6 250 
6 267 
6 289 
6 311 
6 346 
6 349 
6 352 
6 357 
6 363 
6 367 
6 381 
6 388 
6 395 
6 412 
6 429 
6 474 
6 479 
6 484 
6 486 
6 497 
7 10 
7 15 
7 17 
7 22 
7 23 
7 26 
7 29 
7 30 
7 35 
7 37 
7 42 
7 48 
7 51 
7 72 
7 108 
7 114 
7 129 
7 190 
7 191 
7 208 
7 228 
7 240 
7 260 
7 297 
7 321 
7 345 
7 386 
7 447 
7 459 
7 460 
7 497 
8 11 
8 13 
8 14 
8 17 
8 18 
8 20 
8 23 
8 25 
8 34 
8 40 
8 44 
8 46 
8 49 
8 55 
8 60 
8 62 
8 66 
8 71 
8 72 
8 75 
8 86 
8 111 
8 128 
8 132 
8 133 
8 137 
8 139 
8 152 
8 156 
8 160 
8 167 
8 172 
8 177 
8 191 
8 202 
8 207 
8 213 
8 222 
8 233 
8 277 
8 283 
8 287 
8 294 
8 301 
8 322 
8 379 
8 410 
8 428 
8 435 
8 442 
8 468 
8 472 
9 40 
9 52 
9 66 
9 79 
9 107 
9 112 
9 117 
9 133 
9 158 
9 209 
9 224 
9 225 
9 230 
9 242 
9 257 
9 332 
9 337 
9 370 
9 377 
9 404 
9 431 
9 434 
9 478 
9 486 
10 14 
10 19 
10 24 
10 27 
10 28 
10 37 
10 47 
10 48 
10 56 
10 58 
10 69 
10 77 
10 92 
10 108 
10 116 
10 124 
10 125 
10 132 
10 170 
10 189 
10 229 
10 275 
10 278 
10 299 
10 302 
10 342 
10 385 
10 389 
10 437 
10 453 
10 467 
10 468 
11 20 
11 25 
11 28 
11 31 
11 36 
11 84 
11 87 
11 103 
11 129 
11 139 
11 181 
11 185 
11 232 
11 236 
11 273 
11 316 
11 380 
11 412 
11 425 
11 455 
11 481 
12 16 
12 22 
12 41 
12 44 
12 58 
12 63 
12 68 
12 77 
12 89 
12 90 
12 105 
12 162 
12 195 
12 247 
12 268 
12 270 
12 281 
12 283 
12 285 
12 300 
12 364 
12 400 
12 410 
12 460 
12 467 
13 14 
13 15 
13 18 
13 21 
13 33 
13 75 
13 123 
13 127 
13 291 
13 298 
13 324 
13 376 
13 387 
14 16 
14 21 
14 23 
14 24 
14 27 
14 30 
14 43 
14 49 
14 81 
14 90 
14 93 
14 113 
14 134 
14 146 
14 152 
14 192 
14 203 
14 219 
14 221 
14 233 
14 250 
14 257 
14 262 
14 263 
14 277 
14 292 
14 309 
14 317 
14 319 
14 338 
14 339 
14 352 
14 355 
14 367 
14 381 
14 426 
14 449 
14 451 
14 470 
15 18 
15 19 
15 22 
15 24 
15 35 
15 38 
15 39 
15 70 
15 100 
15 104 
15 135 
15 137 
15 149 
15 160 
15 209 
15 215 
15 272 
15 320 
15 339 
15 356 
15 394 
15 419 
15 447 
15 489 
15 492 
15 494 
16 49 
16 61 
16 389 
17 21 
17 140 
17 146 
17 148 
17 167 
17 217 
17 449 
18 19 
18 26 
18 27 
18 33 
18 79 
18 89 
18 179 
18 183 
18 189 
18 200 
18 205 
18 223 
18 252 
19 34 
19 60 
19 71 
19 98 
19 106 
19 109 
19 122 
19 128 
19 144 
19 146 
19 155 
19 156 
19 172 
19 174 
19 185 
19 413 
20 22 
20 27 
20 32 
20 68 
20 119 
20 135 
20 220 
20 264 
20 286 
20 290 
20 303 
20 305 
20 316 
20 320 
20 388 
20 408 
20 436 
20 467 
20 484 
21 80 
21 81 
21 84 
21 116 
21 159 
21 204 
21 211 
21 242 
21 298 
21 384 
21 497 
22 35 
22 46 
22 47 
22 64 
22 65 
22 66 
22 74 
22 76 
22 86 
22 94 
22 95 
22 117 
22 120 
22 161 
22 182 
22 188 
22 197 
22 200 
22 248 
22 306 
22 313 
22 316 
22 324 
22 325 
22 342 
22 378 
22 391 
22 394 
22 409 
22 424 
22 430 
22 441 
22 499 
23 33 
23 36 
23 67 
23 85 
23 95 
23 97 
23 138 
23 153 
23 265 
23 328 
23 335 
23 396 
24 41 
24 55 
24 115 
24 163 
24 409 
25 29 
25 43 
25 48 
25 52 
25 63 
25 69 
25 75 
25 92 
25 106 
25 108 
25 110 
25 111 
25 131 
25 154 
25 174 
25 188 
25 194 
25 197 
25 199 
25 202 
25 226 
25 234 
25 254 
25 286 
25 289 
25 314 
25 340 
25 426 
25 431 
25 438 
25 440 
26 38 
26 41 
26 47 
26 48 
26 49 
26 65 
26 87 
26 98 
26 121 
26 139 
26 151 
26 156 
26 167 
26 169 
26 176 
26 184 
26 190 
26 201 
26 216 
26 224 
26 252 
26 270 
26 301 
26 347 
26 348 
26 356 
26 374 
26 434 
26 436 
26 448 
26 499 
27 35 
27 59 
27 60 
27 71 
27 89 
27 112 
27 113 
27 147 
27 162 
27 165 
27 178 
27 190 
27 192 
27 206 
27 212 
27 248 
27 258 
27 259 
27 264 
27 270 
27 294 
27 308 
27 319 
27 363 
27 386 
27 472 
27 480 
27 499 
28 90 
28 128 
28 146 
28 196 
28 310 
28 456 
29 46 
29 83 
29 199 
29 430 
30 31 
30 39 
30 43 
30 50 
30 59 
30 61 
30 62 
30 78 
30 84 
30 87 
30 123 
30 141 
30 148 
30 176 
30 206 
30 220 
30 300 
30 337 
30 370 
30 420 
30 421 
30 442 
31 32 
31 91 
31 308 
31 348 
31 410 
32 98 
32 197 
32 202 
32 218 
32 257 
32 281 
32 326 
32 338 
32 342 
33 34 
33 38 
33 54 
33 57 
33 74 
33 77 
33 82 
33 93 
33 97 
33 109 
33 113 
33 118 
33 126 
33 131 
33 157 
33 176 
33 183 
33 189 
33 195 
33 274 
33 325 
33 351 
33 360 
33 373 
33 378 
33 379 
33 482 
33 491 
34 93 
34 252 
35 45 
35 63 
35 74 
35 88 
35 93 
35 103 
35 161 
35 163 
35 188 
35 252 
35 343 
35 403 
35 432 
35 477 
36 75 
36 102 
36 110 
36 149 
36 204 
36 229 
36 292 
36 296 
36 362 
36 390 
36 407 
36 469 
36 481 
37 73 
37 97 
37 101 
37 118 
37 169 
37 175 
37 243 
37 334 
37 344 
37 417 
38 300 
38 346 
38 355 
38 375 
38 403 
38 425 
39 54 
39 151 
39 164 
39 201 
39 204 
39 222 
39 236 
39 276 
39 288 
39 326 
39 377 
39 452 
40 43 
40 51 
40 87 
40 98 
40 99 
40 123 
40 124 
40 136 
40 168 
40 195 
40 218 
40 230 
40 235 
40 267 
40 299 
40 387 
40 394 
40 407 
40 428 
40 433 
40 449 
40 454 
40 458 
40 485 
41 80 
41 86 
41 94 
41 182 
41 238 
41 328 
41 381 
41 413 
42 45 
42 86 
42 102 
42 121 
42 187 
42 294 
42 336 
42 340 
42 353 
42 357 
42 499 
43 58 
43 78 
43 85 
43 109 
43 128 
43 155 
43 290 
43 373 
44 45 
44 51 
44 52 
44 54 
44 55 
44 72 
44 91 
44 105 
44 107 
44 121 
44 125 
44 150 
44 173 
44 193 
44 194 
44 223 
44 245 
44 263 
44 351 
44 393 
44 412 
44 462 
44 470 
44 475 
44 496 
45 166 
45 325 
45 468 
46 51 
46 53 
46 56 
46 57 
46 94 
46 114 
46 141 
46 178 
46 196 
46 223 
46 226 
46 240 
46 253 
46 282 
46 327 
46 350 
46 371 
46 409 
47 82 
47 208 
47 302 
47 321 
47 354 
47 416 
47 446 
47 468 
48 57 
48 58 
48 65 
48 72 
48 74 
48 115 
48 120 
48 127 
48 319 
48 344 
48 357 
48 391 
48 493 
49 52 
49 63 
49 67 
49 79 
49 88 
49 99 
49 108 
49 164 
49 170 
49 188 
49 274 
49 288 
49 304 
49 336 
49 400 
49 408 
49 419 
49 443 
49 446 
50 68 
50 82 
50 99 
50 122 
50 220 
50 298 
50 327 
50 365 
51 69 
51 198 
51 229 
51 329 
52 81 
52 133 
52 266 
52 336 
52 350 
52 489 
53 106 
53 121 
53 135 
53 136 
53 145 
53 186 
53 274 
53 284 
53 330 
53 495 
54 112 
54 134 
54 343 
54 347 
54 432 
54 443 
55 80 
55 100 
55 152 
55 201 
55 310 
55 493 
56 64 
56 165 
56 257 
56 320 
56 391 
56 436 
57 60 
57 73 
57 117 
57 133 
57 147 
57 165 
57 171 
57 231 
57 232 
57 237 
57 254 
57 267 
57 322 
57 341 
57 404 
57 423 
57 428 
58 64 
58 92 
58 101 
58 116 
58 129 
58 159 
58 178 
58 261 
58 331 
58 360 
58 397 
58 441 
58 445 
58 465 
58 469 
59 68 
59 90 
59 114 
59 180 
59 281 
60 76 
60 227 
60 293 
60 331 
60 435 
60 465 
61 96 
61 127 
61 304 
62 140 
62 158 
62 312 
63 148 
63 161 
63 366 
63 393 
64 88 
64 221 
64 282 
64 299 
65 171 
65 236 
65 291 
65 304 
66 84 
66 150 
66 227 
66 377 
66 446 
67 83 
67 208 
67 283 
67 324 
67 466 
68 134 
68 142 
68 150 
68 167 
68 323 
69 137 
69 157 
69 158 
70 102 
70 123 
70 179 
70 185 
70 215 
70 216 
70 253 
70 279 
70 330 
70 358 
70 461 
70 494 
72 163 
72 194 
72 202 
72 222 
72 295 
72 342 
72 482 
72 497 
73 78 
73 153 
73 168 
73 172 
73 205 
73 268 
73 271 
73 375 
73 402 
73 483 
73 488 
74 318 
75 198 
75 330 
76 96 
76 136 
76 141 
76 186 
76 221 
76 235 
76 292 
76 313 
76 481 
77 196 
77 333 
78 110 
78 214 
78 225 
78 327 
78 354 
78 402 
78 418 
79 81 
79 159 
79 187 
79 303 
79 401 
80 169 
80 417 
80 456 
81 111 
81 179 
81 219 
81 426 
82 88 
82 245 
82 304 
82 334 
82 477 
82 478 
82 498 
83 103 
83 115 
83 170 
83 318 
83 383 
83 396 
83 462 
83 495 
84 183 
84 200 
84 248 
84 255 
84 273 
84 372 
85 96 
85 154 
85 217 
85 335 
85 463 
86 122 
86 211 
86 273 
86 348 
87 89 
87 135 
87 151 
87 213 
87 249 
88 95 
88 106 
88 109 
88 125 
88 138 
88 218 
88 239 
88 255 
88 287 
88 310 
88 323 
88 415 
88 471 
89 173 
89 181 
89 229 
89 303 
89 305 
89 345 
89 365 
89 411 
90 141 
90 162 
90 184 
90 194 
90 235 
90 292 
91 180 
91 195 
92 99 
92 147 
92 281 
92 491 
93 95 
93 97 
93 210 
93 231 
93 260 
93 286 
93 301 
93 382 
93 432 
93 440 
93 488 
94 151 
94 177 
94 364 
94 399 
94 452 
95 405 
95 422 
96 215 
96 406 
96 463 
97 142 
97 143 
97 177 
97 216 
97 263 
97 356 
97 439 
97 475 
98 209 
98 249 
98 255 
98 366 
98 440 
99 111 
99 132 
99 264 
99 284 
99 297 
99 393 
99 464 
100 119 
100 120 
100 136 
100 156 
100 311 
100 411 
100 461 
101 130 
101 143 
101 144 
101 163 
101 178 
101 284 
101 285 
101 293 
102 246 
102 476 
102 487 
103 157 
103 170 
103 344 
103 373 
103 449 
104 118 
104 244 
104 339 
104 353 
104 404 
104 415 
104 473 
105 137 
105 157 
105 203 
105 237 
105 360 
105 430 
105 458 
106 217 
106 283 
106 436 
107 366 
107 389 
108 242 
108 352 
109 171 
109 209 
109 222 
109 427 
110 143 
110 172 
110 278 
111 293 
111 347 
111 493 
112 187 
112 219 
112 250 
112 337 
113 402 
114 361 
114 379 
114 454 
115 147 
115 173 
115 271 
115 330 
115 447 
116 145 
116 204 
116 251 
116 306 
116 374 
116 378 
116 386 
117 138 
117 155 
117 192 
117 199 
117 234 
117 243 
117 246 
117 249 
117 329 
117 411 
117 425 
117 427 
117 463 
117 487 
118 125 
118 191 
118 232 
118 259 
118 399 
118 431 
118 477 
119 228 
119 236 
119 247 
119 272 
119 318 
119 355 
120 197 
122 214 
122 368 
123 234 
123 446 
123 457 
123 491 
124 359 
125 143 
125 155 
125 401 
125 450 
125 492 
126 160 
126 184 
126 254 
126 280 
126 413 
127 268 
129 138 
129 233 
131 139 
131 337 
131 369 
131 498 
132 365 
132 429 
133 173 
133 278 
133 397 
134 140 
134 152 
134 212 
134 305 
134 402 
134 448 
135 265 
135 362 
135 471 
136 154 
136 192 
136 193 
136 253 
136 289 
136 383 
136 466 
137 164 
138 329 
138 344 
138 387 
138 452 
139 153 
139 187 
139 230 
139 233 
139 271 
139 295 
139 309 
139 372 
139 384 
139 395 
139 480 
139 483 
140 238 
140 287 
140 490 
141 159 
141 193 
141 289 
141 339 
141 473 
142 241 
142 322 
142 361 
142 406 
143 150 
143 270 
143 459 
144 211 
144 218 
144 300 
144 313 
145 180 
145 247 
145 328 
145 403 
145 454 
146 307 
146 341 
146 486 
147 190 
147 277 
147 375 
147 383 
147 445 
147 498 
148 211 
148 253 
148 261 
148 290 
148 403 
148 493 
149 263 
149 275 
149 291 
149 438 
150 153 
150 276 
150 379 
150 390 
151 182 
151 215 
151 347 
151 451 
151 469 
152 430 
152 472 
152 480 
153 177 
153 210 
153 220 
153 345 
153 458 
154 175 
154 241 
154 315 
154 363 
155 262 
155 324 
156 465 
157 198 
158 231 
159 244 
159 343 
159 367 
159 396 
159 487 
160 278 
161 336 
162 479 
163 338 
163 429 
164 214 
164 456 
165 224 
165 246 
166 241 
166 256 
166 395 
166 475 
167 228 
169 198 
170 353 
171 212 
171 242 
171 317 
171 418 
173 176 
173 207 
173 212 
173 382 
173 414 
174 238 
174 380 
174 384 
175 362 
176 424 
176 434 
177 349 
177 366 
178 302 
178 358 
178 392 
181 272 
181 290 
181 362 
181 415 
182 274 
183 185 
184 312 
184 439 
185 411 
187 309 
188 213 
188 373 
188 392 
188 425 
188 470 
189 482 
190 256 
190 371 
190 385 
191 306 
191 398 
192 228 
193 394 
194 285 
194 375 
194 389 
194 443 
195 301 
196 262 
197 207 
197 345 
197 414 
198 332 
198 378 
198 438 
198 442 
198 459 
199 205 
199 221 
200 225 
200 358 
201 240 
201 317 
202 237 
202 241 
203 296 
203 392 
204 272 
204 477 
205 279 
205 351 
205 405 
205 424 
205 429 
205 444 
207 237 
208 280 
208 450 
209 210 
210 343 
210 479 
211 266 
211 269 
211 326 
211 397 
211 455 
212 363 
212 383 
213 444 
213 450 
213 471 
214 496 
215 495 
216 458 
217 335 
218 240 
218 370 
218 409 
218 415 
219 260 
219 276 
219 322 
219 380 
219 419 
219 422 
219 474 
219 488 
220 243 
221 223 
221 279 
221 416 
222 269 
222 307 
222 333 
222 408 
222 418 
222 453 
223 370 
224 303 
225 319 
225 464 
226 256 
226 258 
226 354 
226 406 
227 286 
227 483 
228 266 
228 313 
228 489 
229 364 
229 463 
230 265 
230 369 
230 434 
231 309 
231 353 
231 451 
231 470 
232 245 
233 239 
233 244 
233 271 
233 273 
233 296 
233 311 
233 352 
233 385 
235 308 
235 482 
236 474 
238 256 
238 376 
238 464 
239 269 
239 311 
239 413 
239 452 
242 302 
242 433 
244 295 
244 296 
244 306 
245 460 
245 471 
246 285 
246 315 
247 435 
248 348 
249 433 
250 318 
250 437 
251 291 
252 261 
253 307 
253 372 
254 280 
254 390 
255 258 
255 282 
258 397 
260 280 
261 357 
262 267 
263 315 
263 417 
264 275 
265 371 
265 412 
265 485 
266 268 
267 496 
268 427 
269 334 
270 359 
270 461 
271 288 
273 369 
275 367 
275 420 
275 423 
278 334 
278 380 
278 473 
280 314 
281 420 
282 354 
282 486 
283 421 
285 288 
286 312 
286 331 
289 341 
289 474 
291 335 
293 307 
293 315 
296 327 
296 332 
296 398 
296 438 
296 460 
297 323 
297 457 
300 312 
300 479 
301 483 
303 350 
303 428 
304 487 
306 314 
307 340 
307 349 
307 351 
312 331 
312 472 
312 496 
313 401 
313 405 
313 469 
313 484 
314 359 
314 381 
317 346 
317 355 
317 461 
321 376 
323 372 
323 418 
323 453 
324 325 
325 417 
325 467 
326 476 
333 338 
333 490 
334 349 
334 426 
334 481 
335 376 
335 445 
335 466 
336 382 
336 437 
338 485 
339 398 
341 369 
342 374 
343 392 
343 498 
345 359 
345 386 
349 358 
349 360 
349 414 
350 361 
350 456 
353 368 
353 399 
353 416 
353 457 
354 385 
354 427 
354 442 
355 416 
355 489 
357 465 
362 364 
365 371 
365 404 
366 407 
366 414 
366 435 
366 443 
367 419 
369 462 
372 423 
374 484 
376 398 
379 448 
379 492 
381 405 
385 420 
387 388 
387 391 
388 407 
391 401 
392 423 
393 406 
396 444 
397 441 
398 488 
400 422 
401 464 
402 421 
402 485 
406 459 
419 445 
423 494 
428 490 
429 451 
429 462 
432 457 
434 437 
434 491 
449 478 
458 490 
469 478 
473 480 
