false
false
500
1988
0 1 
0 3 
0 4 
0 5 
0 8 
0 19 
0 27 
0 34 
0 43 
0 52 
0 57 
0 60 
0 70 
0 88 
0 100 
0 106 
0 112 
0 125 
0 131 
0 138 
0 159 
0 167 
0 182 
0 228 
0 232 
0 236 
0 237 
0 243 
0 247 
0 264 
0 271 
0 294 
0 301 
0 331 
0 367 
0 481 
0 489 
1 2 
1 4 
1 5 
1 6 
1 7 
1 15 
1 21 
1 23 
1 25 
1 28 
1 29 
1 39 
1 51 
1 59 
1 69 
1 78 
1 88 
1 93 
1 105 
1 130 
1 134 
1 139 
1 148 
1 154 
1 160 
1 191 
1 207 
1 264 
1 277 
1 297 
1 298 
1 319 
1 325 
1 339 
1 351 
1 386 
1 421 
1 423 
2 3 
2 4 
2 5 
2 6 
2 7 
2 9 
2 10 
2 16 
2 28 
2 37 
2 39 
2 44 
2 47 
2 48 
2 52 
2 61 
2 70 
2 85 
2 113 
2 163 
2 178 
2 183 
2 195 
2 212 
2 219 
2 223 
2 236 
2 245 
2 254 
2 261 
2 312 
2 319 
2 344 
2 351 
2 434 
2 456 
3 4 
3 7 
3 8 
3 11 
3 12 
3 13 
3 15 
3 18 
3 20 
3 24 
3 26 
3 36 
3 40 
3 45 
3 47 
3 53 
3 55 
3 59 
3 62 
3 63 
3 64 
3 74 
3 85 
3 90 
3 102 
3 108 
3 117 
3 118 
3 120 
3 132 
3 138 
3 142 
3 150 
3 153 
3 156 
3 167 
3 175 
3 193 
3 198 
3 199 
3 209 
3 220 
3 250 
3 263 
3 267 
3 281 
3 287 
3 311 
3 314 
3 366 
3 369 
3 407 
3 423 
3 425 
3 435 
3 439 
3 445 
3 498 
3 499 
4 5 
4 6 
4 8 
4 9 
4 10 
4 13 
4 14 
4 16 
4 17 
4 18 
4 25 
4 29 
4 34 
4 35 
4 36 
4 39 
4 41 
4 42 
4 44 
4 45 
4 46 
4 47 
4 50 
4 54 
4 62 
4 67 
4 80 
4 84 
4 86 
4 103 
4 113 
4 115 
4 126 
4 128 
4 141 
4 145 
4 151 
4 159 
4 163 
4 169 
4 171 
4 177 
4 185 
4 189 
4 202 
4 208 
4 210 
4 212 
4 217 
4 221 
4 223 
4 237 
4 261 
4 262 
4 272 
4 276 
4 293 
4 306 
4 312 
4 325 
4 333 
4 336 
4 337 
4 358 
4 360 
4 378 
4 390 
4 405 
4 408 
4 439 
4 443 
4 448 
4 462 
4 465 
4 492 
4 497 
5 6 
5 10 
5 11 
5 12 
5 14 
5 16 
5 17 
5 19 
5 21 
5 22 
5 24 
5 25 
5 27 
5 31 
5 35 
5 37 
5 39 
5 43 
5 49 
5 50 
5 61 
5 67 
5 72 
5 76 
5 87 
5 99 
5 103 
5 110 
5 122 
5 125 
5 126 
5 131 
5 142 
5 144 
5 168 
5 175 
5 178 
5 197 
5 202 
5 203 
5 207 
5 218 
5 219 
5 240 
5 245 
5 268 
5 270 
5 272 
5 304 
5 309 
5 320 
5 335 
5 363 
5 364 
5 374 
5 376 
5 406 
5 412 
5 430 
5 438 
5 442 
5 459 
5 490 
5 495 
6 7 
6 8 
6 9 
6 10 
6 11 
6 12 
6 13 
6 22 
6 23 
6 28 
6 29 
6 30 
6 33 
6 35 
6 36 
6 38 
6 51 
6 54 
6 55 
6 86 
6 89 
6 98 
6 111 
6 118 
6 126 
6 135 
6 138 
6 154 
6 160 
6 173 
6 187 
6 231 
6 256 
6 265 
6 294 
6 300 
6 316 
6 324 
6 329 
6 347 
6 357 
6 360 
6 361 
6 381 
6 400 
6 404 
6 423 
6 464 
6 475 
6 476 
7 15 
7 52 
7 137 
7 175 
7 322 
7 477 
7 496 
8 9 
8 11 
8 12 
8 19 
8 31 
8 32 
8 43 
8 91 
8 93 
8 113 
8 115 
8 121 
8 141 
8 155 
8 180 
8 184 
8 231 
8 272 
8 315 
8 342 
8 345 
8 351 
8 405 
8 413 
8 474 
8 483 
9 14 
9 17 
9 20 
9 22 
9 23 
9 33 
9 48 
9 49 
9 50 
9 54 
9 68 
9 69 
9 79 
9 87 
9 96 
9 99 
9 101 
9 107 
9 122 
9 133 
9 137 
9 143 
9 152 
9 176 
9 179 
9 182 
9 186 
9 211 
9 234 
9 236 
9 240 
9 267 
9 282 
9 298 
9 329 
9 344 
9 354 
9 382 
9 427 
9 430 
9 437 
9 480 
9 493 
9 499 
10 20 
10 23 
10 30 
10 32 
10 42 
10 60 
10 62 
10 75 
10 79 
10 82 
10 92 
10 95 
10 101 
10 128 
10 141 
10 152 
10 173 
10 185 
10 198 
10 201 
10 205 
10 207 
10 217 
10 219 
10 229 
10 239 
10 259 
10 271 
10 276 
10 291 
10 292 
10 332 
10 358 
10 372 
10 406 
10 414 
10 416 
10 417 
10 453 
10 487 
11 18 
11 21 
11 31 
11 34 
11 72 
11 77 
11 83 
11 100 
11 171 
11 173 
11 270 
11 294 
11 379 
12 13 
12 53 
12 58 
12 66 
12 74 
12 91 
12 117 
12 206 
12 207 
12 224 
12 239 
12 321 
12 380 
12 452 
12 489 
13 14 
13 17 
13 21 
13 28 
13 32 
13 40 
13 51 
13 57 
13 66 
13 69 
13 72 
13 76 
13 86 
13 92 
13 95 
13 97 
13 107 
13 109 
13 137 
13 140 
13 146 
13 152 
13 157 
13 162 
13 184 
13 186 
13 188 
13 189 
13 199 
13 216 
13 217 
13 226 
13 230 
13 232 
13 234 
13 278 
13 284 
13 285 
13 287 
13 290 
13 298 
13 330 
13 333 
13 348 
13 359 
13 375 
13 386 
13 388 
13 413 
13 427 
13 431 
13 456 
13 461 
13 477 
13 481 
13 486 
14 15 
14 16 
14 18 
14 26 
14 27 
14 29 
14 33 
14 42 
14 68 
14 79 
14 81 
14 86 
14 87 
14 89 
14 98 
14 110 
14 120 
14 125 
14 132 
14 133 
14 156 
14 161 
14 179 
14 202 
14 223 
14 227 
14 243 
14 255 
14 285 
14 293 
14 308 
14 309 
14 336 
14 353 
14 377 
14 380 
14 381 
14 384 
14 389 
14 409 
14 429 
14 437 
14 461 
14 466 
14 485 
15 19 
15 41 
15 64 
15 95 
15 114 
15 144 
15 147 
15 151 
15 440 
15 463 
16 22 
16 65 
16 71 
16 94 
16 104 
16 123 
16 133 
16 164 
16 171 
16 195 
16 296 
16 345 
16 355 
16 377 
16 379 
16 386 
16 407 
16 452 
17 20 
17 24 
17 25 
17 27 
17 30 
17 33 
17 35 
17 37 
17 38 
17 41 
17 49 
17 65 
17 67 
17 71 
17 77 
17 98 
17 114 
17 115 
17 156 
17 181 
17 200 
17 214 
17 269 
17 278 
17 281 
17 288 
17 331 
17 416 
17 419 
17 447 
17 494 
18 26 
18 32 
18 53 
18 59 
18 60 
18 87 
18 94 
18 97 
18 149 
18 168 
18 176 
18 204 
18 209 
18 212 
18 220 
18 256 
18 257 
18 352 
18 393 
18 436 
18 448 
19 57 
19 108 
19 119 
19 194 
19 389 
19 454 
20 24 
20 40 
20 46 
20 51 
20 56 
20 66 
20 78 
20 106 
20 108 
20 131 
20 132 
20 172 
20 190 
20 202 
20 262 
20 282 
20 296 
20 300 
20 307 
20 310 
20 315 
20 364 
20 371 
20 395 
20 447 
20 484 
21 31 
21 53 
21 60 
21 61 
21 65 
21 77 
21 266 
21 290 
21 360 
21 376 
21 383 
21 410 
21 493 
22 26 
22 82 
22 94 
22 112 
22 136 
22 171 
22 217 
22 358 
22 497 
23 38 
23 46 
23 70 
23 75 
23 97 
23 151 
23 159 
23 165 
23 177 
23 206 
23 222 
23 295 
23 309 
23 353 
23 358 
23 455 
23 479 
23 492 
24 40 
24 52 
24 146 
24 149 
24 173 
24 210 
24 429 
24 485 
25 44 
26 30 
26 83 
26 127 
26 286 
26 313 
26 426 
27 34 
27 36 
27 38 
27 45 
27 66 
27 73 
27 109 
27 123 
27 153 
27 174 
27 178 
27 223 
27 275 
27 325 
27 340 
27 354 
27 422 
27 435 
27 466 
28 41 
28 43 
28 58 
28 59 
28 69 
28 70 
28 73 
28 74 
28 78 
28 89 
28 102 
28 119 
28 126 
28 127 
28 139 
28 163 
28 216 
28 282 
28 380 
28 398 
28 412 
28 446 
28 477 
29 47 
29 49 
29 57 
29 85 
29 150 
29 186 
29 197 
29 208 
29 214 
29 237 
29 264 
29 291 
29 292 
29 297 
29 312 
29 332 
29 357 
29 410 
29 430 
29 464 
29 498 
30 48 
30 50 
30 54 
30 117 
30 118 
30 349 
30 396 
31 91 
31 220 
31 222 
31 228 
31 322 
32 42 
32 44 
32 55 
32 89 
32 90 
32 100 
32 166 
32 190 
32 209 
32 240 
32 260 
32 280 
32 306 
32 388 
32 427 
32 447 
33 46 
33 48 
33 62 
33 67 
33 73 
33 191 
33 224 
33 278 
33 303 
34 37 
34 55 
34 80 
34 145 
34 169 
34 185 
34 228 
34 350 
34 382 
34 399 
34 405 
34 424 
34 489 
35 68 
35 82 
35 159 
35 198 
35 210 
35 247 
36 71 
36 107 
36 233 
36 241 
36 277 
36 283 
36 389 
36 465 
37 45 
37 64 
37 71 
37 79 
37 95 
37 105 
37 117 
37 122 
37 127 
37 142 
37 147 
37 160 
37 170 
37 178 
37 191 
37 200 
37 235 
37 259 
37 290 
37 327 
37 338 
37 366 
37 395 
37 419 
37 450 
38 96 
38 238 
38 295 
38 313 
38 344 
38 473 
39 113 
39 129 
39 186 
39 323 
39 496 
40 58 
40 72 
40 77 
40 88 
40 109 
40 112 
40 135 
40 183 
40 201 
40 226 
40 252 
40 253 
40 265 
40 273 
40 291 
40 319 
40 378 
40 402 
40 462 
40 463 
41 334 
41 384 
41 454 
42 93 
42 247 
42 421 
42 423 
42 473 
43 144 
43 155 
43 166 
43 248 
43 484 
44 110 
44 147 
44 183 
44 426 
44 444 
44 481 
45 56 
45 64 
45 137 
45 175 
45 189 
45 234 
45 299 
45 306 
45 417 
46 63 
46 90 
46 102 
46 215 
46 270 
46 283 
47 112 
47 120 
47 146 
47 347 
47 368 
47 429 
47 469 
48 56 
48 61 
48 73 
48 99 
48 182 
48 200 
48 225 
48 343 
48 492 
49 142 
49 194 
49 216 
49 328 
49 383 
49 393 
49 431 
49 434 
50 75 
50 111 
50 148 
50 199 
50 244 
50 292 
51 68 
51 81 
51 88 
51 122 
51 245 
51 248 
51 338 
51 432 
52 56 
52 63 
52 65 
52 76 
52 101 
52 104 
52 108 
52 118 
52 127 
52 152 
52 162 
52 192 
52 193 
52 200 
52 208 
52 224 
52 253 
52 269 
52 274 
52 326 
52 362 
52 383 
52 384 
52 394 
52 400 
52 403 
52 415 
52 435 
52 471 
52 472 
52 476 
52 487 
53 58 
53 103 
53 104 
53 169 
53 274 
53 322 
54 94 
54 121 
54 135 
54 146 
54 151 
54 156 
54 210 
54 326 
54 453 
55 116 
55 125 
55 491 
56 80 
56 84 
56 166 
56 192 
56 267 
56 353 
56 361 
57 63 
57 81 
57 96 
57 119 
57 120 
57 167 
57 192 
57 204 
57 213 
57 251 
57 273 
57 300 
57 302 
57 346 
57 362 
57 428 
57 433 
57 448 
57 451 
58 85 
58 114 
58 180 
58 205 
58 214 
58 218 
58 221 
58 254 
58 303 
58 305 
58 392 
59 96 
59 188 
59 197 
59 226 
59 254 
59 263 
59 269 
59 305 
60 130 
60 181 
60 215 
60 327 
60 397 
60 407 
61 111 
61 174 
61 215 
61 328 
61 331 
61 343 
61 360 
61 415 
61 457 
62 78 
62 105 
62 134 
62 229 
63 83 
63 99 
63 106 
63 116 
63 157 
63 194 
63 252 
63 341 
63 388 
63 416 
63 418 
63 446 
64 74 
64 81 
64 198 
64 324 
64 377 
64 443 
65 109 
65 177 
65 193 
65 204 
65 216 
65 255 
65 261 
65 280 
65 298 
65 307 
65 383 
66 136 
66 144 
67 75 
67 84 
67 225 
67 313 
67 494 
68 92 
68 97 
68 145 
68 155 
68 165 
68 204 
68 347 
68 392 
68 410 
68 444 
69 106 
69 206 
69 247 
69 310 
69 346 
70 104 
70 121 
70 128 
70 130 
70 141 
70 147 
70 170 
70 194 
70 197 
70 355 
70 381 
70 406 
70 411 
71 359 
72 76 
72 119 
72 139 
72 187 
72 195 
72 235 
72 375 
72 417 
72 425 
72 432 
72 452 
73 80 
73 132 
73 187 
74 82 
74 188 
74 203 
74 227 
74 233 
74 269 
74 301 
74 304 
74 406 
74 454 
75 114 
76 103 
76 123 
76 157 
76 165 
76 286 
76 458 
77 129 
77 174 
77 371 
78 101 
78 248 
78 355 
78 438 
78 445 
79 93 
79 130 
80 84 
80 92 
80 105 
80 138 
80 162 
80 183 
80 275 
80 315 
81 83 
81 116 
81 179 
81 250 
81 467 
82 121 
82 168 
82 266 
82 281 
82 334 
82 476 
83 143 
83 241 
83 268 
83 286 
83 302 
83 311 
83 446 
84 170 
84 196 
84 299 
84 307 
84 345 
86 230 
86 359 
87 90 
87 176 
87 334 
87 349 
88 91 
88 116 
88 124 
88 177 
88 229 
88 242 
88 251 
88 257 
88 299 
88 325 
88 346 
88 393 
88 394 
88 398 
88 428 
88 436 
88 444 
89 111 
89 276 
89 289 
89 304 
89 321 
90 102 
90 149 
90 250 
90 264 
90 317 
90 387 
90 449 
90 470 
91 181 
91 213 
91 240 
92 110 
92 149 
93 98 
93 115 
93 160 
93 231 
93 290 
93 312 
93 368 
93 482 
94 123 
94 129 
94 401 
95 100 
95 145 
95 373 
95 389 
96 150 
96 271 
96 484 
97 135 
97 226 
97 255 
97 388 
97 401 
98 180 
98 238 
98 252 
98 302 
98 458 
99 124 
99 150 
99 234 
99 466 
99 472 
100 107 
100 148 
100 249 
101 129 
101 140 
101 148 
101 179 
101 185 
101 258 
101 338 
102 184 
102 203 
102 232 
102 304 
102 424 
102 473 
103 136 
103 409 
104 164 
104 196 
104 214 
104 317 
104 356 
104 405 
104 444 
104 451 
104 475 
105 192 
105 270 
105 439 
106 161 
106 288 
106 379 
107 124 
107 164 
107 196 
108 161 
108 167 
108 180 
108 190 
108 206 
108 212 
108 244 
108 265 
108 274 
108 329 
108 339 
108 373 
108 387 
108 430 
109 169 
109 303 
109 318 
109 324 
110 196 
110 279 
110 489 
111 128 
111 311 
112 153 
112 165 
112 193 
112 239 
113 155 
113 267 
113 279 
113 374 
113 466 
114 398 
115 166 
115 239 
115 259 
115 274 
115 308 
115 316 
115 318 
116 158 
116 433 
116 480 
117 143 
117 199 
117 243 
117 463 
118 184 
118 233 
118 391 
119 188 
119 235 
119 347 
119 365 
120 131 
120 136 
120 143 
120 244 
120 251 
120 415 
121 124 
121 190 
121 262 
122 134 
122 357 
122 413 
122 437 
123 189 
123 253 
123 418 
124 158 
124 228 
125 258 
125 387 
126 163 
126 230 
126 249 
126 385 
126 443 
126 458 
126 460 
127 139 
127 238 
127 285 
127 315 
127 415 
127 469 
128 133 
128 134 
128 172 
128 221 
128 385 
128 479 
129 302 
129 408 
129 438 
130 227 
130 396 
130 420 
131 140 
131 161 
131 294 
131 488 
132 248 
132 327 
132 335 
133 140 
133 181 
133 220 
133 263 
133 273 
133 308 
133 355 
133 356 
133 394 
134 221 
134 236 
134 335 
134 363 
134 370 
134 384 
134 441 
134 480 
134 492 
135 154 
135 209 
135 246 
135 266 
135 377 
135 411 
135 468 
136 361 
137 232 
137 289 
137 428 
138 211 
138 305 
138 333 
138 370 
138 425 
138 440 
139 162 
139 243 
139 322 
139 372 
139 425 
139 428 
140 157 
140 158 
140 168 
140 172 
140 213 
140 219 
140 317 
140 391 
140 445 
140 449 
140 491 
141 174 
141 284 
141 382 
141 455 
142 153 
142 305 
142 309 
142 418 
142 440 
143 332 
143 376 
144 255 
144 260 
146 231 
146 261 
146 284 
146 460 
147 241 
147 321 
147 495 
147 496 
148 486 
149 259 
149 262 
150 164 
150 326 
150 365 
150 431 
151 273 
151 278 
151 391 
152 454 
153 154 
153 201 
153 203 
154 158 
154 308 
154 376 
154 449 
155 244 
155 457 
156 352 
156 461 
157 241 
158 284 
159 257 
159 271 
159 323 
159 364 
161 208 
161 211 
161 215 
162 326 
162 337 
162 403 
163 205 
163 246 
163 320 
163 362 
163 403 
163 438 
164 172 
164 301 
164 314 
165 170 
165 187 
165 191 
165 224 
165 230 
166 266 
166 330 
167 293 
167 336 
168 314 
168 379 
168 467 
169 473 
170 225 
171 176 
171 265 
171 285 
171 287 
171 288 
171 467 
172 276 
172 320 
172 341 
172 426 
172 478 
173 431 
173 479 
174 258 
174 295 
175 307 
175 313 
175 477 
176 225 
177 227 
177 295 
178 250 
178 289 
178 319 
178 369 
179 182 
179 346 
179 411 
180 246 
180 400 
181 366 
182 252 
182 275 
183 342 
184 201 
184 300 
184 410 
186 272 
186 292 
186 314 
186 400 
187 205 
187 211 
187 218 
187 254 
187 333 
188 289 
188 316 
189 371 
190 499 
191 195 
192 213 
192 218 
192 279 
192 297 
192 323 
192 365 
192 374 
192 414 
192 468 
193 256 
193 362 
193 468 
194 242 
194 299 
194 372 
194 412 
194 436 
194 482 
196 306 
196 311 
196 367 
197 342 
197 361 
197 395 
199 235 
199 293 
200 349 
202 238 
202 268 
202 316 
202 409 
202 420 
204 249 
204 277 
204 287 
204 330 
204 470 
206 268 
206 296 
206 341 
206 348 
207 253 
207 459 
208 233 
208 282 
208 363 
208 373 
208 439 
208 474 
208 487 
209 317 
209 399 
209 498 
210 390 
210 402 
210 432 
211 277 
211 321 
211 339 
211 340 
211 375 
213 418 
213 488 
214 363 
214 369 
214 498 
215 283 
215 334 
215 337 
215 450 
216 257 
216 260 
216 407 
218 237 
218 446 
219 222 
219 281 
219 327 
219 356 
220 275 
220 367 
220 464 
221 222 
221 280 
221 382 
222 297 
223 229 
225 342 
226 343 
227 350 
227 486 
228 246 
228 451 
229 345 
229 471 
229 478 
230 242 
230 256 
230 414 
231 249 
231 279 
231 323 
233 487 
234 354 
234 393 
234 397 
235 445 
236 303 
237 359 
237 378 
237 494 
238 465 
239 242 
239 409 
239 432 
240 280 
240 320 
241 258 
241 460 
241 497 
242 385 
243 372 
243 474 
244 245 
244 251 
244 331 
244 378 
244 442 
245 260 
245 364 
245 482 
247 365 
247 426 
250 338 
250 367 
250 456 
250 495 
251 381 
252 427 
253 483 
254 263 
254 291 
254 450 
255 328 
255 341 
255 348 
256 288 
257 350 
257 352 
257 433 
257 493 
258 286 
258 370 
259 330 
259 392 
259 399 
259 402 
259 452 
259 485 
265 350 
265 451 
266 332 
267 490 
270 348 
270 408 
270 484 
271 301 
271 339 
273 422 
273 483 
274 370 
274 373 
274 479 
275 324 
276 340 
277 422 
277 480 
278 472 
279 283 
279 403 
279 441 
281 337 
281 437 
282 369 
282 421 
282 470 
283 390 
283 462 
284 386 
286 494 
288 441 
289 482 
290 399 
291 349 
293 351 
293 463 
294 441 
295 296 
296 310 
296 449 
297 485 
298 340 
298 493 
299 318 
299 343 
300 456 
301 390 
303 318 
303 329 
303 408 
308 459 
308 467 
309 310 
310 328 
314 433 
316 385 
317 336 
317 436 
319 335 
321 368 
322 344 
322 366 
322 458 
323 395 
323 440 
324 434 
325 442 
327 368 
327 375 
327 414 
330 352 
330 412 
331 404 
336 472 
337 397 
337 411 
337 464 
337 471 
339 478 
344 353 
344 354 
344 387 
344 422 
344 443 
345 380 
347 413 
347 419 
347 429 
350 357 
350 495 
351 356 
351 396 
355 374 
355 392 
355 457 
357 462 
357 491 
358 424 
359 417 
359 435 
361 401 
362 420 
363 419 
363 455 
365 416 
369 371 
380 421 
381 401 
384 391 
384 394 
385 470 
386 398 
386 404 
386 469 
387 476 
389 453 
392 478 
395 396 
395 397 
396 460 
397 404 
397 448 
401 402 
401 468 
402 442 
403 420 
403 459 
403 469 
408 424 
408 434 
412 471 
415 496 
419 447 
419 491 
421 457 
424 474 
425 450 
425 488 
428 453 
436 475 
436 481 
441 455 
441 490 
444 488 
446 497 
452 461 
452 465 
458 499 
465 483 
466 475 
485 486 
485 490 
