false
false
500
1988
0 1 
0 3 
0 4 
0 5 
0 6 
0 7 
0 8 
0 9 
0 12 
0 15 
0 20 
0 21 
0 22 
0 23 
0 24 
0 26 
0 29 
0 31 
0 35 
0 38 
0 40 
0 43 
0 44 
0 48 
0 50 
0 53 
0 56 
0 58 
0 66 
0 76 
0 80 
0 85 
0 91 
0 94 
0 100 
0 103 
0 107 
0 108 
0 112 
0 117 
0 121 
0 133 
0 134 
0 150 
0 162 
0 166 
0 168 
0 172 
0 175 
0 181 
0 187 
0 190 
0 195 
0 197 
0 204 
0 208 
0 209 
0 211 
0 217 
0 231 
0 234 
0 268 
0 273 
0 281 
0 300 
0 321 
0 326 
0 335 
0 340 
0 352 
0 386 
0 397 
0 399 
0 403 
0 413 
0 417 
0 418 
0 425 
0 432 
0 438 
0 467 
0 474 
0 479 
0 482 
0 497 
1 2 
1 4 
1 5 
1 7 
1 14 
1 16 
1 25 
1 26 
1 28 
1 29 
1 38 
1 50 
1 60 
1 64 
1 66 
1 68 
1 89 
1 90 
1 99 
1 120 
1 128 
1 134 
1 157 
1 163 
1 179 
1 191 
1 201 
1 256 
1 274 
1 301 
1 322 
1 329 
1 355 
1 374 
1 383 
1 386 
1 394 
1 440 
1 464 
1 467 
1 486 
1 488 
1 489 
2 3 
2 4 
2 5 
2 6 
2 7 
2 8 
2 9 
2 10 
2 11 
2 12 
2 14 
2 15 
2 19 
2 20 
2 23 
2 26 
2 27 
2 35 
2 36 
2 38 
2 43 
2 46 
2 55 
2 60 
2 68 
2 75 
2 84 
2 87 
2 95 
2 107 
2 114 
2 120 
2 121 
2 129 
2 132 
2 136 
2 138 
2 146 
2 148 
2 166 
2 178 
2 181 
2 187 
2 188 
2 189 
2 199 
2 203 
2 206 
2 211 
2 227 
2 236 
2 245 
2 252 
2 262 
2 267 
2 277 
2 278 
2 291 
2 323 
2 346 
2 374 
2 388 
2 400 
2 404 
2 409 
2 411 
2 436 
2 440 
2 442 
2 447 
2 449 
2 476 
2 495 
3 4 
3 5 
3 6 
3 11 
3 13 
3 23 
3 24 
3 35 
3 56 
3 58 
3 98 
3 106 
3 124 
3 158 
3 159 
3 160 
3 163 
3 165 
3 170 
3 207 
3 216 
3 226 
3 248 
3 258 
3 267 
3 284 
3 299 
3 303 
3 318 
3 330 
3 366 
3 369 
3 387 
3 408 
3 409 
3 411 
3 413 
3 442 
3 479 
4 6 
4 7 
4 8 
4 9 
4 10 
4 12 
4 13 
4 16 
4 17 
4 19 
4 20 
4 25 
4 32 
4 42 
4 44 
4 45 
4 48 
4 59 
4 61 
4 64 
4 68 
4 70 
4 71 
4 82 
4 86 
4 88 
4 89 
4 90 
4 95 
4 104 
4 132 
4 134 
4 143 
4 151 
4 153 
4 156 
4 158 
4 161 
4 163 
4 167 
4 193 
4 196 
4 207 
4 209 
4 210 
4 221 
4 229 
4 239 
4 254 
4 282 
4 289 
4 315 
4 322 
4 337 
4 341 
4 351 
4 376 
4 377 
4 380 
4 392 
4 398 
4 404 
4 405 
4 413 
4 415 
4 420 
4 424 
4 427 
4 445 
4 460 
4 469 
4 478 
4 479 
5 13 
5 36 
5 49 
5 69 
5 81 
5 98 
5 104 
5 111 
5 131 
5 136 
5 144 
5 147 
5 154 
5 156 
5 157 
5 159 
5 163 
5 193 
5 204 
5 213 
5 215 
5 234 
5 257 
5 269 
5 276 
5 279 
5 338 
5 347 
5 351 
5 352 
5 435 
5 456 
5 485 
5 493 
5 494 
5 495 
6 8 
6 14 
6 17 
6 19 
6 42 
6 69 
6 91 
6 94 
6 99 
6 106 
6 112 
6 113 
6 119 
6 123 
6 136 
6 146 
6 186 
6 191 
6 198 
6 221 
6 223 
6 246 
6 263 
6 335 
6 388 
6 439 
6 445 
6 458 
6 461 
6 465 
6 480 
6 488 
6 498 
7 9 
7 10 
7 11 
7 13 
7 15 
7 18 
7 25 
7 27 
7 40 
7 47 
7 51 
7 54 
7 63 
7 66 
7 88 
7 98 
7 109 
7 118 
7 119 
7 128 
7 138 
7 142 
7 174 
7 180 
7 192 
7 250 
7 254 
7 267 
7 288 
7 303 
7 314 
7 315 
7 321 
7 363 
7 367 
7 382 
7 427 
7 429 
7 443 
7 455 
7 456 
7 457 
7 458 
7 469 
7 474 
7 482 
8 11 
8 12 
8 17 
8 24 
8 45 
8 64 
8 76 
8 115 
8 127 
8 149 
8 164 
8 169 
8 182 
8 212 
8 313 
8 350 
8 389 
8 391 
8 415 
8 433 
8 437 
8 442 
8 473 
8 493 
9 10 
9 16 
9 17 
9 18 
9 22 
9 23 
9 34 
9 37 
9 38 
9 48 
9 60 
9 100 
9 106 
9 109 
9 115 
9 151 
9 160 
9 177 
9 203 
9 210 
9 220 
9 221 
9 231 
9 245 
9 270 
9 273 
9 292 
9 368 
9 374 
9 399 
9 429 
9 444 
9 456 
9 461 
10 30 
10 36 
10 57 
10 73 
10 185 
10 227 
10 393 
10 403 
10 495 
11 18 
11 27 
11 30 
11 34 
11 45 
11 55 
11 78 
11 94 
11 211 
11 236 
11 238 
11 240 
11 241 
11 265 
11 271 
11 285 
11 288 
11 314 
11 337 
11 443 
11 478 
12 14 
12 18 
12 117 
12 194 
12 224 
12 339 
12 346 
13 16 
13 21 
13 31 
13 44 
13 84 
13 113 
13 118 
13 135 
13 215 
13 295 
13 307 
13 328 
13 425 
13 428 
13 432 
14 15 
14 19 
14 20 
14 21 
14 52 
14 87 
14 93 
14 103 
14 109 
14 144 
14 145 
14 148 
14 176 
14 200 
14 232 
14 240 
14 276 
14 285 
14 287 
14 299 
14 323 
14 395 
14 407 
14 416 
14 420 
14 439 
14 492 
15 28 
15 29 
15 53 
15 54 
15 100 
15 109 
15 125 
15 232 
15 247 
15 263 
15 315 
15 348 
15 351 
15 379 
15 398 
15 401 
15 422 
15 432 
15 433 
15 438 
16 33 
16 60 
16 61 
16 77 
16 79 
16 81 
16 88 
16 97 
16 139 
16 150 
16 155 
16 184 
16 238 
16 242 
16 243 
16 244 
16 258 
16 262 
16 287 
16 292 
16 314 
16 363 
16 367 
16 369 
16 383 
16 398 
17 22 
17 28 
17 33 
17 36 
17 46 
17 47 
17 66 
17 67 
17 79 
17 83 
17 108 
17 111 
17 119 
17 150 
17 218 
17 269 
17 313 
17 371 
17 393 
17 450 
17 469 
18 37 
18 41 
18 47 
18 51 
18 67 
18 75 
18 98 
18 117 
18 124 
18 200 
18 212 
18 228 
18 234 
18 241 
18 261 
18 308 
18 327 
18 345 
19 21 
19 22 
19 25 
19 27 
19 28 
19 32 
19 41 
19 42 
19 49 
19 72 
19 83 
19 103 
19 114 
19 159 
19 169 
19 174 
19 184 
19 185 
19 186 
19 190 
19 195 
19 196 
19 208 
19 212 
19 238 
19 248 
19 249 
19 257 
19 270 
19 277 
19 278 
19 300 
19 333 
19 363 
19 366 
19 376 
19 405 
19 436 
20 39 
20 43 
20 48 
20 49 
20 51 
20 52 
20 57 
20 73 
20 76 
20 82 
20 91 
20 128 
20 130 
20 146 
20 166 
20 173 
20 174 
20 201 
20 235 
20 262 
20 273 
20 281 
20 285 
20 318 
20 322 
20 323 
20 329 
20 333 
20 341 
20 411 
20 414 
20 431 
20 441 
21 24 
21 30 
21 32 
21 37 
21 40 
21 45 
21 52 
21 59 
21 67 
21 77 
21 83 
21 111 
21 121 
21 137 
21 155 
21 170 
21 175 
21 206 
21 208 
21 215 
21 226 
21 240 
21 271 
21 283 
21 293 
21 306 
21 313 
21 329 
21 332 
21 347 
21 402 
21 408 
21 411 
21 412 
21 437 
21 470 
21 478 
22 55 
22 116 
22 142 
22 263 
22 268 
22 272 
22 296 
22 338 
22 401 
22 410 
23 29 
23 33 
23 54 
23 90 
23 101 
23 121 
23 122 
23 130 
23 131 
23 158 
23 161 
23 173 
23 224 
23 239 
23 243 
23 259 
23 268 
23 349 
23 354 
23 382 
23 386 
23 395 
23 419 
23 420 
23 434 
24 35 
24 37 
24 39 
24 40 
24 41 
24 42 
24 53 
24 70 
24 76 
24 78 
24 84 
24 114 
24 128 
24 143 
24 199 
24 208 
24 216 
24 244 
24 246 
24 255 
24 264 
24 272 
24 280 
24 297 
24 320 
24 369 
24 371 
24 380 
24 388 
24 450 
24 467 
24 492 
24 498 
25 26 
25 64 
25 79 
25 87 
25 96 
25 144 
25 161 
25 171 
25 209 
25 245 
25 317 
25 323 
25 377 
25 382 
25 431 
26 32 
26 34 
26 73 
26 155 
26 243 
26 352 
26 399 
26 492 
27 30 
27 31 
27 44 
27 62 
27 65 
27 72 
27 92 
27 165 
27 216 
27 275 
27 297 
27 318 
27 355 
27 362 
27 414 
27 437 
28 31 
28 34 
28 46 
28 56 
28 75 
28 110 
28 138 
28 143 
28 193 
28 257 
28 272 
28 344 
28 441 
28 476 
29 33 
29 39 
29 62 
29 85 
29 92 
29 107 
29 129 
29 304 
29 325 
29 408 
30 61 
30 95 
30 152 
30 294 
31 43 
31 46 
31 63 
31 65 
31 97 
31 180 
31 233 
31 242 
31 252 
31 310 
31 355 
31 390 
31 458 
31 483 
32 39 
32 50 
32 72 
32 102 
32 126 
32 139 
32 140 
32 158 
32 180 
32 330 
32 357 
32 402 
32 416 
33 49 
33 62 
33 108 
33 125 
33 135 
33 147 
33 198 
33 302 
33 386 
33 394 
33 412 
33 416 
34 58 
34 63 
34 71 
34 134 
34 135 
34 137 
34 172 
34 233 
34 245 
34 281 
34 371 
34 392 
34 484 
34 488 
35 41 
35 53 
35 56 
35 57 
35 63 
35 70 
35 79 
35 86 
35 139 
35 152 
35 160 
35 168 
35 170 
35 179 
35 198 
35 218 
35 222 
35 224 
35 225 
35 236 
35 254 
35 284 
35 310 
35 340 
35 346 
35 350 
35 414 
35 439 
35 443 
35 464 
35 467 
35 475 
35 481 
36 105 
36 139 
36 141 
36 171 
36 173 
36 179 
36 183 
36 299 
36 396 
36 407 
36 424 
36 440 
37 91 
37 230 
37 276 
37 410 
38 52 
38 84 
38 93 
38 183 
38 184 
38 214 
38 394 
38 482 
39 50 
39 54 
39 58 
39 65 
39 81 
39 177 
39 192 
39 210 
39 213 
39 249 
39 280 
39 430 
40 80 
40 86 
40 94 
40 97 
40 108 
40 356 
41 47 
41 51 
41 59 
41 74 
41 78 
41 80 
41 83 
41 92 
41 112 
41 113 
41 124 
41 152 
41 175 
41 182 
41 210 
41 244 
41 288 
41 293 
41 309 
41 312 
41 324 
41 327 
41 375 
41 384 
41 417 
41 447 
41 460 
41 485 
41 494 
42 74 
42 85 
42 90 
42 101 
42 247 
42 475 
42 499 
43 61 
43 82 
43 194 
43 311 
43 331 
43 476 
43 487 
44 138 
44 190 
44 259 
44 266 
44 385 
44 480 
44 483 
45 86 
45 102 
45 119 
45 132 
45 164 
45 214 
45 272 
46 116 
46 123 
46 149 
46 278 
46 298 
46 481 
47 99 
47 167 
47 185 
47 259 
47 295 
47 297 
47 325 
47 367 
48 77 
48 95 
48 102 
48 130 
48 137 
48 145 
48 173 
48 196 
48 283 
48 338 
48 364 
48 426 
48 436 
49 88 
49 107 
49 118 
49 279 
49 388 
50 69 
50 103 
50 148 
50 164 
50 171 
50 241 
50 347 
50 381 
50 496 
51 62 
51 71 
51 96 
51 153 
51 218 
51 251 
51 270 
51 302 
51 427 
51 472 
52 57 
52 93 
52 124 
52 129 
52 155 
52 251 
52 358 
52 427 
52 474 
53 74 
53 100 
53 135 
53 168 
53 309 
54 55 
54 73 
54 82 
54 112 
54 140 
54 203 
54 282 
54 291 
54 309 
54 419 
54 432 
55 78 
55 335 
56 59 
56 68 
56 69 
56 75 
56 115 
56 133 
56 201 
56 204 
56 217 
56 307 
56 308 
56 464 
57 144 
57 448 
57 461 
58 65 
58 70 
58 152 
58 255 
58 264 
58 364 
58 413 
58 455 
59 71 
59 72 
59 110 
59 133 
59 156 
59 157 
59 165 
59 166 
59 192 
59 235 
59 254 
59 355 
59 390 
59 401 
59 402 
59 464 
60 67 
60 80 
60 105 
60 179 
60 200 
60 209 
60 266 
60 373 
60 433 
60 477 
61 96 
61 105 
61 116 
61 120 
61 133 
61 172 
61 236 
61 246 
61 298 
61 368 
61 447 
62 238 
62 412 
62 469 
62 472 
63 74 
63 93 
63 105 
63 213 
63 240 
63 289 
63 290 
63 301 
63 317 
63 333 
63 357 
63 452 
64 114 
64 206 
64 215 
64 261 
64 289 
64 366 
65 81 
65 85 
65 172 
65 250 
65 318 
66 96 
66 151 
66 248 
66 271 
66 356 
66 371 
67 89 
67 222 
67 334 
68 97 
68 165 
68 176 
68 188 
68 491 
69 131 
69 182 
69 231 
69 305 
69 340 
69 362 
69 379 
70 122 
70 125 
70 242 
70 326 
70 348 
70 455 
70 487 
71 123 
71 129 
71 164 
71 217 
71 221 
71 223 
71 226 
71 258 
71 341 
71 380 
71 393 
71 404 
71 463 
72 132 
72 170 
72 193 
72 197 
72 252 
72 394 
72 471 
73 77 
73 87 
73 101 
73 145 
73 147 
73 185 
73 206 
73 225 
73 265 
73 313 
73 361 
73 363 
73 365 
73 428 
73 430 
73 434 
73 457 
74 92 
74 187 
74 191 
74 216 
74 226 
74 243 
74 343 
75 117 
75 126 
75 141 
75 205 
75 250 
76 229 
76 286 
76 306 
76 450 
76 499 
77 89 
77 176 
77 197 
77 235 
77 284 
77 339 
77 477 
78 178 
78 354 
79 149 
79 280 
79 345 
79 400 
80 99 
80 260 
80 362 
80 408 
81 104 
81 151 
81 268 
81 300 
81 320 
81 375 
82 104 
82 111 
82 349 
82 403 
82 425 
83 130 
83 154 
83 275 
83 350 
83 393 
83 419 
83 429 
84 330 
84 473 
85 230 
85 286 
85 296 
85 430 
85 476 
85 499 
86 162 
86 178 
86 437 
86 440 
87 149 
87 188 
87 224 
87 334 
88 160 
88 324 
88 343 
88 399 
88 494 
90 219 
90 281 
90 302 
90 332 
90 395 
90 459 
90 484 
91 110 
91 113 
91 256 
91 327 
91 342 
92 101 
92 118 
92 153 
92 177 
92 184 
92 457 
92 470 
93 400 
94 142 
94 169 
94 223 
94 421 
95 102 
95 194 
95 195 
95 255 
95 360 
96 122 
96 137 
96 182 
96 183 
96 188 
96 252 
96 265 
96 283 
96 493 
97 314 
97 392 
97 400 
98 106 
98 284 
98 378 
99 110 
99 127 
99 187 
99 189 
99 319 
99 385 
99 406 
100 202 
100 207 
100 321 
100 463 
100 475 
101 141 
101 168 
101 169 
101 181 
101 212 
101 424 
101 471 
101 477 
102 244 
103 156 
103 213 
103 287 
103 401 
104 153 
104 205 
104 337 
104 484 
104 491 
105 143 
105 196 
105 316 
105 368 
105 417 
106 115 
106 136 
106 191 
106 251 
106 292 
106 303 
106 316 
106 319 
106 325 
106 361 
106 377 
106 379 
106 418 
106 446 
106 466 
108 116 
108 176 
108 336 
108 487 
109 142 
109 391 
110 122 
110 353 
110 446 
111 220 
112 120 
112 141 
112 148 
112 154 
112 167 
112 334 
112 396 
112 412 
112 423 
112 460 
113 140 
113 175 
113 178 
113 487 
114 127 
114 186 
114 261 
114 326 
115 231 
116 162 
116 205 
116 295 
116 383 
116 444 
117 150 
118 202 
119 131 
119 186 
119 222 
119 250 
119 291 
119 352 
119 370 
119 417 
119 475 
120 145 
120 199 
120 200 
120 232 
120 255 
120 264 
120 349 
120 381 
120 426 
120 461 
120 466 
120 485 
121 125 
121 227 
121 463 
122 123 
122 127 
122 328 
122 331 
122 357 
122 382 
122 384 
122 398 
122 447 
123 126 
123 306 
123 389 
123 448 
124 237 
124 248 
124 257 
124 261 
124 334 
125 126 
125 157 
125 316 
125 396 
126 259 
126 293 
126 403 
127 146 
128 242 
130 235 
130 269 
130 457 
131 174 
131 290 
132 311 
136 345 
136 360 
136 454 
137 161 
137 201 
138 140 
138 147 
138 225 
138 229 
138 253 
138 301 
138 341 
138 473 
139 192 
139 228 
139 445 
140 266 
140 296 
140 312 
140 468 
142 195 
142 292 
142 308 
143 154 
143 258 
143 267 
143 305 
143 312 
143 321 
143 338 
143 348 
143 351 
143 360 
143 377 
143 391 
143 480 
143 489 
144 326 
145 205 
145 282 
145 298 
145 344 
145 373 
145 465 
145 470 
146 171 
146 319 
147 204 
147 304 
147 406 
148 189 
149 290 
150 279 
150 331 
150 471 
151 190 
151 222 
151 247 
151 256 
151 332 
151 459 
153 225 
153 277 
153 286 
153 339 
154 159 
154 253 
154 305 
154 322 
155 207 
155 211 
155 219 
155 436 
156 274 
157 162 
157 228 
157 421 
158 198 
158 247 
159 181 
160 177 
160 220 
160 223 
160 297 
160 370 
161 262 
161 282 
161 376 
161 389 
161 406 
162 167 
162 494 
163 239 
163 335 
163 358 
163 384 
163 423 
163 489 
164 260 
164 269 
164 280 
164 324 
165 183 
165 199 
165 202 
165 283 
166 189 
166 203 
166 227 
166 304 
166 346 
166 370 
166 448 
166 488 
167 194 
168 305 
168 402 
169 202 
170 217 
170 220 
170 230 
170 232 
171 263 
171 265 
171 354 
173 285 
174 234 
174 249 
174 274 
175 239 
175 317 
177 180 
177 197 
177 291 
177 302 
177 358 
177 495 
178 416 
179 336 
179 340 
180 308 
181 365 
181 484 
182 219 
183 214 
185 441 
186 218 
186 365 
187 253 
187 276 
187 387 
187 454 
187 481 
188 237 
188 293 
188 465 
189 278 
189 294 
189 336 
190 230 
190 370 
192 359 
192 405 
193 490 
195 273 
195 415 
195 425 
196 320 
197 471 
198 251 
198 482 
199 449 
200 350 
201 260 
201 277 
202 356 
202 449 
202 472 
203 364 
204 214 
204 342 
205 301 
207 237 
207 368 
207 463 
208 233 
208 328 
208 344 
209 343 
210 387 
210 462 
212 325 
212 454 
213 260 
213 288 
213 462 
214 219 
215 348 
216 228 
216 246 
216 359 
217 241 
217 275 
217 304 
218 378 
219 328 
219 329 
219 372 
221 264 
221 383 
221 460 
221 496 
222 233 
222 286 
222 361 
223 298 
223 353 
223 392 
224 249 
224 315 
224 357 
224 426 
224 459 
226 229 
226 307 
229 295 
229 387 
230 237 
230 271 
231 369 
231 442 
232 483 
233 354 
233 451 
234 331 
234 409 
235 485 
236 420 
237 253 
237 445 
239 287 
240 306 
240 345 
241 266 
245 336 
247 311 
247 312 
247 489 
249 299 
249 365 
250 279 
250 319 
250 465 
250 468 
251 310 
251 466 
252 256 
252 270 
252 343 
252 429 
252 435 
253 320 
255 342 
255 422 
255 453 
255 474 
256 446 
256 481 
257 375 
259 367 
261 358 
262 491 
263 274 
263 290 
263 443 
266 296 
266 332 
266 366 
267 307 
267 337 
267 418 
268 275 
268 364 
268 414 
269 492 
271 289 
272 344 
273 435 
273 462 
274 300 
274 372 
274 405 
275 294 
278 473 
279 317 
280 479 
282 439 
283 316 
283 406 
283 486 
284 303 
284 438 
285 381 
287 361 
288 407 
288 486 
289 378 
290 379 
292 455 
293 294 
293 310 
293 453 
294 421 
296 372 
296 418 
297 311 
297 353 
298 327 
299 330 
300 359 
300 372 
300 404 
301 309 
303 375 
304 397 
307 349 
308 435 
308 468 
311 324 
311 396 
311 490 
312 451 
314 419 
315 362 
317 333 
319 339 
319 374 
319 385 
320 373 
320 448 
321 389 
321 430 
323 422 
324 472 
325 360 
325 378 
325 466 
325 468 
326 478 
330 342 
332 356 
332 373 
332 385 
332 499 
333 431 
335 452 
337 347 
340 359 
340 410 
340 444 
346 381 
347 353 
348 391 
348 496 
349 452 
350 397 
351 446 
354 423 
356 376 
358 426 
358 450 
360 452 
360 491 
364 407 
364 428 
364 444 
365 458 
365 496 
365 498 
367 384 
367 409 
367 441 
368 410 
369 380 
369 462 
370 390 
373 390 
376 434 
380 421 
380 451 
383 397 
384 449 
384 493 
385 424 
387 415 
389 395 
390 480 
392 423 
392 453 
393 483 
394 433 
394 456 
395 477 
399 434 
405 470 
408 490 
409 451 
411 422 
412 428 
428 431 
433 438 
442 453 
443 454 
451 498 
456 459 
469 497 
478 490 
481 497 
484 486 
491 497 
