false
false
500
1988
0 1 
0 3 
0 4 
0 5 
0 6 
0 12 
0 18 
0 19 
0 42 
0 44 
0 52 
0 57 
0 65 
0 69 
0 73 
0 79 
0 118 
0 126 
0 128 
0 134 
0 175 
0 191 
0 208 
0 227 
0 237 
0 241 
0 268 
0 284 
0 299 
0 327 
0 344 
0 349 
0 369 
0 372 
0 415 
0 470 
1 2 
1 4 
1 5 
1 6 
1 7 
1 9 
1 14 
1 21 
1 24 
1 35 
1 42 
1 46 
1 53 
1 64 
1 70 
1 71 
1 76 
1 80 
1 112 
1 126 
1 132 
1 137 
1 138 
1 147 
1 154 
1 176 
1 187 
1 193 
1 213 
1 234 
1 363 
1 407 
1 495 
2 3 
2 4 
2 5 
2 6 
2 7 
2 8 
2 9 
2 10 
2 11 
2 14 
2 15 
2 16 
2 17 
2 20 
2 21 
2 22 
2 23 
2 24 
2 26 
2 27 
2 31 
2 43 
2 44 
2 47 
2 50 
2 64 
2 71 
2 76 
2 78 
2 81 
2 85 
2 86 
2 94 
2 100 
2 107 
2 109 
2 111 
2 114 
2 118 
2 123 
2 130 
2 142 
2 151 
2 155 
2 169 
2 179 
2 243 
2 245 
2 250 
2 253 
2 259 
2 264 
2 268 
2 272 
2 283 
2 321 
2 326 
2 337 
2 339 
2 365 
2 366 
2 376 
2 383 
2 392 
2 408 
2 448 
2 456 
2 494 
2 499 
3 4 
3 5 
3 7 
3 8 
3 12 
3 13 
3 23 
3 28 
3 44 
3 52 
3 57 
3 68 
3 72 
3 75 
3 81 
3 84 
3 105 
3 107 
3 133 
3 136 
3 160 
3 169 
3 173 
3 177 
3 189 
3 216 
3 230 
3 266 
3 327 
3 328 
3 365 
3 378 
3 404 
3 448 
3 450 
3 452 
4 10 
4 12 
4 17 
4 18 
4 21 
4 36 
4 52 
4 58 
4 68 
4 91 
4 116 
4 140 
4 172 
4 200 
4 247 
4 302 
4 339 
4 363 
4 388 
4 453 
5 6 
5 7 
5 8 
5 10 
5 11 
5 13 
5 16 
5 25 
5 27 
5 28 
5 29 
5 36 
5 37 
5 38 
5 40 
5 41 
5 48 
5 53 
5 55 
5 63 
5 64 
5 66 
5 88 
5 95 
5 100 
5 111 
5 113 
5 125 
5 127 
5 155 
5 158 
5 162 
5 164 
5 167 
5 172 
5 173 
5 198 
5 214 
5 235 
5 238 
5 249 
5 257 
5 271 
5 275 
5 276 
5 286 
5 295 
5 296 
5 321 
5 336 
5 342 
5 343 
5 351 
5 352 
5 359 
5 364 
5 395 
5 398 
5 408 
5 409 
5 412 
5 417 
5 434 
5 450 
5 462 
5 463 
5 484 
5 488 
6 8 
6 9 
6 15 
6 18 
6 32 
6 43 
6 62 
6 66 
6 85 
6 95 
6 101 
6 104 
6 112 
6 123 
6 177 
6 188 
6 206 
6 207 
6 221 
6 222 
6 230 
6 239 
6 243 
6 251 
6 252 
6 267 
6 279 
6 285 
6 290 
6 304 
6 315 
6 316 
6 337 
6 362 
6 365 
6 393 
6 396 
6 428 
6 436 
6 450 
6 454 
6 478 
6 480 
7 16 
7 26 
7 31 
7 34 
7 49 
7 50 
7 58 
7 67 
7 76 
7 77 
7 82 
7 87 
7 128 
7 133 
7 204 
7 232 
7 273 
7 306 
7 323 
7 333 
7 355 
7 366 
7 386 
7 387 
7 408 
7 470 
7 483 
8 9 
8 37 
8 40 
8 46 
8 49 
8 51 
8 71 
8 72 
8 108 
8 119 
8 157 
8 166 
8 202 
8 334 
8 352 
8 375 
8 402 
9 10 
9 11 
9 16 
9 26 
9 29 
9 32 
9 35 
9 43 
9 46 
9 93 
9 117 
9 233 
9 282 
9 294 
9 326 
9 335 
9 435 
10 11 
10 13 
10 20 
10 25 
10 32 
10 36 
10 47 
10 49 
10 50 
10 54 
10 55 
10 141 
10 144 
10 150 
10 157 
10 175 
10 182 
10 200 
10 217 
10 300 
10 326 
10 400 
10 423 
10 443 
10 480 
11 12 
11 14 
11 17 
11 18 
11 19 
11 27 
11 28 
11 31 
11 33 
11 34 
11 45 
11 59 
11 61 
11 78 
11 82 
11 83 
11 95 
11 103 
11 107 
11 109 
11 127 
11 128 
11 134 
11 141 
11 151 
11 153 
11 162 
11 165 
11 169 
11 172 
11 186 
11 191 
11 194 
11 208 
11 215 
11 230 
11 236 
11 248 
11 330 
11 331 
11 334 
11 345 
11 348 
11 356 
11 379 
11 412 
11 417 
11 436 
11 445 
11 458 
11 463 
11 474 
12 13 
12 14 
12 15 
12 19 
12 20 
12 22 
12 23 
12 29 
12 37 
12 38 
12 74 
12 75 
12 84 
12 121 
12 157 
12 184 
12 195 
12 212 
12 229 
12 231 
12 245 
12 308 
12 319 
12 330 
12 343 
12 351 
12 363 
12 364 
12 380 
12 392 
12 394 
12 396 
12 434 
12 448 
12 484 
13 27 
13 30 
13 39 
13 48 
13 58 
13 70 
13 75 
13 79 
13 91 
13 110 
13 116 
13 122 
13 131 
13 189 
13 252 
13 263 
13 266 
13 332 
13 373 
13 422 
13 445 
13 456 
13 468 
14 15 
14 30 
14 59 
14 69 
14 79 
14 93 
14 101 
14 107 
14 149 
14 162 
14 205 
14 206 
14 282 
14 302 
14 394 
14 420 
14 491 
14 494 
15 33 
15 38 
15 170 
15 188 
15 261 
15 348 
15 427 
16 17 
16 20 
16 21 
16 22 
16 60 
16 64 
16 73 
16 74 
16 77 
16 80 
16 96 
16 113 
16 117 
16 134 
16 137 
16 142 
16 163 
16 206 
16 280 
16 283 
16 291 
16 313 
16 316 
16 366 
16 381 
16 388 
16 402 
16 424 
16 435 
16 442 
17 33 
17 61 
17 110 
17 125 
17 126 
17 127 
17 129 
17 131 
17 151 
17 293 
17 354 
17 374 
17 391 
17 396 
18 19 
18 30 
18 34 
18 55 
18 61 
18 69 
18 70 
18 73 
18 149 
18 156 
18 203 
18 212 
18 223 
18 227 
18 232 
18 237 
18 242 
18 252 
18 253 
18 254 
18 257 
18 290 
18 328 
18 341 
18 360 
18 381 
18 411 
18 447 
18 465 
18 482 
19 24 
19 25 
19 41 
19 63 
19 66 
19 78 
19 92 
19 115 
19 130 
19 142 
19 162 
19 181 
19 198 
19 199 
19 208 
19 239 
19 310 
19 312 
19 337 
19 345 
19 448 
19 468 
19 489 
19 490 
20 25 
20 32 
20 39 
20 53 
20 57 
20 65 
20 87 
20 97 
20 148 
20 183 
20 211 
20 226 
20 236 
20 256 
20 281 
20 311 
20 323 
20 333 
20 410 
20 492 
21 22 
21 23 
21 24 
21 26 
21 37 
21 41 
21 45 
21 50 
21 62 
21 73 
21 86 
21 103 
21 105 
21 122 
21 135 
21 160 
21 161 
21 167 
21 168 
21 174 
21 175 
21 178 
21 182 
21 186 
21 190 
21 207 
21 225 
21 261 
21 269 
21 286 
21 293 
21 301 
21 306 
21 355 
21 392 
21 452 
21 474 
21 483 
22 28 
22 62 
22 124 
22 233 
22 285 
22 376 
23 39 
23 54 
23 84 
23 106 
23 169 
23 171 
23 189 
23 208 
23 216 
23 241 
23 265 
23 315 
23 342 
23 376 
23 409 
23 424 
23 437 
23 471 
24 39 
24 46 
24 54 
24 78 
24 94 
24 101 
24 124 
24 146 
24 154 
24 237 
24 329 
24 375 
24 459 
24 461 
24 484 
25 86 
25 176 
25 178 
25 220 
25 275 
25 467 
26 45 
26 49 
26 60 
26 68 
26 82 
26 100 
26 117 
26 118 
26 119 
26 136 
26 143 
26 192 
26 240 
26 241 
26 246 
26 292 
26 351 
26 353 
26 380 
26 406 
26 407 
26 437 
26 449 
26 459 
27 29 
27 31 
27 36 
27 56 
27 63 
27 91 
27 104 
27 114 
27 150 
27 185 
27 214 
27 217 
27 218 
27 371 
27 372 
27 398 
28 30 
28 95 
28 99 
28 108 
28 135 
28 151 
28 166 
28 178 
28 210 
28 215 
28 256 
28 273 
28 332 
28 379 
28 400 
28 420 
28 465 
28 470 
29 40 
29 48 
29 70 
29 115 
29 128 
29 134 
29 159 
29 223 
29 305 
29 405 
29 472 
30 35 
30 57 
30 74 
30 83 
30 90 
30 163 
30 251 
30 254 
30 319 
30 356 
30 357 
30 397 
30 411 
30 498 
31 33 
31 85 
31 165 
31 167 
31 200 
31 399 
31 440 
31 459 
31 491 
31 497 
32 34 
32 38 
32 41 
32 51 
32 55 
32 60 
32 67 
32 79 
32 84 
32 90 
32 103 
32 172 
32 203 
32 233 
32 255 
32 270 
32 275 
32 304 
32 314 
32 488 
33 35 
33 47 
33 67 
33 72 
33 80 
33 91 
33 170 
34 42 
34 105 
34 131 
34 132 
34 137 
34 138 
34 164 
34 181 
34 182 
34 199 
34 207 
34 221 
34 467 
35 146 
36 40 
36 42 
36 47 
36 59 
36 61 
36 87 
36 105 
36 110 
36 125 
36 129 
36 158 
36 163 
36 174 
36 190 
36 201 
36 309 
36 355 
36 395 
36 423 
36 438 
36 474 
37 51 
37 60 
37 102 
37 318 
37 462 
37 483 
38 67 
38 81 
38 99 
38 106 
38 138 
38 158 
38 254 
38 315 
38 373 
38 395 
38 449 
38 499 
39 43 
39 44 
39 48 
39 56 
39 63 
39 69 
39 86 
39 87 
39 93 
39 96 
39 97 
39 110 
39 119 
39 155 
39 159 
39 197 
39 210 
39 212 
39 216 
39 224 
39 226 
39 228 
39 240 
39 242 
39 247 
39 284 
39 290 
39 361 
39 410 
39 429 
39 479 
39 486 
39 487 
39 493 
40 85 
40 120 
40 156 
40 209 
40 222 
40 317 
40 377 
41 303 
42 104 
42 161 
42 180 
42 184 
42 206 
42 224 
42 236 
42 244 
42 298 
42 449 
42 479 
42 492 
43 45 
43 146 
43 147 
43 258 
44 53 
44 108 
44 119 
44 171 
44 311 
44 329 
44 343 
44 358 
44 407 
44 433 
44 498 
45 56 
45 89 
45 117 
45 153 
45 202 
45 213 
45 278 
45 316 
45 455 
45 458 
46 51 
46 68 
46 88 
46 96 
46 100 
46 118 
46 123 
46 129 
46 140 
46 213 
46 258 
46 292 
46 414 
46 462 
47 135 
47 257 
47 466 
48 52 
48 65 
48 74 
48 114 
48 122 
48 140 
48 163 
48 189 
48 196 
48 384 
48 393 
48 400 
48 497 
49 59 
49 96 
49 130 
49 265 
49 274 
49 288 
49 296 
49 391 
50 66 
50 104 
50 372 
50 378 
50 457 
51 54 
51 56 
51 102 
51 261 
51 293 
51 323 
51 333 
51 339 
52 113 
52 136 
52 195 
52 244 
52 354 
52 373 
53 140 
53 156 
53 222 
53 289 
53 358 
53 458 
53 481 
54 139 
55 62 
55 71 
55 83 
55 92 
55 109 
55 164 
55 188 
55 219 
55 232 
55 271 
55 354 
55 364 
55 367 
55 416 
55 431 
55 485 
56 58 
56 125 
56 143 
56 190 
56 258 
56 406 
56 454 
56 457 
57 168 
57 227 
57 250 
57 259 
57 291 
57 335 
57 356 
57 365 
57 374 
57 390 
57 401 
58 80 
58 160 
58 183 
58 218 
58 408 
58 449 
58 460 
60 112 
60 144 
60 185 
60 210 
60 302 
60 324 
60 332 
60 361 
60 382 
60 387 
60 459 
60 464 
60 479 
61 65 
61 89 
61 155 
61 161 
61 164 
61 166 
61 170 
61 182 
61 228 
61 282 
61 303 
61 331 
61 358 
61 400 
61 421 
61 430 
62 77 
62 88 
62 93 
62 211 
62 212 
62 222 
62 234 
62 274 
62 436 
62 438 
63 92 
63 157 
63 171 
63 336 
64 75 
64 116 
64 124 
64 139 
64 176 
64 337 
64 349 
65 83 
65 90 
65 121 
65 132 
65 266 
65 311 
65 317 
65 330 
65 348 
65 451 
66 89 
66 99 
66 238 
66 247 
66 272 
66 307 
66 356 
66 418 
66 466 
67 76 
67 97 
67 99 
67 108 
67 115 
67 136 
67 153 
67 209 
67 223 
67 229 
67 237 
67 245 
67 250 
67 338 
67 339 
67 393 
67 403 
67 424 
67 428 
68 72 
68 109 
68 115 
68 148 
68 188 
68 217 
68 268 
68 334 
68 370 
68 432 
68 460 
69 106 
71 138 
71 199 
72 143 
72 338 
72 420 
72 427 
72 429 
72 450 
73 77 
73 133 
73 143 
73 168 
73 211 
73 263 
73 357 
75 146 
75 201 
75 347 
75 416 
76 82 
76 88 
76 145 
76 177 
76 192 
76 335 
76 350 
76 361 
76 386 
77 81 
77 166 
77 181 
77 205 
77 385 
78 89 
78 90 
78 101 
78 111 
78 149 
78 193 
78 455 
79 94 
79 120 
79 205 
79 301 
79 305 
79 321 
79 476 
80 98 
80 131 
80 202 
80 297 
80 328 
80 386 
81 102 
81 120 
81 262 
81 308 
81 318 
81 368 
81 469 
81 472 
82 144 
82 145 
82 152 
82 190 
82 215 
82 231 
82 269 
82 289 
82 318 
82 359 
82 389 
82 409 
83 113 
83 152 
83 183 
83 258 
83 287 
83 289 
83 292 
83 298 
83 322 
83 329 
83 415 
84 121 
84 243 
84 306 
84 350 
84 385 
84 435 
85 106 
85 244 
85 281 
85 285 
85 445 
86 137 
86 181 
86 416 
86 435 
87 98 
87 133 
87 152 
87 204 
87 262 
87 288 
87 373 
88 94 
88 98 
88 124 
88 126 
88 129 
88 135 
88 154 
88 159 
88 165 
88 175 
88 183 
88 185 
88 201 
88 203 
88 234 
88 235 
88 270 
88 277 
88 287 
88 307 
88 332 
88 354 
88 383 
88 432 
88 438 
88 441 
88 460 
88 485 
88 498 
89 92 
89 149 
89 192 
89 203 
89 219 
89 253 
89 412 
89 440 
90 145 
90 218 
90 245 
90 248 
90 277 
90 304 
90 439 
90 471 
90 497 
91 141 
91 177 
91 220 
91 255 
91 271 
91 276 
91 390 
91 456 
92 150 
92 180 
92 197 
92 229 
92 242 
92 324 
92 394 
92 405 
93 97 
93 158 
93 279 
93 331 
94 98 
94 102 
94 103 
94 154 
94 187 
94 246 
94 279 
95 219 
95 360 
95 371 
95 398 
96 333 
96 463 
97 186 
97 194 
97 341 
97 343 
97 378 
97 431 
97 480 
97 486 
97 496 
98 201 
98 209 
98 250 
98 275 
98 359 
98 428 
98 496 
99 122 
99 127 
99 439 
100 141 
100 478 
100 491 
101 112 
101 216 
101 381 
102 120 
102 144 
102 161 
102 180 
102 231 
102 234 
102 272 
102 281 
102 297 
102 302 
102 340 
103 297 
104 469 
105 147 
105 278 
105 301 
105 374 
106 290 
107 139 
107 198 
107 277 
107 286 
107 307 
107 314 
107 367 
107 380 
107 432 
107 491 
108 114 
108 263 
109 111 
109 116 
109 173 
109 266 
110 121 
110 239 
110 303 
110 419 
110 426 
111 433 
112 185 
112 236 
112 255 
112 310 
112 329 
112 340 
112 370 
112 404 
113 156 
113 300 
113 387 
114 226 
114 378 
114 425 
115 130 
115 148 
115 176 
115 259 
115 316 
115 325 
115 417 
116 221 
116 274 
116 296 
116 303 
116 387 
116 395 
117 165 
117 187 
117 225 
117 325 
117 347 
117 376 
117 413 
117 443 
119 239 
119 431 
120 123 
120 132 
120 148 
120 193 
120 224 
120 288 
120 346 
120 425 
120 453 
120 486 
120 488 
121 254 
121 305 
121 475 
122 238 
122 283 
122 320 
122 369 
122 422 
122 493 
123 388 
124 372 
125 235 
125 251 
125 289 
125 322 
125 419 
125 461 
126 422 
126 487 
127 451 
128 299 
128 485 
129 382 
129 403 
129 473 
130 205 
130 269 
131 139 
131 150 
131 160 
131 211 
131 220 
131 478 
132 145 
132 196 
132 264 
132 344 
132 357 
132 369 
132 429 
133 142 
133 178 
133 196 
133 238 
133 405 
134 168 
134 310 
134 344 
134 468 
134 483 
135 174 
135 192 
135 243 
135 249 
135 308 
135 375 
135 493 
136 179 
136 193 
136 263 
136 278 
136 305 
137 244 
138 179 
138 210 
138 215 
139 174 
139 191 
139 453 
140 379 
141 147 
141 213 
141 344 
142 247 
142 299 
142 404 
142 410 
142 454 
143 467 
144 287 
144 371 
146 153 
146 214 
146 217 
146 248 
146 304 
146 362 
146 470 
147 281 
149 270 
150 152 
150 325 
150 353 
150 428 
150 466 
151 171 
151 197 
151 200 
151 346 
151 352 
151 377 
151 442 
151 475 
153 274 
153 318 
153 346 
153 350 
154 170 
154 293 
154 319 
154 380 
154 473 
154 475 
155 397 
156 195 
156 359 
156 472 
157 299 
157 336 
157 446 
157 451 
158 159 
158 219 
159 198 
159 204 
159 260 
159 313 
162 191 
162 209 
162 214 
162 277 
162 427 
162 441 
163 340 
164 291 
165 167 
165 220 
165 221 
165 249 
165 260 
165 262 
165 368 
166 186 
166 224 
166 298 
166 488 
167 173 
167 184 
167 248 
167 300 
167 366 
168 259 
168 285 
168 309 
168 314 
168 328 
169 253 
169 361 
169 403 
170 179 
170 194 
170 360 
171 204 
171 287 
171 426 
172 230 
172 246 
172 297 
172 362 
172 471 
173 296 
173 437 
173 482 
173 485 
174 194 
175 180 
175 364 
175 382 
175 439 
175 475 
176 196 
176 358 
176 368 
177 187 
177 199 
177 223 
178 225 
178 262 
179 276 
180 498 
181 374 
182 184 
183 197 
184 231 
184 308 
184 415 
184 425 
185 240 
186 228 
186 312 
186 406 
186 466 
187 246 
187 279 
187 481 
188 413 
188 479 
189 195 
189 228 
189 267 
189 325 
189 412 
189 417 
190 264 
190 306 
190 401 
191 267 
191 411 
192 319 
192 446 
193 207 
193 268 
193 406 
194 202 
194 242 
194 388 
194 391 
194 441 
195 226 
195 414 
196 261 
196 346 
196 393 
197 309 
197 461 
198 280 
198 300 
198 338 
199 315 
199 370 
200 280 
201 369 
202 288 
202 317 
202 481 
203 260 
203 447 
204 336 
204 402 
204 469 
205 295 
207 399 
208 218 
208 295 
208 414 
208 490 
209 233 
209 477 
210 252 
210 384 
210 482 
212 260 
212 265 
212 267 
212 431 
212 462 
214 314 
214 349 
216 232 
217 389 
217 474 
217 481 
218 291 
218 294 
218 489 
220 331 
220 397 
220 476 
220 495 
221 225 
221 229 
221 256 
221 271 
221 278 
221 310 
221 370 
221 421 
221 443 
221 487 
221 499 
223 255 
223 256 
223 280 
224 227 
224 330 
224 375 
224 439 
224 455 
225 322 
225 377 
225 426 
226 301 
226 390 
227 341 
227 353 
227 384 
227 460 
227 480 
228 235 
228 270 
228 309 
228 484 
229 273 
229 284 
229 321 
229 345 
229 389 
229 399 
229 495 
231 298 
232 294 
232 402 
232 443 
232 477 
234 444 
235 251 
235 420 
237 283 
237 324 
238 240 
238 241 
238 342 
239 257 
240 249 
240 418 
241 286 
242 341 
242 350 
242 384 
242 418 
242 452 
242 493 
244 292 
244 487 
246 447 
248 312 
249 414 
253 284 
253 295 
253 482 
254 410 
254 471 
255 265 
256 264 
256 379 
257 273 
257 418 
258 311 
258 334 
258 411 
259 269 
264 272 
264 294 
264 324 
264 383 
264 468 
265 421 
265 457 
265 458 
266 477 
267 307 
267 312 
267 313 
267 427 
269 320 
269 347 
269 357 
269 382 
271 282 
271 348 
272 276 
272 386 
273 347 
274 401 
274 464 
284 352 
284 453 
285 489 
287 313 
287 317 
287 320 
287 322 
287 327 
289 367 
289 426 
289 464 
289 492 
290 496 
292 340 
292 355 
293 446 
293 454 
293 476 
296 381 
296 404 
297 320 
297 430 
299 446 
300 323 
300 490 
303 377 
303 405 
304 385 
305 394 
306 464 
306 476 
307 389 
307 494 
308 326 
309 385 
310 422 
313 351 
313 424 
314 363 
316 349 
317 440 
318 456 
318 469 
321 396 
321 445 
323 338 
323 419 
323 441 
324 327 
325 335 
328 342 
330 371 
330 433 
332 345 
332 430 
332 447 
333 353 
333 391 
333 472 
334 392 
334 430 
337 415 
337 467 
337 477 
341 413 
343 360 
345 461 
349 383 
351 367 
351 399 
354 465 
355 362 
355 452 
357 494 
359 457 
362 401 
364 368 
364 429 
365 407 
371 390 
376 423 
377 438 
378 397 
380 413 
384 421 
387 434 
387 444 
388 425 
391 432 
391 442 
392 419 
394 416 
395 409 
396 398 
397 496 
399 403 
403 473 
407 436 
407 444 
412 423 
413 442 
417 465 
420 434 
422 433 
425 437 
426 486 
430 490 
431 444 
436 455 
437 440 
441 463 
443 478 
444 451 
451 492 
456 473 
469 497 
470 499 
475 495 
476 489 
