false
false
500
1988
0 1 
0 3 
0 4 
0 5 
0 6 
0 7 
0 9 
0 11 
0 13 
0 16 
0 18 
0 23 
0 26 
0 32 
0 35 
0 39 
0 40 
0 44 
0 45 
0 54 
0 59 
0 60 
0 62 
0 64 
0 73 
0 92 
0 111 
0 112 
0 113 
0 138 
0 146 
0 166 
0 172 
0 178 
0 184 
0 186 
0 202 
0 233 
0 240 
0 255 
0 256 
0 275 
0 291 
0 293 
0 327 
0 358 
0 392 
0 409 
0 451 
0 458 
0 459 
0 481 
0 487 
1 2 
1 4 
1 5 
1 6 
1 11 
1 12 
1 14 
1 15 
1 16 
1 17 
1 22 
1 25 
1 38 
1 44 
1 79 
1 82 
1 90 
1 111 
1 112 
1 118 
1 149 
1 196 
1 198 
1 204 
1 212 
1 218 
1 229 
1 248 
1 281 
1 285 
1 293 
1 300 
1 313 
1 321 
1 323 
1 356 
1 366 
1 372 
1 381 
1 413 
1 424 
1 447 
1 492 
2 3 
2 4 
2 7 
2 8 
2 9 
2 10 
2 13 
2 15 
2 18 
2 19 
2 20 
2 21 
2 22 
2 27 
2 33 
2 43 
2 45 
2 54 
2 65 
2 99 
2 100 
2 117 
2 123 
2 165 
2 171 
2 173 
2 178 
2 194 
2 206 
2 210 
2 234 
2 261 
2 268 
2 276 
2 279 
2 281 
2 294 
2 331 
2 336 
2 355 
2 384 
2 404 
2 438 
2 496 
3 4 
3 5 
3 9 
3 10 
3 13 
3 28 
3 30 
3 32 
3 66 
3 71 
3 87 
3 92 
3 102 
3 121 
3 170 
3 185 
3 196 
3 200 
3 208 
3 222 
3 256 
3 266 
3 280 
3 306 
3 309 
3 316 
3 341 
3 379 
3 399 
3 409 
3 434 
4 5 
4 6 
4 7 
4 8 
4 9 
4 14 
4 20 
4 24 
4 31 
4 38 
4 39 
4 42 
4 46 
4 54 
4 55 
4 56 
4 57 
4 65 
4 75 
4 76 
4 79 
4 82 
4 96 
4 108 
4 124 
4 126 
4 136 
4 149 
4 164 
4 178 
4 191 
4 226 
4 231 
4 249 
4 269 
4 274 
4 276 
4 337 
4 339 
4 357 
4 406 
4 411 
4 423 
4 444 
4 451 
4 454 
4 469 
4 481 
4 493 
4 498 
5 6 
5 8 
5 10 
5 11 
5 13 
5 21 
5 29 
5 31 
5 36 
5 40 
5 53 
5 56 
5 65 
5 70 
5 74 
5 76 
5 97 
5 99 
5 113 
5 115 
5 124 
5 137 
5 141 
5 156 
5 164 
5 175 
5 185 
5 192 
5 224 
5 278 
5 289 
5 294 
5 300 
5 305 
5 306 
5 308 
5 314 
5 369 
5 373 
5 378 
5 392 
5 412 
5 467 
5 478 
5 481 
5 482 
6 7 
6 8 
6 10 
6 12 
6 19 
6 21 
6 22 
6 23 
6 24 
6 27 
6 43 
6 45 
6 52 
6 60 
6 85 
6 92 
6 114 
6 122 
6 142 
6 153 
6 188 
6 202 
6 223 
6 242 
6 253 
6 269 
6 304 
6 325 
6 388 
6 389 
6 400 
7 14 
7 23 
7 25 
7 30 
7 33 
7 169 
7 172 
7 201 
7 226 
7 241 
7 358 
7 408 
8 14 
8 29 
8 32 
8 53 
8 63 
8 71 
8 79 
8 114 
8 155 
8 270 
8 332 
8 417 
8 430 
8 447 
8 460 
8 477 
9 11 
9 12 
9 22 
9 26 
9 28 
9 36 
9 37 
9 40 
9 44 
9 55 
9 66 
9 69 
9 78 
9 93 
9 94 
9 95 
9 97 
9 103 
9 116 
9 117 
9 145 
9 148 
9 149 
9 227 
9 229 
9 233 
9 252 
9 267 
9 287 
9 301 
9 312 
9 314 
9 320 
9 330 
9 334 
9 356 
9 403 
9 414 
9 431 
9 436 
9 440 
9 478 
9 498 
10 12 
10 17 
10 18 
10 19 
10 26 
10 35 
10 39 
10 44 
10 52 
10 77 
10 108 
10 127 
10 144 
10 154 
10 179 
10 180 
10 182 
10 217 
10 286 
10 289 
10 313 
10 360 
10 440 
10 499 
11 15 
11 23 
11 24 
11 33 
11 36 
11 47 
11 48 
11 59 
11 64 
11 89 
11 100 
11 101 
11 131 
11 140 
11 162 
11 170 
11 180 
11 200 
11 203 
11 216 
11 244 
11 265 
11 270 
11 311 
11 317 
11 322 
11 339 
11 351 
11 352 
11 362 
11 393 
11 446 
12 15 
12 25 
12 29 
12 34 
12 37 
12 41 
12 43 
12 45 
12 47 
12 48 
12 57 
12 65 
12 72 
12 83 
12 90 
12 113 
12 119 
12 126 
12 132 
12 136 
12 149 
12 160 
12 162 
12 181 
12 194 
12 206 
12 210 
12 213 
12 215 
12 216 
12 222 
12 236 
12 243 
12 250 
12 256 
12 262 
12 276 
12 292 
12 323 
12 355 
12 367 
12 368 
12 375 
12 381 
12 382 
12 383 
12 401 
12 417 
12 429 
12 447 
12 453 
12 474 
12 488 
12 496 
13 16 
13 24 
13 26 
13 28 
13 42 
13 46 
13 48 
13 53 
13 54 
13 63 
13 64 
13 82 
13 94 
13 124 
13 130 
13 131 
13 135 
13 158 
13 175 
13 176 
13 179 
13 237 
13 249 
13 266 
13 313 
13 338 
13 355 
13 363 
13 402 
13 403 
13 437 
14 18 
14 20 
14 42 
14 49 
14 58 
14 59 
14 66 
14 70 
14 78 
14 97 
14 104 
14 107 
14 129 
14 142 
14 148 
14 166 
14 176 
14 188 
14 211 
14 217 
14 231 
14 257 
14 268 
14 271 
14 283 
14 288 
14 318 
14 334 
14 341 
14 349 
14 361 
14 371 
14 374 
14 380 
14 400 
14 415 
15 16 
15 17 
15 75 
15 88 
15 95 
15 109 
15 128 
15 133 
15 166 
15 167 
15 173 
15 204 
15 225 
15 297 
15 318 
15 321 
15 354 
15 364 
15 376 
15 378 
15 383 
15 396 
15 398 
15 456 
15 476 
16 17 
16 63 
16 83 
16 86 
16 107 
16 121 
16 122 
16 147 
16 151 
16 238 
16 345 
16 439 
16 470 
17 20 
17 21 
17 27 
17 35 
17 47 
17 105 
17 125 
17 131 
17 167 
17 170 
17 214 
17 216 
17 237 
17 248 
17 353 
17 397 
17 464 
17 496 
18 19 
18 33 
18 34 
18 39 
18 49 
18 55 
18 56 
18 67 
18 83 
18 86 
18 91 
18 96 
18 104 
18 122 
18 133 
18 139 
18 147 
18 152 
18 162 
18 168 
18 193 
18 199 
18 228 
18 235 
18 262 
18 263 
18 273 
18 278 
18 290 
18 324 
18 342 
18 346 
18 359 
18 391 
18 398 
18 426 
18 432 
18 443 
18 487 
18 499 
19 30 
19 55 
19 69 
19 80 
19 110 
19 113 
19 118 
19 120 
19 125 
19 128 
19 136 
19 199 
19 308 
19 329 
19 359 
19 360 
19 377 
19 399 
19 428 
19 448 
19 479 
20 205 
20 312 
21 28 
21 87 
21 126 
21 219 
21 287 
21 292 
21 300 
21 327 
21 389 
22 25 
22 29 
22 31 
22 56 
22 66 
22 67 
22 82 
22 85 
22 101 
22 119 
22 141 
22 143 
22 166 
22 190 
22 244 
22 345 
22 366 
22 369 
22 386 
22 388 
22 394 
22 409 
22 416 
22 456 
22 461 
22 463 
23 30 
23 34 
23 63 
23 68 
23 89 
23 96 
23 135 
23 160 
23 161 
23 170 
23 174 
23 203 
23 232 
23 284 
23 304 
23 326 
23 367 
23 374 
23 378 
23 379 
23 380 
23 382 
23 419 
23 426 
23 436 
24 31 
24 50 
24 95 
24 99 
24 112 
24 115 
24 134 
24 169 
24 238 
24 264 
24 315 
24 394 
24 397 
24 401 
24 453 
24 462 
26 27 
26 32 
26 42 
26 49 
26 50 
26 94 
26 119 
26 145 
26 354 
26 374 
26 425 
26 428 
26 434 
26 473 
27 35 
27 41 
27 49 
27 51 
27 53 
27 58 
27 72 
27 76 
27 86 
27 88 
27 117 
27 118 
27 135 
27 171 
27 187 
27 205 
27 254 
27 307 
27 365 
27 405 
27 414 
27 420 
28 40 
28 43 
28 68 
28 105 
28 162 
28 176 
28 189 
28 225 
28 293 
28 298 
28 457 
29 93 
29 116 
29 197 
29 352 
29 380 
29 410 
29 430 
29 461 
29 463 
30 34 
30 41 
30 127 
30 130 
30 146 
30 159 
30 180 
30 397 
30 411 
31 38 
31 71 
31 74 
31 109 
31 140 
31 184 
31 188 
31 217 
31 219 
31 223 
31 337 
31 358 
31 368 
31 369 
31 391 
31 421 
31 443 
32 37 
32 38 
32 48 
32 52 
32 61 
32 69 
32 75 
32 86 
32 93 
32 104 
32 115 
32 120 
32 133 
32 187 
32 213 
32 232 
32 245 
32 246 
32 277 
32 285 
32 296 
32 302 
32 311 
32 360 
32 362 
32 370 
32 378 
32 384 
32 482 
33 36 
33 67 
33 87 
33 105 
33 152 
33 182 
33 192 
33 202 
33 244 
33 299 
33 307 
33 441 
33 448 
33 453 
33 460 
34 37 
34 46 
34 58 
34 75 
34 84 
34 95 
34 108 
34 179 
34 191 
34 201 
34 222 
34 229 
34 230 
34 236 
34 237 
34 272 
34 296 
34 301 
34 317 
34 322 
34 390 
34 391 
34 432 
34 495 
35 72 
35 151 
35 158 
35 177 
35 323 
35 437 
35 444 
36 51 
36 83 
36 98 
36 116 
36 138 
36 182 
36 204 
36 208 
36 229 
36 241 
36 249 
36 334 
36 358 
36 377 
36 413 
36 418 
37 47 
37 61 
37 62 
37 68 
37 77 
37 103 
37 114 
37 124 
37 147 
37 157 
37 178 
37 225 
37 230 
37 276 
37 294 
37 332 
37 359 
37 411 
37 474 
37 483 
37 484 
38 41 
38 57 
38 60 
38 70 
38 90 
38 91 
38 102 
38 145 
38 195 
38 200 
38 212 
38 289 
38 299 
38 309 
38 328 
38 403 
38 419 
38 422 
38 428 
39 67 
39 73 
39 100 
39 142 
39 150 
39 152 
39 174 
39 209 
39 243 
39 285 
39 465 
40 107 
40 218 
40 228 
40 315 
40 430 
40 471 
41 150 
41 151 
41 176 
41 182 
41 204 
41 240 
42 50 
42 52 
42 61 
42 68 
42 85 
42 90 
42 93 
42 94 
42 96 
42 125 
42 143 
42 146 
42 155 
42 172 
42 184 
42 205 
42 215 
42 219 
42 227 
42 251 
42 264 
42 265 
42 353 
42 427 
43 46 
43 62 
43 92 
43 109 
43 128 
43 155 
43 158 
43 190 
43 205 
43 238 
43 250 
43 254 
43 258 
43 311 
43 329 
43 368 
43 389 
43 402 
43 424 
43 427 
43 485 
44 50 
44 51 
44 71 
44 106 
44 132 
44 158 
44 305 
44 375 
45 87 
45 146 
45 193 
45 235 
45 288 
45 465 
46 57 
46 74 
46 108 
46 373 
46 384 
46 392 
46 458 
46 461 
47 73 
47 77 
47 81 
47 97 
47 220 
47 236 
47 277 
47 301 
47 313 
47 338 
47 350 
47 433 
47 477 
48 51 
48 59 
48 61 
48 81 
48 91 
48 154 
48 173 
48 180 
48 249 
48 280 
48 344 
48 351 
48 377 
48 379 
48 387 
48 493 
49 58 
49 84 
49 121 
49 161 
49 183 
49 275 
49 293 
49 328 
49 331 
49 365 
49 402 
49 415 
50 81 
50 91 
50 206 
50 459 
51 60 
51 84 
51 141 
51 148 
51 161 
51 234 
51 280 
51 344 
51 366 
51 427 
52 185 
52 224 
52 262 
52 280 
52 320 
52 385 
52 410 
52 422 
52 472 
53 102 
53 224 
54 242 
54 265 
55 72 
55 110 
55 181 
55 211 
55 223 
55 238 
55 251 
55 279 
55 325 
55 344 
55 488 
56 109 
56 210 
56 346 
56 386 
56 485 
57 199 
57 221 
57 233 
57 246 
57 272 
57 316 
57 327 
57 342 
57 353 
57 372 
57 388 
57 406 
58 62 
58 154 
58 168 
58 171 
58 202 
58 224 
58 277 
58 282 
58 292 
58 295 
58 362 
58 490 
59 136 
59 137 
59 172 
59 197 
59 244 
59 248 
59 324 
59 363 
59 375 
59 412 
59 429 
59 436 
60 190 
60 216 
60 284 
60 471 
61 314 
61 391 
62 79 
62 80 
62 85 
62 88 
62 89 
62 111 
62 115 
62 153 
62 156 
62 157 
62 161 
62 165 
62 174 
62 185 
62 188 
62 198 
62 225 
62 278 
62 297 
62 390 
62 400 
62 428 
62 444 
62 468 
62 494 
62 499 
63 64 
63 74 
63 89 
63 110 
63 131 
63 140 
63 144 
63 150 
63 187 
63 207 
63 265 
63 316 
63 363 
63 407 
63 488 
64 211 
64 326 
65 395 
65 410 
66 78 
66 150 
66 167 
66 234 
66 269 
66 317 
66 457 
66 488 
67 69 
67 70 
67 77 
67 98 
67 105 
67 145 
67 155 
67 168 
67 189 
67 220 
67 263 
67 271 
67 361 
67 383 
67 404 
67 445 
67 475 
67 493 
67 498 
68 99 
68 106 
68 179 
68 290 
69 73 
69 88 
69 134 
69 211 
69 243 
69 306 
69 435 
70 98 
70 102 
70 125 
70 127 
70 137 
70 369 
70 385 
71 123 
71 159 
71 198 
71 283 
71 302 
71 421 
72 78 
72 101 
72 393 
73 76 
73 103 
73 259 
74 80 
74 84 
74 98 
74 101 
74 123 
74 126 
74 138 
74 147 
74 183 
74 228 
74 247 
74 414 
74 450 
74 460 
74 464 
74 480 
74 487 
75 80 
75 116 
75 139 
75 165 
75 181 
75 228 
75 247 
75 253 
75 287 
75 310 
75 455 
76 81 
76 160 
76 183 
76 254 
77 335 
77 361 
77 420 
78 198 
78 290 
78 436 
78 477 
79 261 
80 103 
80 106 
80 110 
80 181 
80 192 
80 302 
80 338 
81 144 
81 163 
81 177 
81 217 
81 282 
81 299 
81 454 
82 104 
82 117 
82 122 
82 123 
82 133 
82 143 
82 168 
82 273 
82 364 
82 423 
82 438 
82 446 
82 476 
83 209 
83 220 
83 282 
83 283 
83 353 
83 354 
83 450 
84 127 
84 221 
84 251 
84 257 
85 163 
85 237 
85 346 
86 118 
86 174 
86 252 
86 342 
87 167 
87 191 
88 239 
89 241 
89 243 
89 343 
89 387 
89 398 
89 451 
89 483 
90 473 
91 134 
92 100 
92 119 
92 195 
92 491 
93 107 
93 139 
93 193 
93 210 
93 328 
93 335 
93 486 
93 491 
94 348 
95 114 
95 289 
96 163 
96 266 
96 452 
96 472 
96 486 
97 143 
97 151 
97 159 
97 227 
97 290 
97 409 
98 112 
98 261 
98 281 
98 296 
98 382 
99 120 
99 140 
99 144 
99 156 
99 212 
99 400 
99 441 
99 482 
100 233 
100 416 
101 190 
101 209 
101 250 
101 264 
101 402 
101 430 
101 468 
102 130 
102 214 
102 347 
102 359 
103 120 
103 129 
103 222 
103 458 
103 476 
104 160 
104 165 
104 282 
104 467 
105 106 
105 132 
105 206 
105 270 
105 336 
105 481 
106 171 
106 463 
107 134 
107 201 
107 370 
108 111 
108 203 
108 297 
108 350 
108 390 
108 418 
108 482 
108 493 
109 152 
109 175 
109 236 
110 184 
110 200 
110 215 
110 232 
110 286 
110 373 
110 479 
111 135 
111 267 
111 270 
111 464 
111 491 
112 121 
112 139 
112 157 
112 169 
112 186 
112 197 
112 345 
112 360 
112 440 
113 129 
113 177 
113 196 
113 235 
113 274 
113 281 
113 298 
113 350 
113 467 
114 128 
114 142 
114 209 
114 247 
114 248 
114 263 
114 320 
114 472 
115 129 
115 329 
115 497 
116 159 
117 132 
117 395 
118 194 
118 218 
118 257 
118 416 
119 346 
119 384 
119 396 
119 410 
120 137 
120 163 
120 173 
120 177 
120 183 
120 239 
120 242 
120 284 
120 298 
120 494 
120 495 
121 148 
121 221 
121 404 
121 442 
122 153 
122 307 
122 315 
122 319 
122 364 
123 226 
123 365 
124 164 
124 250 
124 408 
124 452 
125 218 
127 186 
127 192 
127 350 
128 153 
128 193 
128 260 
128 401 
128 457 
128 468 
129 130 
129 154 
129 156 
129 255 
129 332 
129 355 
130 308 
130 326 
132 214 
132 239 
132 431 
132 469 
133 138 
135 201 
135 258 
135 317 
135 348 
135 399 
136 157 
136 175 
136 231 
136 258 
136 272 
136 437 
137 251 
137 295 
137 333 
138 255 
138 449 
140 141 
140 194 
140 266 
140 303 
140 325 
140 339 
140 419 
140 475 
141 291 
142 207 
142 294 
142 345 
142 417 
143 331 
143 396 
143 450 
144 301 
145 310 
145 470 
146 164 
146 267 
146 311 
146 471 
146 491 
147 189 
147 269 
147 286 
147 372 
147 445 
147 486 
148 169 
148 214 
148 227 
148 456 
149 197 
150 213 
150 226 
150 322 
150 326 
151 207 
151 324 
151 445 
151 464 
152 241 
153 426 
153 477 
153 490 
154 223 
154 235 
154 278 
154 319 
154 365 
154 438 
157 462 
157 484 
158 196 
158 321 
159 186 
159 252 
159 271 
159 305 
159 356 
159 381 
160 191 
160 474 
161 312 
162 264 
162 323 
164 253 
164 273 
164 310 
164 352 
164 432 
166 292 
166 309 
166 316 
166 319 
166 361 
166 455 
167 187 
167 291 
168 245 
168 288 
168 425 
168 479 
169 337 
169 379 
169 386 
169 407 
170 199 
170 208 
170 476 
171 421 
171 466 
172 219 
172 240 
172 347 
172 348 
172 455 
173 247 
173 252 
174 232 
175 203 
175 208 
175 256 
177 284 
177 487 
177 497 
178 385 
178 394 
179 195 
179 258 
179 273 
179 319 
179 371 
179 442 
179 443 
179 462 
180 467 
181 195 
181 366 
182 341 
182 406 
183 480 
184 189 
184 412 
185 257 
185 259 
186 303 
187 268 
188 392 
189 283 
189 405 
190 207 
190 308 
191 262 
191 371 
192 261 
193 239 
193 255 
193 267 
193 286 
193 330 
193 333 
193 374 
193 396 
193 415 
193 442 
193 473 
193 489 
194 334 
194 395 
195 303 
195 309 
195 388 
197 215 
197 387 
199 230 
199 245 
199 268 
199 302 
200 230 
200 245 
200 327 
200 404 
201 221 
201 275 
201 330 
201 357 
202 296 
202 403 
203 349 
203 387 
203 439 
204 274 
204 320 
205 340 
205 453 
206 212 
206 448 
206 452 
206 472 
207 325 
207 333 
207 343 
207 411 
207 417 
207 470 
207 494 
208 357 
209 260 
209 315 
209 351 
209 362 
209 431 
210 213 
212 246 
212 461 
213 312 
213 473 
214 259 
214 342 
214 386 
214 420 
214 486 
215 424 
216 407 
218 220 
218 413 
219 314 
219 321 
219 330 
219 339 
219 352 
219 407 
219 449 
219 480 
221 234 
221 272 
221 343 
221 398 
221 408 
222 263 
222 351 
223 231 
223 240 
223 246 
223 335 
223 445 
223 492 
224 297 
226 271 
226 304 
226 318 
226 332 
227 259 
227 372 
228 260 
228 433 
230 299 
230 373 
230 434 
231 343 
232 242 
233 287 
233 291 
233 347 
233 376 
233 381 
234 393 
234 460 
235 318 
237 288 
237 328 
237 341 
237 456 
240 253 
240 337 
240 395 
241 452 
242 260 
242 285 
242 340 
242 408 
242 439 
244 485 
244 496 
245 367 
245 499 
247 454 
247 455 
248 385 
248 432 
249 298 
249 370 
250 336 
250 376 
250 463 
251 254 
251 277 
252 333 
252 437 
253 274 
253 335 
254 275 
254 305 
254 307 
254 405 
254 466 
256 441 
257 483 
258 429 
261 324 
262 367 
262 458 
263 413 
263 416 
263 443 
264 295 
265 418 
266 279 
266 418 
266 489 
269 322 
269 421 
270 338 
271 300 
271 399 
272 340 
273 447 
275 340 
275 440 
275 446 
275 468 
277 279 
277 420 
282 425 
282 470 
283 380 
285 295 
287 414 
288 306 
289 364 
290 422 
291 336 
291 370 
292 303 
292 444 
295 329 
295 448 
296 357 
297 304 
298 442 
298 451 
302 310 
304 383 
304 434 
306 405 
309 465 
311 406 
312 354 
312 412 
314 331 
315 348 
315 450 
316 438 
320 347 
320 356 
323 349 
323 368 
324 433 
325 382 
325 483 
326 344 
328 377 
329 471 
332 474 
338 363 
338 375 
340 459 
344 475 
345 349 
345 389 
346 401 
346 469 
348 390 
353 494 
355 478 
361 495 
362 466 
363 422 
363 431 
365 466 
366 394 
369 371 
371 425 
371 478 
372 376 
372 479 
373 492 
374 397 
375 446 
376 423 
376 429 
378 423 
380 480 
382 489 
384 439 
385 462 
385 492 
387 426 
391 393 
391 433 
395 457 
397 490 
400 490 
401 419 
403 427 
404 449 
407 469 
408 435 
409 415 
410 475 
414 424 
415 495 
418 449 
419 489 
420 497 
422 484 
423 465 
427 435 
428 441 
430 459 
430 485 
431 435 
435 497 
441 454 
467 484 
471 498 
