false
false
500
1988
0 1 
0 3 
0 4 
0 5 
0 6 
0 7 
0 8 
0 12 
0 13 
0 45 
0 51 
0 56 
0 60 
0 66 
0 69 
0 73 
0 79 
0 81 
0 91 
0 92 
0 93 
0 107 
0 109 
0 110 
0 125 
0 126 
0 143 
0 148 
0 149 
0 151 
0 157 
0 160 
0 178 
0 181 
0 186 
0 192 
0 234 
0 235 
0 255 
0 261 
0 284 
0 296 
0 299 
0 301 
0 333 
0 336 
0 338 
0 349 
0 358 
0 368 
0 371 
0 398 
0 404 
0 413 
0 416 
0 418 
0 424 
0 431 
0 441 
0 460 
0 483 
0 491 
1 2 
1 4 
1 7 
1 9 
1 10 
1 11 
1 17 
1 21 
1 24 
1 26 
1 40 
1 41 
1 45 
1 48 
1 53 
1 54 
1 57 
1 61 
1 63 
1 75 
1 80 
1 81 
1 99 
1 106 
1 108 
1 112 
1 117 
1 118 
1 120 
1 131 
1 138 
1 147 
1 154 
1 156 
1 157 
1 160 
1 162 
1 167 
1 185 
1 189 
1 199 
1 221 
1 222 
1 239 
1 246 
1 249 
1 260 
1 270 
1 271 
1 276 
1 277 
1 323 
1 356 
1 372 
1 386 
1 409 
1 435 
1 443 
1 451 
1 452 
1 486 
2 3 
2 4 
2 5 
2 6 
2 9 
2 12 
2 13 
2 17 
2 22 
2 23 
2 25 
2 27 
2 28 
2 35 
2 36 
2 61 
2 71 
2 104 
2 108 
2 137 
2 165 
2 229 
2 234 
2 284 
2 292 
2 318 
2 338 
2 353 
2 361 
2 365 
2 374 
2 375 
2 385 
2 417 
2 419 
2 450 
3 4 
3 5 
3 10 
3 11 
3 13 
3 14 
3 15 
3 16 
3 20 
3 21 
3 22 
3 23 
3 26 
3 28 
3 30 
3 37 
3 46 
3 47 
3 48 
3 49 
3 52 
3 53 
3 54 
3 58 
3 60 
3 61 
3 64 
3 67 
3 69 
3 71 
3 82 
3 85 
3 88 
3 97 
3 98 
3 102 
3 109 
3 111 
3 116 
3 119 
3 122 
3 126 
3 134 
3 136 
3 138 
3 144 
3 150 
3 162 
3 169 
3 199 
3 202 
3 205 
3 206 
3 207 
3 208 
3 214 
3 218 
3 221 
3 224 
3 230 
3 237 
3 244 
3 248 
3 267 
3 272 
3 273 
3 283 
3 286 
3 292 
3 293 
3 314 
3 336 
3 359 
3 361 
3 368 
3 374 
3 380 
3 409 
3 421 
3 435 
3 436 
3 438 
3 478 
3 481 
4 5 
4 6 
4 7 
4 8 
4 9 
4 11 
4 12 
4 19 
4 21 
4 22 
4 24 
4 25 
4 28 
4 30 
4 36 
4 37 
4 43 
4 45 
4 49 
4 52 
4 54 
4 64 
4 67 
4 68 
4 73 
4 87 
4 89 
4 91 
4 94 
4 96 
4 99 
4 120 
4 121 
4 122 
4 125 
4 127 
4 128 
4 130 
4 137 
4 150 
4 156 
4 162 
4 163 
4 166 
4 168 
4 180 
4 203 
4 213 
4 215 
4 220 
4 243 
4 251 
4 255 
4 268 
4 277 
4 291 
4 299 
4 309 
4 311 
4 323 
4 346 
4 347 
4 351 
4 357 
4 359 
4 397 
4 405 
4 406 
4 424 
4 428 
4 438 
4 444 
4 462 
4 472 
4 476 
5 6 
5 7 
5 8 
5 9 
5 10 
5 14 
5 15 
5 16 
5 17 
5 20 
5 21 
5 28 
5 32 
5 37 
5 38 
5 40 
5 44 
5 48 
5 60 
5 68 
5 81 
5 85 
5 90 
5 94 
5 95 
5 113 
5 119 
5 120 
5 150 
5 174 
5 188 
5 192 
5 194 
5 204 
5 214 
5 218 
5 229 
5 233 
5 245 
5 278 
5 311 
5 332 
5 359 
5 372 
5 437 
5 451 
5 465 
5 480 
5 489 
6 14 
6 15 
6 22 
6 29 
6 31 
6 32 
6 33 
6 40 
6 59 
6 63 
6 76 
6 77 
6 84 
6 97 
6 105 
6 126 
6 134 
6 140 
6 167 
6 177 
6 203 
6 212 
6 227 
6 280 
6 288 
6 292 
6 300 
6 308 
6 325 
6 390 
6 432 
6 445 
6 457 
6 488 
6 489 
7 8 
7 19 
7 20 
7 23 
7 31 
7 32 
7 36 
7 41 
7 46 
7 61 
7 68 
7 76 
7 78 
7 80 
7 92 
7 103 
7 105 
7 120 
7 121 
7 129 
7 145 
7 171 
7 209 
7 259 
7 267 
7 272 
7 296 
7 300 
7 306 
7 308 
7 312 
7 345 
7 375 
7 420 
7 429 
7 463 
8 11 
8 13 
8 14 
8 18 
8 19 
8 27 
8 32 
8 39 
8 42 
8 55 
8 56 
8 57 
8 58 
8 59 
8 63 
8 65 
8 67 
8 72 
8 78 
8 83 
8 88 
8 101 
8 102 
8 115 
8 121 
8 132 
8 179 
8 180 
8 184 
8 193 
8 195 
8 198 
8 220 
8 225 
8 253 
8 260 
8 273 
8 283 
8 323 
8 329 
8 344 
8 349 
8 365 
8 366 
8 370 
8 377 
8 384 
8 404 
8 413 
8 418 
8 445 
8 466 
8 469 
9 10 
9 18 
9 29 
9 30 
9 38 
9 56 
9 78 
9 116 
9 144 
9 159 
9 206 
9 218 
9 219 
9 237 
9 281 
9 317 
9 365 
9 411 
9 426 
9 430 
9 441 
9 460 
10 12 
10 15 
10 18 
10 19 
10 20 
10 27 
10 33 
10 39 
10 44 
10 55 
10 77 
10 85 
10 116 
10 134 
10 169 
10 209 
10 210 
10 268 
10 301 
10 352 
10 403 
10 474 
10 475 
11 42 
11 63 
11 148 
11 159 
11 165 
11 171 
11 201 
11 225 
11 282 
11 296 
11 335 
11 387 
12 31 
12 35 
12 40 
12 56 
12 85 
12 99 
12 142 
12 182 
12 185 
12 219 
12 297 
12 327 
12 388 
13 33 
13 34 
13 43 
13 65 
13 77 
13 81 
13 91 
13 94 
13 127 
13 158 
13 171 
13 175 
13 202 
13 231 
13 258 
13 408 
14 16 
14 26 
14 34 
14 50 
14 62 
14 74 
14 109 
14 111 
14 144 
14 156 
14 177 
14 184 
14 187 
14 214 
14 222 
14 227 
14 251 
14 262 
14 290 
14 301 
14 303 
14 314 
14 316 
14 347 
14 362 
14 369 
14 372 
14 399 
14 466 
14 477 
15 16 
15 17 
15 18 
15 51 
15 135 
15 173 
15 259 
15 265 
15 304 
15 446 
15 480 
15 495 
16 38 
16 138 
16 212 
16 382 
16 402 
16 449 
17 24 
17 25 
17 29 
17 30 
17 34 
17 47 
17 50 
17 53 
17 100 
17 132 
17 136 
17 219 
17 231 
17 282 
17 294 
17 310 
17 379 
17 391 
17 484 
17 488 
18 78 
19 23 
19 33 
19 35 
19 88 
19 106 
19 123 
19 137 
19 141 
19 160 
19 191 
19 208 
19 324 
19 357 
19 388 
19 393 
19 457 
19 485 
19 495 
20 52 
20 110 
20 163 
20 238 
20 253 
20 330 
20 363 
20 385 
20 389 
20 458 
20 479 
21 35 
21 42 
21 57 
21 96 
21 111 
21 112 
21 158 
21 257 
21 261 
21 279 
21 291 
21 373 
21 433 
22 25 
22 41 
22 46 
22 48 
22 59 
22 73 
22 89 
22 90 
22 101 
22 110 
22 140 
22 156 
22 164 
22 170 
22 176 
22 181 
22 183 
22 190 
22 200 
22 211 
22 213 
22 238 
22 252 
22 317 
22 328 
22 355 
22 364 
22 423 
22 425 
22 469 
22 481 
23 24 
23 26 
23 31 
23 62 
23 66 
23 98 
23 117 
23 207 
23 228 
23 324 
23 340 
23 349 
23 375 
23 404 
23 441 
23 469 
24 29 
24 34 
24 39 
24 42 
24 58 
24 77 
24 88 
24 103 
24 128 
24 133 
24 135 
24 161 
24 173 
24 191 
24 222 
24 223 
24 244 
24 257 
24 289 
24 317 
24 355 
24 376 
24 427 
24 432 
25 27 
25 37 
25 45 
25 47 
25 50 
25 65 
25 68 
25 79 
25 84 
25 93 
25 95 
25 98 
25 113 
25 114 
25 116 
25 124 
25 129 
25 139 
25 141 
25 170 
25 205 
25 240 
25 263 
25 276 
25 288 
25 320 
25 331 
25 332 
25 341 
25 464 
25 481 
25 494 
26 36 
26 57 
26 72 
26 82 
26 145 
26 155 
26 191 
26 223 
26 257 
26 331 
26 371 
26 397 
27 44 
27 256 
27 361 
28 124 
28 164 
28 177 
28 198 
28 270 
28 360 
28 366 
28 367 
28 400 
28 478 
29 105 
29 154 
29 181 
29 194 
29 198 
29 258 
29 270 
29 342 
29 344 
29 476 
30 39 
30 70 
30 143 
31 38 
31 51 
31 55 
31 67 
31 80 
31 93 
31 107 
31 130 
31 236 
31 258 
31 265 
31 344 
31 374 
31 407 
32 74 
32 100 
32 262 
32 319 
32 433 
33 62 
33 69 
33 84 
33 95 
33 96 
33 277 
33 363 
33 467 
33 475 
33 478 
33 488 
34 41 
34 49 
34 66 
34 127 
34 192 
34 247 
34 295 
34 329 
35 159 
35 208 
35 352 
35 482 
36 46 
36 66 
36 71 
36 109 
36 140 
36 142 
36 170 
36 178 
36 181 
36 189 
36 195 
36 205 
36 229 
36 232 
36 243 
36 250 
36 277 
36 302 
36 305 
36 309 
36 310 
36 358 
36 378 
36 400 
36 421 
36 440 
36 456 
37 43 
37 51 
37 62 
37 92 
37 94 
37 98 
37 100 
37 107 
37 123 
37 130 
37 176 
37 182 
37 245 
37 300 
37 315 
37 387 
37 394 
37 439 
37 453 
38 50 
38 59 
38 64 
38 103 
38 146 
38 154 
38 184 
38 186 
38 217 
38 235 
38 266 
38 268 
38 279 
38 288 
38 319 
38 322 
38 343 
38 353 
38 358 
38 422 
38 445 
38 487 
39 55 
39 101 
39 104 
39 115 
39 125 
39 129 
39 132 
39 152 
39 239 
39 254 
39 267 
39 281 
39 303 
39 313 
39 395 
39 407 
39 435 
39 436 
40 71 
40 74 
40 107 
40 141 
40 195 
40 221 
40 241 
40 380 
40 396 
40 427 
40 470 
41 43 
41 80 
41 89 
41 147 
41 235 
41 390 
41 400 
41 456 
42 44 
42 53 
42 72 
42 96 
42 97 
42 99 
42 163 
42 224 
42 233 
42 337 
42 340 
42 434 
43 87 
43 90 
43 104 
43 117 
43 176 
43 179 
43 379 
43 419 
44 70 
44 82 
44 89 
44 128 
44 146 
44 150 
44 183 
44 228 
44 266 
44 283 
44 284 
44 294 
44 297 
45 47 
45 69 
45 74 
45 83 
45 114 
45 115 
45 118 
45 179 
45 223 
45 310 
45 312 
45 380 
45 393 
45 420 
45 427 
45 454 
46 49 
46 54 
46 58 
46 75 
46 108 
46 112 
46 138 
46 158 
46 197 
46 200 
46 220 
46 326 
46 392 
46 451 
46 452 
47 158 
47 384 
47 415 
48 131 
48 226 
48 334 
49 52 
49 84 
49 125 
49 252 
49 384 
50 76 
50 86 
50 102 
50 123 
50 135 
50 163 
50 266 
50 324 
50 328 
50 366 
50 425 
51 133 
51 196 
51 320 
51 400 
52 170 
52 214 
52 452 
53 105 
53 132 
53 221 
53 308 
53 395 
53 468 
54 65 
54 186 
54 261 
54 307 
54 424 
54 436 
55 111 
55 304 
55 351 
55 354 
56 79 
56 92 
56 102 
56 212 
56 329 
56 437 
56 491 
57 60 
57 151 
57 256 
57 381 
57 431 
57 497 
58 64 
58 70 
58 106 
58 131 
58 145 
58 157 
58 306 
58 313 
58 395 
58 408 
58 470 
58 479 
59 72 
59 73 
59 83 
59 114 
59 135 
59 177 
59 183 
59 185 
59 242 
59 334 
59 376 
59 383 
59 391 
60 90 
60 145 
60 239 
60 249 
61 75 
61 330 
61 394 
62 103 
62 114 
62 119 
62 137 
62 240 
62 405 
62 499 
63 76 
63 134 
63 153 
63 172 
63 179 
63 215 
63 250 
63 462 
64 70 
64 82 
64 83 
64 121 
64 143 
64 207 
64 343 
64 447 
66 178 
66 189 
66 235 
66 330 
66 418 
66 434 
66 485 
67 126 
68 75 
68 87 
68 113 
68 215 
68 298 
68 371 
68 496 
69 86 
69 93 
69 143 
69 155 
69 183 
69 209 
69 425 
69 448 
70 91 
70 128 
70 180 
70 211 
70 269 
70 409 
70 494 
71 196 
71 225 
71 339 
71 391 
72 275 
72 302 
72 440 
73 299 
73 411 
73 487 
74 101 
74 180 
74 315 
74 375 
74 498 
75 86 
75 274 
76 79 
76 86 
76 108 
76 153 
76 187 
76 265 
76 269 
76 273 
76 325 
76 350 
76 393 
77 188 
77 202 
77 445 
77 486 
78 113 
78 161 
78 172 
78 239 
78 485 
79 118 
79 159 
79 173 
79 193 
79 278 
79 282 
79 480 
80 97 
80 129 
80 165 
80 202 
80 244 
81 149 
81 302 
81 337 
81 366 
81 410 
82 133 
82 174 
83 155 
83 216 
83 227 
83 268 
83 321 
83 339 
83 376 
83 453 
84 100 
84 286 
84 470 
84 492 
85 154 
85 234 
85 284 
86 87 
86 152 
86 162 
86 191 
86 314 
86 337 
86 392 
87 139 
87 264 
87 271 
87 278 
87 304 
88 95 
88 193 
88 199 
88 232 
88 319 
88 343 
88 372 
88 405 
88 463 
88 472 
89 139 
89 142 
89 168 
89 196 
89 205 
89 223 
89 228 
89 230 
89 237 
89 250 
89 325 
89 331 
89 499 
90 241 
91 211 
91 255 
91 412 
91 461 
92 115 
92 164 
92 369 
92 456 
93 112 
93 172 
93 236 
93 312 
93 315 
93 392 
94 222 
94 491 
95 146 
95 321 
96 106 
96 130 
96 152 
96 217 
96 226 
96 227 
96 242 
96 274 
96 298 
96 326 
96 373 
96 377 
96 433 
96 455 
97 166 
97 168 
97 367 
97 431 
97 477 
98 124 
98 149 
98 161 
98 349 
98 364 
98 432 
98 477 
99 122 
99 140 
99 160 
99 197 
99 213 
99 275 
100 104 
100 136 
100 175 
100 238 
100 246 
100 315 
100 398 
100 485 
101 122 
101 390 
101 439 
102 155 
102 197 
103 201 
103 320 
104 123 
104 127 
104 147 
104 148 
104 192 
104 213 
104 243 
104 276 
104 287 
104 327 
104 338 
104 471 
104 474 
104 484 
104 495 
105 489 
106 117 
106 492 
107 432 
107 479 
109 110 
109 265 
110 257 
110 351 
110 439 
110 467 
111 141 
111 194 
111 204 
111 259 
112 153 
112 275 
112 293 
112 369 
112 371 
112 460 
113 151 
113 182 
114 119 
114 131 
114 173 
114 175 
114 291 
114 347 
114 353 
114 370 
114 459 
114 474 
114 481 
115 118 
115 124 
115 136 
115 139 
115 168 
115 185 
115 200 
115 254 
115 287 
115 420 
116 217 
116 247 
116 264 
116 322 
116 465 
116 479 
117 414 
118 146 
118 209 
118 238 
118 240 
118 250 
118 363 
118 415 
118 423 
118 430 
118 455 
118 472 
119 237 
120 188 
120 197 
120 240 
120 274 
120 360 
120 362 
120 452 
120 460 
120 474 
120 490 
121 243 
121 255 
121 356 
121 459 
122 152 
122 188 
122 190 
122 204 
122 216 
122 225 
122 279 
122 322 
122 446 
123 144 
123 203 
123 271 
123 290 
123 297 
123 316 
123 324 
123 475 
123 498 
124 251 
124 307 
125 187 
125 253 
125 290 
125 311 
125 373 
125 388 
126 147 
126 252 
126 253 
126 264 
126 276 
126 379 
126 484 
126 488 
127 133 
127 262 
127 281 
127 318 
127 408 
127 414 
127 429 
127 471 
128 164 
128 224 
128 381 
129 151 
129 186 
129 422 
129 447 
129 487 
130 148 
130 157 
130 165 
130 166 
130 187 
130 200 
130 345 
130 437 
131 142 
131 212 
132 249 
132 273 
132 278 
132 354 
132 412 
132 462 
133 218 
133 389 
133 407 
134 169 
134 172 
134 174 
134 217 
134 383 
134 416 
134 466 
135 455 
136 176 
136 236 
136 247 
136 439 
136 477 
136 484 
137 229 
137 289 
137 292 
138 199 
138 350 
138 433 
139 149 
139 167 
139 233 
139 299 
139 329 
139 332 
139 384 
139 465 
141 189 
141 341 
142 210 
142 231 
142 335 
143 210 
143 249 
143 348 
143 396 
144 252 
144 368 
146 203 
146 248 
146 264 
147 459 
148 442 
148 443 
149 153 
149 167 
149 175 
149 291 
149 330 
149 351 
150 226 
150 364 
150 386 
150 468 
151 342 
152 216 
152 244 
154 211 
155 166 
155 190 
155 462 
156 161 
156 182 
156 190 
156 220 
156 458 
157 178 
157 298 
158 285 
158 293 
158 393 
159 171 
159 236 
159 254 
160 336 
160 411 
160 490 
160 493 
161 298 
162 204 
162 261 
162 434 
162 461 
163 194 
163 206 
163 269 
163 378 
163 448 
164 169 
164 174 
164 259 
164 271 
164 382 
165 184 
165 224 
165 254 
166 297 
166 431 
167 201 
167 263 
167 295 
167 383 
168 258 
168 463 
168 482 
169 399 
169 494 
170 247 
170 348 
171 195 
171 210 
171 281 
171 327 
171 342 
172 234 
172 305 
172 313 
172 428 
172 454 
173 394 
174 285 
174 307 
174 404 
175 201 
175 230 
175 361 
176 444 
177 270 
177 326 
177 383 
178 232 
178 275 
178 280 
178 346 
178 497 
179 260 
179 410 
180 193 
180 245 
180 448 
181 207 
181 246 
181 387 
181 403 
182 267 
182 399 
182 425 
183 198 
183 283 
183 287 
183 301 
183 379 
183 381 
184 226 
184 367 
184 470 
184 480 
185 357 
186 242 
186 334 
187 430 
188 196 
188 219 
188 285 
188 358 
188 415 
188 416 
188 435 
190 303 
190 402 
191 294 
191 319 
191 323 
191 428 
191 450 
191 496 
192 215 
193 208 
193 313 
193 347 
193 389 
193 423 
195 248 
196 230 
196 385 
196 469 
197 325 
197 344 
197 468 
198 246 
198 274 
199 287 
199 359 
200 263 
200 377 
201 206 
201 302 
201 340 
201 382 
201 449 
202 407 
204 354 
204 356 
205 308 
205 333 
205 413 
206 233 
206 300 
206 306 
206 352 
206 381 
207 251 
207 280 
208 241 
209 288 
210 232 
210 260 
210 403 
210 415 
210 426 
210 444 
211 248 
211 269 
211 392 
211 410 
212 263 
212 334 
212 446 
213 216 
213 304 
213 305 
213 317 
213 333 
213 446 
213 448 
214 272 
217 231 
217 262 
217 419 
217 466 
218 386 
219 338 
219 377 
220 316 
220 337 
221 290 
221 464 
222 228 
222 280 
223 256 
223 294 
223 320 
223 396 
223 398 
225 279 
225 455 
225 473 
227 353 
228 272 
228 326 
231 241 
231 295 
231 341 
231 421 
231 430 
231 467 
232 310 
232 417 
233 340 
233 408 
233 473 
234 346 
235 266 
235 397 
236 368 
237 306 
238 245 
238 493 
239 242 
239 442 
240 409 
240 453 
241 305 
241 499 
242 401 
242 416 
242 495 
244 461 
247 464 
248 295 
249 256 
249 289 
249 314 
249 399 
249 465 
250 286 
250 296 
250 348 
250 356 
250 374 
250 380 
250 414 
250 437 
251 312 
251 382 
252 496 
253 285 
253 321 
254 282 
255 293 
255 309 
255 434 
256 335 
257 328 
260 289 
260 332 
260 336 
261 412 
263 482 
264 343 
265 438 
270 311 
270 322 
270 362 
270 473 
271 421 
272 450 
273 331 
273 378 
273 398 
273 456 
274 442 
274 444 
275 471 
275 498 
276 360 
276 412 
276 417 
277 422 
277 443 
279 483 
280 286 
280 411 
281 318 
281 327 
281 363 
282 454 
283 303 
283 307 
283 424 
283 482 
284 426 
288 373 
289 341 
290 316 
291 350 
291 428 
291 450 
291 459 
292 410 
292 414 
293 346 
295 309 
295 339 
295 345 
295 362 
295 426 
295 449 
296 335 
296 401 
298 405 
298 422 
302 369 
303 388 
303 499 
304 321 
304 333 
304 345 
304 367 
305 494 
306 318 
306 387 
306 395 
307 350 
308 339 
309 328 
309 403 
309 467 
310 352 
312 389 
312 390 
314 457 
315 355 
315 394 
315 406 
316 476 
319 355 
319 436 
321 401 
321 427 
327 493 
330 342 
330 364 
331 348 
332 354 
332 396 
332 458 
332 472 
334 476 
334 493 
335 441 
335 487 
336 406 
338 486 
340 471 
342 419 
343 483 
345 406 
348 463 
349 357 
349 391 
349 461 
350 429 
350 453 
352 401 
354 386 
354 423 
356 458 
357 365 
358 360 
358 370 
359 413 
361 417 
365 376 
366 438 
368 370 
369 418 
370 397 
370 447 
373 378 
373 385 
375 440 
376 454 
377 497 
379 490 
386 492 
389 402 
389 451 
390 457 
391 402 
395 449 
396 440 
398 475 
400 429 
403 497 
405 420 
412 490 
413 486 
414 492 
419 443 
425 489 
432 483 
433 468 
436 442 
437 447 
438 478 
441 473 
448 491 
449 464 
451 498 
463 496 
