false
false
500
1988
0 1 
0 3 
0 4 
0 5 
0 7 
0 23 
0 27 
0 32 
0 36 
0 47 
0 51 
0 53 
0 58 
0 62 
0 64 
0 69 
0 80 
0 82 
0 91 
0 99 
0 122 
0 129 
0 130 
0 147 
0 153 
0 161 
0 174 
0 175 
0 179 
0 198 
0 217 
0 232 
0 239 
0 241 
0 252 
0 255 
0 258 
0 275 
0 281 
0 311 
0 315 
0 338 
0 342 
0 357 
0 376 
0 379 
0 390 
0 418 
0 446 
0 475 
0 476 
0 482 
0 494 
1 2 
1 4 
1 5 
1 6 
1 9 
1 13 
1 15 
1 16 
1 17 
1 18 
1 22 
1 23 
1 25 
1 28 
1 31 
1 40 
1 49 
1 63 
1 81 
1 95 
1 111 
1 133 
1 141 
1 163 
1 188 
1 193 
1 202 
1 205 
1 208 
1 213 
1 251 
1 265 
1 269 
1 302 
1 308 
1 321 
1 340 
1 362 
1 376 
1 385 
1 398 
1 399 
1 428 
1 430 
1 444 
1 453 
1 458 
1 473 
1 494 
2 3 
2 4 
2 5 
2 7 
2 13 
2 15 
2 20 
2 30 
2 37 
2 48 
2 57 
2 68 
2 90 
2 108 
2 112 
2 164 
2 201 
2 213 
2 225 
2 226 
2 247 
2 258 
2 262 
2 263 
2 268 
2 276 
2 277 
2 316 
2 349 
3 4 
3 6 
3 7 
3 8 
3 10 
3 12 
3 14 
3 15 
3 20 
3 24 
3 25 
3 26 
3 30 
3 33 
3 36 
3 38 
3 39 
3 50 
3 51 
3 56 
3 65 
3 66 
3 68 
3 70 
3 75 
3 87 
3 98 
3 103 
3 105 
3 112 
3 114 
3 115 
3 119 
3 125 
3 146 
3 150 
3 152 
3 166 
3 168 
3 169 
3 183 
3 188 
3 224 
3 225 
3 245 
3 246 
3 250 
3 256 
3 305 
3 306 
3 348 
3 370 
3 373 
3 379 
3 411 
3 422 
3 427 
3 438 
3 466 
4 5 
4 6 
4 7 
4 8 
4 9 
4 11 
4 12 
4 16 
4 18 
4 19 
4 24 
4 26 
4 32 
4 34 
4 38 
4 39 
4 40 
4 42 
4 47 
4 49 
4 50 
4 52 
4 54 
4 56 
4 57 
4 67 
4 73 
4 77 
4 78 
4 81 
4 85 
4 89 
4 92 
4 99 
4 106 
4 111 
4 114 
4 121 
4 128 
4 132 
4 136 
4 144 
4 155 
4 166 
4 168 
4 183 
4 192 
4 202 
4 205 
4 206 
4 209 
4 217 
4 226 
4 228 
4 241 
4 247 
4 256 
4 258 
4 267 
4 269 
4 272 
4 279 
4 295 
4 302 
4 306 
4 352 
4 379 
4 391 
4 417 
4 418 
4 425 
4 428 
4 434 
4 451 
4 456 
4 458 
4 479 
4 490 
4 493 
5 6 
5 8 
5 10 
5 13 
5 14 
5 19 
5 21 
5 25 
5 28 
5 29 
5 31 
5 35 
5 43 
5 46 
5 56 
5 59 
5 61 
5 66 
5 78 
5 82 
5 84 
5 88 
5 94 
5 95 
5 129 
5 136 
5 138 
5 139 
5 140 
5 141 
5 152 
5 161 
5 164 
5 178 
5 185 
5 198 
5 214 
5 215 
5 230 
5 245 
5 250 
5 275 
5 305 
5 306 
5 325 
5 340 
5 368 
5 373 
5 389 
5 393 
5 394 
5 415 
5 423 
5 424 
5 442 
5 451 
5 476 
6 11 
6 12 
6 20 
6 26 
6 29 
6 32 
6 41 
6 73 
6 84 
6 89 
6 94 
6 100 
6 133 
6 140 
6 142 
6 158 
6 160 
6 196 
6 231 
6 236 
6 246 
6 255 
6 276 
6 303 
6 308 
6 309 
6 326 
6 328 
6 329 
6 348 
6 356 
6 388 
6 395 
6 398 
6 407 
6 426 
6 443 
6 457 
6 477 
7 8 
7 9 
7 10 
7 11 
7 12 
7 15 
7 17 
7 18 
7 19 
7 20 
7 21 
7 22 
7 24 
7 25 
7 26 
7 28 
7 33 
7 35 
7 45 
7 46 
7 49 
7 50 
7 53 
7 55 
7 61 
7 73 
7 79 
7 83 
7 86 
7 101 
7 105 
7 106 
7 116 
7 121 
7 124 
7 125 
7 131 
7 135 
7 142 
7 150 
7 152 
7 153 
7 154 
7 156 
7 157 
7 166 
7 167 
7 170 
7 171 
7 184 
7 189 
7 190 
7 204 
7 210 
7 218 
7 220 
7 223 
7 233 
7 243 
7 252 
7 260 
7 262 
7 270 
7 274 
7 279 
7 285 
7 297 
7 304 
7 312 
7 339 
7 345 
7 348 
7 360 
7 364 
7 365 
7 380 
7 412 
7 420 
7 443 
7 494 
7 496 
8 9 
8 16 
8 17 
8 21 
8 23 
8 30 
8 41 
8 57 
8 107 
8 110 
8 113 
8 117 
8 120 
8 125 
8 134 
8 137 
8 161 
8 188 
8 237 
8 244 
8 253 
8 278 
8 291 
8 295 
8 299 
8 317 
8 324 
8 360 
8 363 
8 390 
8 408 
8 430 
8 464 
8 468 
8 497 
9 10 
9 22 
9 28 
9 29 
9 32 
9 37 
9 39 
9 42 
9 44 
9 47 
9 71 
9 80 
9 88 
9 89 
9 107 
9 108 
9 136 
9 137 
9 162 
9 210 
9 213 
9 235 
9 244 
9 246 
9 251 
9 266 
9 270 
9 272 
9 286 
9 299 
9 322 
9 342 
9 384 
9 449 
9 478 
10 11 
10 17 
10 19 
10 36 
10 37 
10 59 
10 135 
10 148 
10 162 
10 222 
10 295 
10 305 
10 322 
10 325 
10 467 
11 13 
11 14 
11 124 
11 127 
11 154 
11 170 
11 181 
11 258 
11 410 
11 418 
11 419 
12 14 
12 16 
12 85 
12 126 
12 134 
12 146 
12 147 
12 248 
12 267 
12 273 
12 284 
12 359 
12 410 
12 468 
13 21 
13 27 
13 31 
13 34 
13 45 
13 65 
13 84 
13 98 
13 123 
13 127 
13 128 
13 138 
13 145 
13 148 
13 156 
13 160 
13 209 
13 211 
13 220 
13 250 
13 261 
13 290 
13 316 
13 474 
14 54 
14 61 
14 74 
14 149 
14 186 
14 283 
14 293 
14 392 
14 416 
15 22 
15 31 
15 38 
15 49 
15 64 
15 91 
15 138 
15 156 
15 172 
15 209 
15 251 
15 351 
15 369 
15 417 
16 18 
16 29 
16 40 
16 94 
16 144 
16 219 
16 268 
16 275 
16 285 
16 468 
16 488 
17 44 
17 54 
17 87 
17 100 
17 148 
17 173 
17 363 
17 387 
17 406 
18 24 
18 27 
18 38 
18 45 
18 75 
18 76 
18 119 
18 121 
18 124 
18 125 
18 135 
18 143 
18 155 
18 165 
18 173 
18 175 
18 200 
18 201 
18 211 
18 212 
18 215 
18 287 
18 288 
18 290 
18 401 
18 404 
18 451 
19 52 
19 78 
19 82 
19 153 
19 250 
19 254 
19 271 
19 392 
19 491 
19 499 
20 48 
20 51 
20 58 
20 60 
20 72 
20 88 
20 90 
20 109 
20 151 
20 286 
20 311 
20 402 
20 413 
21 23 
21 33 
21 40 
21 76 
21 86 
21 141 
21 157 
21 231 
21 282 
21 315 
21 346 
22 50 
22 70 
22 83 
22 102 
22 104 
22 112 
22 123 
22 138 
22 213 
22 239 
22 248 
22 249 
22 252 
22 257 
22 261 
22 285 
22 319 
22 338 
22 400 
22 428 
22 456 
22 481 
23 36 
23 42 
23 43 
23 48 
23 58 
23 79 
23 88 
23 195 
23 248 
23 268 
23 300 
23 322 
23 350 
23 355 
23 371 
23 434 
23 478 
24 27 
24 35 
24 41 
24 46 
24 53 
24 62 
24 63 
24 72 
24 79 
24 85 
24 93 
24 97 
24 133 
24 159 
24 178 
24 184 
24 193 
24 203 
24 222 
24 229 
24 230 
24 231 
24 253 
24 255 
24 262 
24 287 
24 347 
24 362 
24 381 
24 388 
24 399 
24 402 
24 436 
24 454 
24 458 
24 461 
24 493 
25 30 
25 46 
25 47 
25 58 
25 129 
25 141 
25 168 
25 193 
25 223 
25 324 
25 339 
25 357 
25 405 
25 412 
25 447 
25 479 
25 492 
26 34 
26 66 
26 76 
26 99 
26 105 
26 252 
26 279 
26 281 
26 446 
26 499 
27 34 
27 39 
27 54 
27 64 
27 71 
27 82 
27 90 
27 109 
27 115 
27 120 
27 151 
27 194 
27 227 
27 263 
27 284 
27 296 
27 314 
27 352 
27 379 
27 397 
27 460 
27 481 
28 43 
28 101 
28 106 
28 114 
28 117 
28 159 
28 160 
28 169 
28 181 
28 196 
28 341 
28 357 
28 408 
28 419 
29 33 
29 48 
29 62 
29 65 
29 77 
29 104 
29 117 
29 133 
29 189 
29 194 
29 259 
29 343 
29 381 
29 430 
29 496 
30 92 
30 143 
30 184 
30 298 
31 41 
31 44 
31 59 
31 67 
31 93 
31 95 
31 110 
31 158 
31 182 
31 206 
31 223 
31 450 
31 455 
31 465 
31 494 
32 55 
32 83 
32 118 
32 222 
32 307 
32 358 
32 393 
32 463 
32 498 
33 35 
33 52 
33 60 
33 66 
33 73 
33 96 
33 154 
33 247 
33 371 
34 93 
34 113 
34 129 
34 187 
34 196 
34 199 
34 208 
34 265 
34 267 
34 289 
34 328 
34 359 
34 378 
34 409 
34 472 
35 90 
35 97 
35 98 
35 110 
35 122 
35 137 
35 139 
35 186 
35 203 
35 249 
35 299 
35 303 
35 315 
35 320 
35 361 
35 386 
35 426 
36 37 
36 45 
36 69 
36 238 
36 248 
36 325 
36 453 
37 42 
37 57 
37 67 
37 74 
37 89 
37 108 
37 124 
37 147 
37 171 
37 192 
37 303 
37 335 
37 353 
37 383 
37 440 
38 52 
38 69 
38 91 
38 102 
38 109 
38 122 
38 132 
38 156 
38 232 
38 240 
38 333 
38 366 
38 400 
38 405 
38 444 
39 55 
39 79 
39 121 
39 169 
39 337 
40 55 
40 62 
40 68 
40 113 
40 139 
40 334 
40 380 
40 409 
40 460 
41 43 
41 44 
41 68 
41 74 
41 75 
41 84 
41 101 
41 116 
41 142 
41 165 
41 176 
41 191 
41 200 
41 245 
41 259 
41 261 
41 269 
41 319 
41 333 
41 339 
41 340 
41 348 
41 351 
41 368 
41 373 
41 447 
41 453 
41 473 
41 482 
41 483 
41 489 
42 51 
42 103 
42 116 
42 131 
42 145 
42 179 
42 212 
42 296 
42 299 
42 367 
42 388 
42 485 
43 59 
43 60 
43 63 
43 70 
43 143 
43 149 
43 242 
43 413 
44 100 
44 473 
44 495 
44 496 
45 70 
45 97 
45 126 
45 237 
46 72 
46 86 
46 193 
46 321 
46 331 
46 398 
46 432 
46 499 
47 65 
47 237 
47 356 
47 431 
47 452 
47 484 
48 56 
48 71 
48 72 
48 85 
48 91 
48 111 
48 118 
48 120 
48 165 
48 173 
48 179 
48 194 
48 217 
48 256 
48 322 
48 332 
48 396 
48 403 
48 413 
49 100 
49 134 
49 179 
49 290 
49 316 
49 356 
49 385 
50 53 
50 355 
50 438 
51 64 
51 69 
51 80 
51 92 
51 131 
51 135 
51 148 
51 158 
51 174 
51 182 
51 195 
51 266 
51 327 
51 448 
52 77 
52 146 
52 174 
52 178 
52 186 
52 203 
52 214 
52 229 
52 264 
52 367 
52 383 
52 433 
52 486 
53 87 
53 96 
53 118 
53 130 
53 176 
53 264 
53 288 
53 366 
53 450 
53 461 
53 495 
54 180 
54 224 
55 61 
55 174 
55 238 
55 433 
55 477 
56 191 
56 197 
56 234 
56 277 
56 318 
56 422 
57 333 
58 67 
58 95 
58 155 
58 207 
58 285 
58 286 
58 288 
58 292 
58 301 
58 409 
58 474 
59 60 
59 71 
59 76 
59 123 
59 128 
59 187 
59 234 
59 280 
59 378 
59 405 
59 459 
60 63 
60 177 
60 221 
60 270 
60 312 
60 358 
61 195 
61 260 
61 326 
61 329 
62 94 
62 102 
62 122 
62 177 
62 189 
62 207 
62 229 
62 230 
62 289 
62 360 
62 369 
62 436 
62 492 
63 103 
63 120 
63 487 
64 96 
64 182 
64 232 
64 374 
64 449 
65 74 
65 143 
65 190 
65 254 
65 449 
66 345 
66 368 
66 387 
66 439 
66 454 
67 195 
67 264 
67 274 
67 364 
67 483 
68 109 
68 151 
68 162 
68 292 
68 439 
68 451 
69 75 
69 318 
70 198 
70 353 
70 395 
71 81 
71 123 
71 147 
71 160 
71 167 
71 181 
71 282 
71 331 
71 335 
71 404 
71 471 
71 487 
72 429 
72 462 
73 87 
73 108 
73 112 
73 132 
73 425 
73 449 
74 78 
74 80 
74 83 
74 93 
74 99 
74 111 
74 126 
74 196 
74 218 
74 220 
74 235 
74 236 
74 240 
74 272 
74 275 
74 284 
74 290 
74 309 
74 313 
74 332 
74 363 
74 414 
74 450 
74 483 
75 280 
75 305 
75 446 
76 77 
76 118 
76 187 
76 218 
76 229 
76 292 
76 332 
76 336 
76 395 
77 81 
77 114 
77 192 
77 312 
77 415 
78 164 
78 180 
78 392 
78 441 
78 475 
79 130 
79 456 
79 467 
80 144 
80 210 
80 312 
80 346 
80 433 
80 435 
80 436 
80 440 
80 465 
80 485 
81 92 
81 103 
81 245 
81 294 
81 364 
81 367 
81 450 
81 491 
82 155 
82 176 
82 210 
83 307 
83 327 
83 377 
83 397 
83 437 
84 86 
84 97 
84 104 
84 161 
84 171 
84 233 
84 262 
84 298 
84 308 
84 327 
84 440 
84 467 
84 477 
85 98 
85 127 
85 145 
85 190 
85 255 
85 287 
85 323 
85 364 
86 96 
86 266 
86 369 
86 370 
87 105 
87 225 
87 394 
87 443 
88 188 
88 247 
88 354 
88 390 
89 139 
89 154 
89 347 
90 115 
90 397 
90 444 
91 110 
91 137 
91 152 
91 172 
91 204 
91 346 
91 377 
92 231 
92 372 
92 490 
92 491 
93 115 
93 187 
93 189 
93 217 
93 311 
93 344 
93 499 
94 119 
94 131 
94 432 
94 489 
95 101 
95 113 
95 388 
96 140 
96 242 
96 310 
96 319 
96 475 
96 497 
97 140 
97 181 
97 185 
97 242 
97 249 
97 276 
97 359 
97 445 
97 485 
98 270 
98 433 
99 102 
99 107 
99 415 
100 157 
100 208 
100 223 
100 243 
100 301 
100 334 
100 430 
101 104 
101 106 
101 116 
101 171 
101 263 
101 321 
101 386 
102 130 
102 136 
102 177 
102 199 
102 206 
102 233 
102 235 
102 304 
102 371 
102 380 
103 128 
103 153 
103 163 
103 306 
103 328 
103 374 
104 132 
104 227 
104 294 
104 313 
104 413 
105 107 
105 173 
105 178 
105 191 
105 283 
105 331 
105 420 
106 119 
106 149 
106 150 
106 180 
106 221 
106 243 
106 347 
106 410 
107 146 
108 159 
108 162 
108 259 
108 261 
108 347 
108 366 
108 376 
108 429 
109 145 
109 199 
109 207 
109 320 
109 343 
110 149 
110 150 
110 167 
112 117 
112 127 
112 164 
112 207 
112 238 
112 350 
112 407 
112 424 
112 498 
113 126 
113 165 
113 378 
113 464 
114 163 
114 236 
114 309 
114 363 
114 377 
114 490 
116 253 
116 313 
116 487 
117 183 
117 212 
117 228 
117 265 
117 453 
118 208 
118 215 
118 219 
118 240 
118 427 
119 172 
119 199 
119 215 
119 257 
119 393 
119 442 
119 480 
120 182 
120 241 
120 447 
121 201 
121 206 
121 265 
121 349 
121 365 
121 396 
122 368 
123 134 
123 172 
123 384 
124 142 
125 228 
125 340 
125 397 
125 489 
126 476 
127 175 
127 274 
127 320 
128 158 
128 327 
128 457 
129 239 
129 343 
129 497 
130 151 
130 218 
130 311 
130 330 
130 391 
130 456 
131 317 
131 333 
131 355 
131 361 
131 419 
132 191 
132 192 
132 194 
132 202 
132 209 
132 288 
132 294 
132 353 
132 373 
132 427 
133 310 
134 244 
134 267 
134 284 
134 336 
134 446 
135 163 
135 437 
135 470 
136 157 
136 168 
136 197 
137 395 
137 416 
138 278 
138 381 
138 493 
139 296 
139 436 
140 216 
140 219 
140 264 
140 298 
140 477 
141 180 
141 280 
141 405 
142 144 
142 200 
142 243 
142 295 
142 318 
142 384 
143 170 
143 222 
143 238 
143 278 
143 380 
143 408 
143 442 
145 197 
145 198 
145 302 
146 167 
146 431 
146 448 
147 344 
147 386 
148 329 
152 176 
152 375 
152 411 
152 437 
152 454 
153 249 
153 308 
153 357 
153 372 
153 444 
154 200 
155 423 
156 159 
156 226 
156 277 
156 466 
156 472 
157 203 
157 226 
158 204 
158 216 
158 224 
158 406 
159 184 
160 166 
160 170 
160 289 
160 341 
160 385 
161 220 
161 233 
161 345 
161 365 
161 469 
161 498 
162 276 
162 407 
163 169 
163 186 
163 205 
163 230 
163 235 
163 260 
163 294 
163 351 
163 445 
164 190 
165 175 
165 234 
165 241 
165 257 
165 435 
166 212 
166 224 
166 396 
167 214 
167 273 
167 304 
167 330 
167 375 
167 421 
168 244 
169 185 
169 221 
169 227 
169 268 
169 282 
169 361 
170 214 
170 216 
171 283 
172 278 
172 297 
172 307 
172 334 
173 183 
173 315 
173 404 
174 197 
174 205 
174 266 
174 293 
174 301 
174 361 
174 391 
174 418 
174 463 
175 260 
175 389 
176 177 
176 289 
177 185 
177 237 
177 365 
177 429 
177 470 
177 491 
178 211 
178 320 
179 323 
179 342 
180 240 
180 274 
181 328 
182 236 
182 318 
182 321 
182 396 
183 297 
183 330 
183 336 
183 344 
183 372 
184 421 
185 272 
185 301 
186 204 
186 440 
187 313 
187 383 
187 403 
188 302 
188 421 
190 293 
190 329 
191 349 
191 374 
192 317 
192 411 
194 201 
194 246 
194 309 
194 341 
195 202 
195 334 
195 447 
196 242 
196 335 
196 461 
198 391 
199 273 
199 371 
199 452 
199 466 
200 304 
200 460 
201 434 
201 454 
202 263 
203 280 
203 317 
203 324 
203 337 
203 426 
204 253 
204 352 
204 372 
205 414 
206 211 
206 219 
206 227 
206 234 
206 325 
206 356 
207 273 
207 282 
208 232 
208 297 
209 216 
209 259 
211 228 
211 251 
211 291 
211 292 
211 382 
211 392 
212 471 
212 480 
213 221 
213 271 
213 314 
213 462 
215 225 
215 279 
215 358 
215 375 
215 382 
215 467 
215 469 
217 445 
218 351 
218 390 
218 425 
218 463 
218 484 
219 350 
219 407 
219 427 
220 239 
220 437 
221 336 
221 492 
222 495 
223 470 
225 269 
225 462 
226 300 
226 417 
228 254 
228 296 
230 256 
231 254 
231 286 
231 370 
232 465 
234 378 
234 394 
234 438 
234 487 
235 353 
235 441 
236 281 
236 283 
239 355 
239 403 
240 271 
240 387 
240 465 
241 271 
241 342 
241 485 
243 307 
243 441 
245 424 
246 287 
246 425 
247 471 
251 257 
251 382 
252 326 
252 420 
252 469 
252 481 
253 298 
253 326 
253 337 
253 354 
253 421 
253 438 
253 445 
253 474 
254 452 
254 476 
254 479 
255 471 
257 393 
257 423 
257 486 
258 332 
259 303 
260 338 
261 277 
262 469 
264 300 
264 314 
264 331 
265 401 
266 360 
266 422 
267 281 
267 314 
269 458 
270 375 
270 414 
271 300 
271 330 
271 338 
271 370 
271 403 
271 488 
272 343 
272 344 
272 354 
272 377 
272 400 
272 488 
273 291 
275 466 
276 316 
278 479 
278 482 
279 291 
280 367 
281 354 
281 362 
281 441 
281 464 
281 496 
284 350 
284 369 
284 434 
284 459 
284 478 
286 293 
286 341 
286 431 
287 448 
290 459 
291 323 
292 362 
296 398 
296 484 
297 319 
297 346 
297 415 
297 480 
300 376 
301 323 
302 324 
304 339 
304 497 
305 310 
305 435 
306 416 
307 417 
307 489 
309 310 
309 416 
310 359 
311 399 
311 412 
311 484 
313 414 
317 345 
317 387 
320 337 
320 366 
320 401 
320 431 
321 382 
323 435 
325 335 
325 459 
326 381 
328 385 
332 490 
333 472 
334 409 
335 384 
336 455 
339 426 
339 481 
340 352 
341 349 
341 374 
342 401 
344 428 
346 358 
348 411 
351 386 
351 408 
351 423 
355 400 
355 406 
357 448 
358 461 
359 420 
360 389 
360 457 
362 383 
364 455 
366 429 
366 439 
368 486 
369 480 
372 389 
372 439 
376 404 
377 452 
380 432 
380 470 
380 472 
383 463 
384 412 
385 475 
392 402 
393 394 
393 457 
394 410 
396 399 
396 406 
396 460 
398 402 
402 486 
405 422 
408 419 
412 432 
415 468 
415 495 
419 424 
420 482 
428 442 
429 455 
430 473 
433 443 
442 462 
442 464 
444 478 
449 498 
451 474 
451 493 
464 483 
465 488 
473 492 
