false
false
500
1988
0 1 
0 3 
0 4 
0 7 
0 8 
0 11 
0 13 
0 14 
0 17 
0 19 
0 21 
0 24 
0 32 
0 34 
0 35 
0 36 
0 38 
0 48 
0 57 
0 63 
0 70 
0 76 
0 79 
0 84 
0 92 
0 101 
0 112 
0 113 
0 115 
0 123 
0 125 
0 130 
0 137 
0 140 
0 141 
0 145 
0 149 
0 154 
0 158 
0 165 
0 169 
0 173 
0 176 
0 183 
0 205 
0 214 
0 219 
0 224 
0 225 
0 226 
0 229 
0 240 
0 243 
0 248 
0 268 
0 276 
0 288 
0 295 
0 296 
0 307 
0 359 
0 408 
0 418 
0 430 
0 439 
0 448 
0 452 
0 464 
0 469 
0 499 
1 2 
1 4 
1 5 
1 9 
1 10 
1 12 
1 18 
1 21 
1 24 
1 26 
1 28 
1 31 
1 33 
1 37 
1 47 
1 52 
1 57 
1 58 
1 65 
1 68 
1 70 
1 73 
1 76 
1 82 
1 85 
1 90 
1 97 
1 99 
1 101 
1 108 
1 109 
1 110 
1 114 
1 117 
1 119 
1 131 
1 153 
1 182 
1 192 
1 199 
1 204 
1 212 
1 232 
1 234 
1 243 
1 250 
1 255 
1 259 
1 268 
1 281 
1 283 
1 297 
1 305 
1 312 
1 317 
1 323 
1 325 
1 355 
1 365 
1 410 
1 418 
1 429 
1 442 
1 449 
1 499 
2 3 
2 4 
2 5 
2 6 
2 9 
2 10 
2 11 
2 14 
2 16 
2 22 
2 23 
2 29 
2 43 
2 45 
2 49 
2 51 
2 59 
2 64 
2 77 
2 88 
2 89 
2 96 
2 127 
2 135 
2 139 
2 164 
2 165 
2 171 
2 185 
2 192 
2 209 
2 254 
2 259 
2 295 
2 328 
2 333 
2 345 
2 360 
2 361 
2 363 
2 367 
2 368 
2 369 
2 382 
2 392 
2 436 
2 489 
2 499 
3 4 
3 5 
3 6 
3 7 
3 15 
3 22 
3 24 
3 28 
3 34 
3 36 
3 38 
3 42 
3 46 
3 51 
3 52 
3 57 
3 60 
3 75 
3 78 
3 107 
3 110 
3 113 
3 123 
3 126 
3 127 
3 130 
3 160 
3 161 
3 171 
3 173 
3 188 
3 254 
3 266 
3 275 
3 296 
3 300 
3 306 
3 308 
3 337 
3 355 
3 372 
3 374 
3 392 
3 403 
3 423 
3 427 
3 428 
3 480 
3 481 
3 486 
4 5 
4 6 
4 7 
4 8 
4 9 
4 10 
4 15 
4 17 
4 20 
4 27 
4 29 
4 30 
4 50 
4 59 
4 66 
4 69 
4 73 
4 83 
4 85 
4 91 
4 92 
4 100 
4 124 
4 126 
4 143 
4 148 
4 151 
4 154 
4 167 
4 172 
4 181 
4 202 
4 209 
4 212 
4 218 
4 224 
4 284 
4 298 
4 320 
4 326 
4 332 
4 373 
4 378 
4 386 
4 387 
4 436 
4 437 
4 453 
4 454 
4 455 
4 482 
4 498 
5 6 
5 7 
5 8 
5 10 
5 11 
5 12 
5 13 
5 14 
5 15 
5 16 
5 18 
5 19 
5 24 
5 25 
5 28 
5 29 
5 35 
5 37 
5 50 
5 53 
5 57 
5 60 
5 61 
5 64 
5 67 
5 68 
5 71 
5 77 
5 78 
5 83 
5 84 
5 89 
5 92 
5 93 
5 96 
5 98 
5 110 
5 115 
5 121 
5 128 
5 134 
5 135 
5 139 
5 140 
5 142 
5 144 
5 146 
5 149 
5 153 
5 159 
5 161 
5 164 
5 165 
5 167 
5 169 
5 177 
5 181 
5 183 
5 196 
5 208 
5 209 
5 227 
5 228 
5 230 
5 231 
5 233 
5 246 
5 247 
5 249 
5 258 
5 261 
5 269 
5 277 
5 282 
5 289 
5 291 
5 299 
5 305 
5 319 
5 330 
5 339 
5 341 
5 356 
5 357 
5 364 
5 381 
5 398 
5 412 
5 424 
5 439 
5 441 
5 444 
5 452 
5 477 
5 496 
6 11 
6 13 
6 14 
6 16 
6 18 
6 19 
6 20 
6 23 
6 25 
6 30 
6 31 
6 35 
6 42 
6 43 
6 48 
6 64 
6 66 
6 70 
6 71 
6 82 
6 93 
6 96 
6 112 
6 129 
6 131 
6 139 
6 177 
6 211 
6 222 
6 233 
6 236 
6 238 
6 256 
6 261 
6 272 
6 309 
6 346 
6 347 
6 365 
6 370 
6 376 
6 422 
6 424 
6 466 
6 473 
6 498 
7 8 
7 31 
7 49 
7 51 
7 56 
7 61 
7 81 
7 88 
7 125 
7 163 
7 173 
7 199 
7 200 
7 203 
7 228 
7 256 
7 273 
7 278 
7 298 
7 318 
7 331 
7 358 
7 444 
8 9 
8 12 
8 15 
8 21 
8 25 
8 88 
8 95 
8 111 
8 119 
8 150 
8 168 
8 182 
8 188 
8 254 
8 256 
8 411 
8 432 
8 478 
9 23 
9 25 
9 37 
9 39 
9 43 
9 62 
9 97 
9 103 
9 104 
9 110 
9 174 
9 189 
9 201 
9 224 
9 340 
9 347 
9 362 
9 383 
9 400 
9 421 
9 429 
9 459 
10 12 
10 13 
10 17 
10 23 
10 30 
10 39 
10 40 
10 54 
10 61 
10 63 
10 72 
10 75 
10 77 
10 80 
10 97 
10 122 
10 124 
10 127 
10 140 
10 190 
10 193 
10 194 
10 206 
10 221 
10 316 
10 325 
10 391 
10 440 
10 458 
10 485 
11 180 
11 257 
11 285 
11 311 
11 373 
12 17 
12 21 
12 32 
12 53 
12 59 
12 60 
12 69 
12 86 
12 89 
12 99 
12 104 
12 108 
12 116 
12 117 
12 188 
12 197 
12 221 
12 250 
12 291 
12 335 
12 420 
12 430 
12 455 
12 478 
12 490 
12 497 
13 44 
13 45 
13 62 
13 75 
13 107 
13 155 
13 179 
13 196 
13 255 
13 280 
13 292 
13 328 
13 347 
13 366 
13 396 
13 446 
14 18 
14 26 
14 33 
14 49 
14 63 
14 99 
14 108 
14 133 
14 142 
14 150 
14 183 
14 203 
14 211 
14 286 
14 313 
14 344 
14 360 
14 362 
14 408 
14 469 
15 16 
15 22 
15 34 
15 38 
15 44 
15 50 
15 66 
15 67 
15 125 
15 130 
15 136 
15 145 
15 237 
15 275 
15 276 
15 281 
15 296 
15 319 
15 383 
15 474 
15 483 
16 19 
16 20 
16 27 
16 32 
16 34 
16 40 
16 45 
16 50 
16 68 
16 69 
16 73 
16 88 
16 128 
16 129 
16 131 
16 134 
16 164 
16 194 
16 212 
16 226 
16 267 
16 280 
16 294 
16 317 
16 366 
16 367 
16 379 
16 381 
16 402 
16 403 
16 420 
16 425 
16 460 
16 469 
16 481 
17 20 
17 36 
17 40 
17 42 
17 43 
17 53 
17 69 
17 83 
17 87 
17 99 
17 102 
17 109 
17 120 
17 127 
17 136 
17 141 
17 161 
17 162 
17 207 
17 222 
17 229 
17 239 
17 254 
17 257 
17 260 
17 291 
17 298 
17 305 
17 306 
17 309 
17 312 
17 329 
17 381 
17 403 
17 431 
17 434 
17 441 
17 446 
17 468 
17 470 
18 27 
18 28 
18 29 
18 33 
18 38 
18 41 
18 47 
18 58 
18 68 
18 72 
18 74 
18 77 
18 111 
18 135 
18 144 
18 171 
18 174 
18 179 
18 184 
18 210 
18 224 
18 232 
18 244 
18 251 
18 270 
18 274 
18 336 
18 339 
18 374 
18 398 
18 422 
18 445 
18 476 
19 31 
19 46 
19 58 
19 61 
19 123 
19 193 
19 222 
19 267 
19 476 
20 26 
20 44 
20 45 
20 78 
20 118 
20 170 
20 176 
20 194 
20 248 
20 256 
20 274 
20 292 
20 352 
20 379 
20 399 
20 464 
20 490 
21 22 
21 40 
21 42 
21 74 
21 91 
21 97 
21 104 
21 105 
21 130 
21 153 
21 157 
21 159 
21 210 
21 228 
21 271 
21 284 
21 313 
21 330 
22 26 
22 48 
22 79 
22 100 
22 191 
22 198 
22 240 
22 245 
22 264 
22 330 
22 401 
23 33 
23 54 
23 133 
23 251 
23 351 
24 54 
24 81 
24 89 
24 101 
24 126 
24 146 
24 171 
24 212 
24 343 
24 395 
24 434 
24 475 
25 37 
25 41 
25 80 
25 84 
25 86 
25 94 
25 200 
25 231 
25 235 
25 329 
25 363 
25 490 
26 27 
26 30 
26 52 
26 234 
26 235 
26 270 
26 290 
26 297 
26 310 
26 327 
26 340 
26 364 
26 372 
26 378 
26 390 
26 393 
26 486 
26 497 
27 35 
27 39 
27 46 
27 47 
27 62 
27 65 
27 74 
27 80 
27 83 
27 94 
27 96 
27 101 
27 105 
27 109 
27 138 
27 145 
27 195 
27 233 
27 253 
27 272 
27 281 
27 298 
27 301 
27 305 
27 311 
27 331 
27 361 
27 399 
27 415 
27 429 
27 482 
28 143 
28 152 
28 200 
28 234 
28 288 
28 353 
28 368 
28 437 
28 439 
28 470 
28 484 
29 342 
30 39 
30 55 
30 133 
30 152 
30 179 
30 227 
30 244 
30 250 
30 376 
30 418 
30 419 
30 478 
31 32 
31 41 
31 56 
31 59 
31 79 
31 82 
31 87 
31 107 
31 147 
31 155 
31 161 
31 162 
31 163 
31 215 
31 230 
31 243 
31 263 
31 274 
31 317 
31 349 
31 361 
31 417 
31 431 
31 432 
31 439 
31 451 
31 475 
32 105 
32 214 
32 445 
33 55 
33 103 
33 192 
33 426 
34 36 
34 56 
34 98 
34 121 
34 151 
34 214 
34 239 
34 253 
34 307 
34 336 
34 394 
34 404 
34 428 
35 168 
35 220 
35 231 
35 310 
35 315 
35 383 
35 416 
35 423 
35 474 
35 478 
36 47 
36 58 
36 67 
36 207 
36 241 
36 266 
36 304 
36 328 
36 338 
36 380 
37 44 
37 87 
37 176 
37 211 
37 250 
37 324 
37 352 
37 354 
37 487 
38 56 
38 66 
38 70 
38 80 
38 81 
38 169 
38 227 
38 297 
38 342 
38 354 
38 412 
38 433 
38 491 
39 41 
39 65 
39 87 
39 90 
39 91 
39 111 
39 135 
39 138 
39 156 
39 167 
39 184 
39 203 
39 227 
39 253 
39 319 
39 348 
39 368 
39 406 
40 51 
40 72 
40 75 
40 85 
40 90 
40 155 
40 157 
40 160 
40 196 
40 276 
40 277 
40 339 
41 204 
41 262 
41 320 
41 471 
41 472 
42 46 
42 71 
42 95 
42 106 
42 111 
42 118 
42 150 
42 175 
42 184 
42 187 
42 206 
42 285 
42 292 
42 345 
42 385 
42 418 
42 467 
43 48 
43 52 
43 465 
44 55 
44 143 
44 152 
45 134 
45 258 
45 379 
45 391 
45 397 
45 457 
46 55 
46 148 
46 152 
46 191 
46 205 
46 261 
46 273 
46 289 
46 334 
46 372 
46 482 
46 489 
47 64 
47 108 
47 163 
47 216 
47 304 
47 327 
47 332 
47 334 
47 414 
48 49 
48 60 
48 62 
48 100 
48 106 
48 113 
48 156 
48 174 
48 218 
48 235 
48 266 
48 293 
48 306 
48 351 
48 493 
49 76 
49 94 
49 138 
49 208 
49 237 
49 302 
49 369 
49 382 
49 409 
50 53 
50 133 
50 134 
50 139 
50 204 
50 245 
50 277 
50 282 
50 338 
50 382 
50 485 
51 103 
51 165 
51 225 
52 85 
53 54 
53 102 
53 246 
53 267 
53 350 
53 398 
54 67 
54 164 
54 217 
54 257 
54 314 
54 462 
55 95 
55 116 
55 263 
55 286 
55 344 
55 472 
56 86 
56 138 
56 377 
56 388 
57 63 
57 71 
57 166 
57 170 
57 259 
58 186 
58 195 
59 121 
59 172 
59 313 
59 385 
60 121 
60 122 
60 461 
61 90 
61 93 
61 105 
61 142 
61 145 
61 149 
61 185 
61 215 
61 290 
61 337 
61 450 
61 470 
62 65 
62 72 
62 74 
62 86 
62 179 
62 226 
62 242 
63 73 
63 177 
63 203 
63 242 
63 365 
63 369 
63 378 
63 406 
63 443 
63 447 
64 102 
64 136 
64 170 
64 180 
64 265 
64 471 
65 178 
65 191 
65 252 
65 337 
65 351 
65 356 
65 392 
65 423 
65 463 
65 475 
66 76 
66 98 
66 114 
66 120 
66 122 
66 125 
66 178 
66 194 
66 205 
66 269 
66 328 
66 370 
66 384 
66 413 
66 451 
66 462 
66 498 
67 84 
67 104 
67 113 
67 156 
67 173 
67 177 
67 190 
68 98 
68 234 
68 260 
69 210 
69 309 
70 92 
70 93 
70 217 
70 246 
70 410 
71 79 
71 81 
71 120 
71 401 
71 450 
71 457 
72 94 
72 114 
72 132 
72 198 
72 199 
72 201 
72 255 
72 285 
73 119 
73 213 
73 282 
73 393 
73 394 
74 78 
74 150 
74 190 
74 211 
74 252 
74 373 
74 465 
74 481 
75 82 
75 103 
75 117 
75 141 
75 148 
75 158 
75 187 
75 252 
75 269 
75 300 
75 316 
75 353 
76 91 
76 147 
76 189 
76 223 
76 270 
76 331 
77 118 
77 491 
78 157 
78 496 
79 100 
79 109 
79 119 
79 149 
79 168 
79 172 
79 182 
79 187 
79 244 
79 283 
79 294 
79 310 
79 346 
79 354 
79 374 
79 428 
79 436 
80 364 
81 107 
81 116 
81 128 
81 241 
81 272 
81 326 
81 477 
82 325 
83 151 
83 283 
83 303 
83 451 
83 461 
83 466 
84 155 
84 189 
84 247 
84 301 
84 306 
84 407 
85 257 
85 291 
85 334 
85 490 
86 261 
87 459 
88 140 
88 459 
89 154 
89 159 
89 357 
90 102 
90 106 
90 169 
90 239 
90 273 
90 390 
90 413 
90 485 
91 265 
91 300 
91 496 
92 215 
92 228 
93 126 
93 129 
93 208 
93 362 
93 395 
93 476 
93 489 
94 95 
94 114 
94 153 
94 156 
94 182 
94 281 
94 284 
94 445 
95 122 
95 124 
95 132 
95 303 
95 348 
95 355 
95 358 
95 366 
95 417 
96 112 
96 146 
96 162 
96 186 
96 237 
96 239 
96 240 
96 288 
96 295 
96 324 
96 435 
96 458 
96 479 
97 118 
97 124 
97 146 
97 160 
98 115 
98 117 
98 163 
98 221 
98 226 
98 251 
98 268 
98 329 
98 373 
98 431 
98 437 
98 462 
99 132 
99 141 
99 287 
100 106 
100 116 
100 357 
100 393 
100 397 
100 399 
100 480 
101 166 
101 346 
101 429 
101 449 
102 158 
102 180 
102 186 
102 244 
102 263 
102 352 
102 411 
102 456 
102 476 
103 262 
104 170 
104 389 
104 426 
105 320 
105 333 
105 396 
105 441 
106 137 
106 237 
106 329 
106 424 
107 112 
107 120 
107 132 
107 147 
107 148 
107 213 
107 249 
107 316 
107 407 
107 468 
108 137 
108 143 
108 230 
108 301 
108 386 
108 446 
109 175 
109 273 
109 343 
109 454 
109 485 
110 144 
110 213 
111 142 
111 339 
111 427 
112 115 
112 154 
112 168 
112 181 
112 195 
112 286 
112 427 
112 440 
113 166 
113 183 
113 293 
113 315 
113 375 
113 442 
114 236 
114 322 
114 356 
114 368 
114 411 
115 131 
115 157 
115 258 
115 293 
115 311 
115 447 
115 494 
116 265 
116 302 
116 357 
117 158 
117 174 
117 195 
117 337 
117 344 
117 458 
118 216 
118 296 
118 494 
119 123 
119 374 
119 469 
120 176 
120 192 
120 282 
121 137 
121 151 
121 202 
121 246 
122 128 
122 197 
122 301 
122 318 
122 397 
122 413 
123 129 
123 175 
123 322 
124 147 
124 243 
124 255 
124 314 
124 404 
125 268 
126 180 
126 219 
126 236 
126 290 
126 421 
126 440 
126 468 
127 160 
127 484 
128 376 
128 401 
128 442 
128 443 
128 477 
129 278 
129 299 
130 188 
130 233 
131 401 
131 421 
131 430 
131 433 
131 456 
132 136 
132 159 
132 223 
134 185 
134 207 
134 230 
134 335 
134 408 
135 294 
135 326 
136 162 
136 184 
136 193 
136 245 
136 262 
136 400 
137 334 
137 452 
138 219 
138 272 
138 308 
138 324 
138 332 
138 410 
139 448 
139 467 
140 166 
140 198 
140 371 
140 390 
141 144 
141 216 
141 217 
141 389 
141 400 
141 409 
141 449 
141 471 
142 295 
142 366 
142 487 
143 214 
143 247 
143 342 
145 167 
145 201 
146 187 
146 208 
146 389 
146 483 
147 280 
147 377 
147 380 
147 420 
147 470 
148 178 
148 358 
149 193 
149 217 
149 314 
149 341 
149 345 
149 377 
149 384 
150 172 
150 327 
150 492 
151 178 
151 341 
152 289 
153 175 
153 304 
153 318 
154 240 
154 361 
156 383 
157 223 
157 312 
157 402 
157 480 
158 201 
158 204 
158 249 
158 381 
159 207 
159 340 
159 355 
160 322 
160 371 
161 185 
161 241 
161 271 
161 279 
161 294 
161 403 
161 450 
161 483 
162 265 
162 321 
162 407 
162 463 
162 483 
163 232 
163 421 
164 199 
164 333 
165 236 
165 325 
165 406 
165 446 
166 206 
166 238 
166 292 
166 315 
166 417 
166 427 
166 494 
167 269 
167 442 
167 493 
168 327 
169 206 
169 225 
169 260 
169 279 
169 363 
170 198 
170 242 
170 312 
171 197 
171 238 
171 318 
171 378 
172 264 
172 365 
172 396 
173 190 
173 202 
173 220 
173 367 
173 434 
173 453 
174 218 
174 387 
174 412 
174 449 
176 216 
176 225 
176 260 
176 271 
176 320 
176 387 
176 464 
177 181 
177 191 
177 229 
178 248 
178 430 
179 189 
179 474 
180 348 
180 360 
180 384 
180 472 
181 231 
181 245 
181 310 
181 338 
181 342 
181 441 
182 186 
182 262 
182 491 
183 247 
184 196 
184 340 
184 491 
186 471 
187 358 
187 387 
187 406 
189 202 
190 197 
190 210 
190 213 
190 356 
190 370 
190 409 
191 235 
191 321 
192 205 
192 264 
192 402 
193 209 
193 221 
193 222 
193 232 
193 258 
193 277 
193 299 
193 447 
195 200 
195 220 
195 266 
195 267 
195 287 
195 324 
195 353 
195 388 
195 435 
196 249 
196 303 
199 218 
200 302 
200 412 
201 215 
201 264 
201 279 
201 384 
201 417 
201 456 
202 314 
202 458 
202 473 
203 286 
203 321 
203 345 
203 453 
203 461 
203 466 
204 259 
204 380 
204 455 
205 302 
205 323 
205 432 
206 238 
206 252 
207 220 
208 253 
209 375 
209 405 
210 460 
211 300 
212 229 
212 263 
212 326 
212 400 
212 426 
214 275 
215 219 
216 349 
216 484 
217 283 
217 308 
217 388 
217 419 
218 241 
218 335 
218 343 
218 494 
219 223 
219 415 
219 433 
221 432 
221 487 
223 276 
223 284 
223 311 
223 394 
224 248 
224 299 
225 408 
226 308 
226 395 
227 307 
228 287 
228 336 
229 323 
230 293 
230 303 
230 307 
230 499 
232 289 
232 319 
232 348 
232 407 
232 425 
232 496 
234 242 
234 270 
234 275 
235 274 
235 425 
235 447 
237 351 
238 450 
239 350 
240 475 
241 279 
242 467 
244 435 
245 413 
246 393 
247 367 
247 397 
248 251 
248 278 
248 321 
248 349 
248 375 
248 415 
248 457 
250 433 
252 313 
252 315 
252 424 
253 280 
253 445 
254 271 
256 386 
256 410 
256 422 
257 285 
257 380 
257 425 
257 448 
257 493 
258 290 
258 335 
259 346 
260 468 
261 297 
261 309 
261 371 
261 382 
261 474 
262 323 
262 350 
263 288 
263 411 
263 434 
264 448 
265 287 
265 452 
266 341 
266 352 
266 391 
266 461 
266 497 
267 304 
268 336 
268 435 
268 492 
270 465 
271 317 
271 353 
271 464 
274 364 
274 385 
275 278 
276 405 
276 419 
280 414 
281 457 
283 419 
287 333 
287 437 
287 456 
288 389 
288 420 
288 438 
290 372 
290 436 
292 338 
292 379 
293 331 
293 477 
295 322 
295 370 
295 377 
295 392 
295 438 
295 492 
295 493 
297 376 
298 399 
299 386 
299 488 
301 316 
301 360 
301 375 
301 402 
301 460 
301 482 
303 405 
304 467 
306 466 
307 330 
309 332 
311 463 
312 344 
312 428 
313 473 
314 385 
315 350 
316 362 
316 438 
319 495 
320 359 
322 347 
322 414 
323 409 
323 497 
324 343 
325 498 
326 443 
327 486 
329 354 
329 359 
332 398 
332 440 
332 443 
334 359 
336 363 
337 391 
337 479 
338 349 
340 422 
342 423 
342 495 
343 396 
343 414 
345 371 
348 388 
351 415 
351 488 
353 416 
357 405 
357 465 
358 404 
358 462 
359 404 
360 369 
365 394 
368 395 
370 488 
370 495 
373 390 
376 481 
381 479 
382 451 
382 453 
383 431 
384 487 
389 454 
389 489 
403 480 
407 479 
408 416 
408 484 
409 438 
410 416 
410 454 
411 444 
414 426 
419 488 
420 495 
425 444 
430 455 
432 472 
433 492 
437 460 
437 486 
442 459 
443 473 
447 463 
