false
false
500
1988
0 1 
0 3 
0 4 
0 6 
0 7 
0 8 
0 14 
0 15 
0 17 
0 25 
0 30 
0 33 
0 36 
0 38 
0 42 
0 43 
0 66 
0 68 
0 71 
0 79 
0 80 
0 83 
0 98 
0 105 
0 111 
0 115 
0 122 
0 124 
0 134 
0 140 
0 147 
0 153 
0 157 
0 163 
0 165 
0 167 
0 175 
0 176 
0 179 
0 181 
0 197 
0 210 
0 212 
0 243 
0 268 
0 272 
0 288 
0 292 
0 293 
0 312 
0 319 
0 334 
0 345 
0 350 
0 363 
0 374 
0 377 
0 386 
0 411 
0 425 
0 429 
0 432 
0 447 
0 463 
0 471 
0 473 
0 493 
0 499 
1 2 
1 4 
1 5 
1 7 
1 8 
1 9 
1 10 
1 12 
1 15 
1 16 
1 18 
1 19 
1 22 
1 25 
1 34 
1 46 
1 49 
1 54 
1 57 
1 59 
1 74 
1 76 
1 78 
1 87 
1 89 
1 95 
1 106 
1 114 
1 126 
1 135 
1 137 
1 140 
1 143 
1 146 
1 147 
1 151 
1 162 
1 171 
1 186 
1 205 
1 206 
1 216 
1 220 
1 223 
1 237 
1 266 
1 270 
1 286 
1 290 
1 297 
1 299 
1 317 
1 334 
1 349 
1 352 
1 358 
1 366 
1 368 
1 371 
1 398 
1 399 
1 401 
1 407 
1 418 
1 430 
1 433 
1 446 
1 451 
1 461 
1 462 
1 467 
1 470 
1 488 
2 3 
2 4 
2 5 
2 6 
2 7 
2 9 
2 10 
2 11 
2 12 
2 14 
2 17 
2 20 
2 24 
2 32 
2 35 
2 39 
2 81 
2 89 
2 92 
2 115 
2 124 
2 142 
2 143 
2 166 
2 170 
2 181 
2 219 
2 245 
2 256 
2 257 
2 292 
2 295 
2 303 
2 322 
2 350 
2 393 
2 412 
2 420 
2 469 
2 477 
3 4 
3 5 
3 6 
3 8 
3 15 
3 16 
3 20 
3 27 
3 28 
3 29 
3 34 
3 38 
3 40 
3 41 
3 43 
3 46 
3 47 
3 51 
3 53 
3 56 
3 57 
3 59 
3 60 
3 62 
3 63 
3 78 
3 100 
3 107 
3 109 
3 127 
3 131 
3 133 
3 135 
3 137 
3 148 
3 149 
3 150 
3 156 
3 160 
3 163 
3 170 
3 174 
3 175 
3 176 
3 178 
3 189 
3 212 
3 217 
3 224 
3 227 
3 233 
3 235 
3 244 
3 245 
3 249 
3 268 
3 269 
3 279 
3 281 
3 297 
3 303 
3 309 
3 314 
3 323 
3 327 
3 329 
3 332 
3 337 
3 352 
3 372 
3 387 
3 415 
3 416 
3 427 
3 442 
3 452 
3 455 
3 460 
3 462 
3 463 
3 470 
3 478 
4 5 
4 9 
4 18 
4 19 
4 21 
4 22 
4 23 
4 29 
4 32 
4 35 
4 61 
4 65 
4 69 
4 70 
4 72 
4 78 
4 80 
4 91 
4 95 
4 104 
4 105 
4 112 
4 115 
4 121 
4 126 
4 150 
4 168 
4 173 
4 181 
4 187 
4 192 
4 204 
4 211 
4 223 
4 234 
4 242 
4 256 
4 281 
4 287 
4 291 
4 301 
4 304 
4 305 
4 328 
4 333 
4 336 
4 341 
4 346 
4 354 
4 356 
4 390 
4 408 
4 430 
4 434 
4 435 
4 446 
4 452 
4 453 
4 459 
4 487 
4 494 
5 6 
5 7 
5 10 
5 13 
5 14 
5 16 
5 17 
5 18 
5 19 
5 24 
5 34 
5 37 
5 43 
5 45 
5 55 
5 63 
5 68 
5 71 
5 84 
5 99 
5 116 
5 145 
5 149 
5 151 
5 159 
5 177 
5 185 
5 197 
5 228 
5 240 
5 255 
5 278 
5 285 
5 286 
5 324 
5 351 
5 371 
5 375 
5 382 
5 386 
5 403 
5 444 
5 449 
5 467 
5 487 
6 8 
6 9 
6 11 
6 12 
6 14 
6 20 
6 26 
6 28 
6 31 
6 35 
6 52 
6 53 
6 68 
6 71 
6 90 
6 93 
6 112 
6 119 
6 133 
6 135 
6 147 
6 154 
6 163 
6 165 
6 202 
6 205 
6 209 
6 215 
6 218 
6 222 
6 245 
6 247 
6 254 
6 259 
6 272 
6 290 
6 298 
6 309 
6 311 
6 317 
6 324 
6 353 
6 369 
6 399 
6 417 
6 449 
6 482 
6 493 
7 29 
7 45 
7 73 
7 78 
7 90 
7 92 
7 103 
7 141 
7 199 
7 202 
7 216 
7 232 
7 289 
7 381 
7 391 
7 418 
7 445 
7 497 
8 10 
8 12 
8 13 
8 20 
8 31 
8 36 
8 70 
8 95 
8 99 
8 129 
8 131 
8 132 
8 144 
8 174 
8 177 
8 201 
8 206 
8 211 
8 250 
8 255 
8 264 
8 277 
8 302 
8 320 
8 349 
8 353 
8 359 
8 388 
8 394 
8 479 
9 11 
9 13 
9 18 
9 21 
9 25 
9 32 
9 35 
9 42 
9 49 
9 58 
9 65 
9 75 
9 79 
9 80 
9 82 
9 85 
9 88 
9 94 
9 104 
9 111 
9 124 
9 128 
9 142 
9 144 
9 157 
9 163 
9 200 
9 225 
9 226 
9 244 
9 262 
9 266 
9 298 
9 344 
9 345 
9 353 
9 362 
9 363 
9 387 
9 393 
9 397 
9 399 
9 402 
9 411 
9 489 
10 11 
10 26 
10 28 
10 32 
10 43 
10 72 
10 86 
10 108 
10 131 
10 138 
10 154 
10 155 
10 165 
10 176 
10 188 
10 204 
10 221 
10 268 
10 280 
10 308 
10 311 
10 322 
10 350 
10 396 
10 397 
10 404 
10 470 
11 13 
11 17 
11 24 
11 27 
11 37 
11 48 
11 62 
11 64 
11 81 
11 82 
11 86 
11 100 
11 136 
11 143 
11 148 
11 196 
11 200 
11 212 
11 235 
11 243 
11 260 
11 282 
11 285 
11 306 
11 323 
11 332 
11 340 
11 406 
11 437 
11 459 
12 15 
12 16 
12 19 
12 37 
12 39 
12 42 
12 76 
12 97 
12 115 
12 117 
12 118 
12 124 
12 133 
12 139 
12 146 
12 156 
12 162 
12 167 
12 217 
12 246 
12 257 
12 275 
12 279 
12 324 
12 402 
12 430 
12 450 
12 485 
13 21 
13 38 
13 39 
13 47 
13 55 
13 85 
13 86 
13 102 
13 117 
13 302 
13 390 
13 484 
14 23 
14 27 
14 30 
14 33 
14 36 
14 48 
14 49 
14 57 
14 59 
14 77 
14 85 
14 89 
14 98 
14 101 
14 120 
14 121 
14 122 
14 173 
14 250 
14 259 
14 267 
14 283 
14 286 
14 370 
14 424 
14 460 
14 479 
14 484 
14 491 
14 494 
14 495 
15 44 
15 50 
15 60 
15 83 
15 87 
15 145 
15 183 
15 218 
15 306 
15 321 
15 349 
15 364 
15 374 
15 410 
15 474 
16 23 
16 29 
16 46 
16 48 
16 53 
16 69 
16 93 
16 107 
16 136 
16 198 
16 251 
16 363 
16 381 
16 398 
16 444 
17 21 
17 30 
17 31 
17 48 
17 61 
17 90 
17 93 
17 120 
17 127 
17 138 
17 164 
17 190 
17 191 
17 211 
17 300 
17 307 
17 409 
17 423 
18 22 
18 55 
18 97 
18 114 
18 120 
18 192 
18 194 
18 206 
19 22 
19 34 
19 40 
19 90 
19 141 
19 146 
19 327 
19 445 
20 24 
20 25 
20 26 
20 52 
20 53 
20 64 
20 158 
20 164 
20 168 
20 201 
20 228 
20 231 
20 267 
20 321 
20 351 
20 364 
20 382 
20 393 
20 404 
20 453 
20 455 
20 459 
21 67 
21 101 
21 104 
21 138 
21 153 
21 166 
21 187 
21 188 
21 226 
21 241 
21 305 
21 333 
21 354 
21 405 
22 23 
22 27 
22 45 
22 52 
22 54 
22 56 
22 59 
22 66 
22 73 
22 83 
22 95 
22 105 
22 112 
22 142 
22 187 
22 198 
22 203 
22 227 
22 231 
22 252 
22 274 
22 303 
22 304 
22 317 
22 343 
22 362 
22 424 
22 439 
22 465 
23 65 
23 66 
23 103 
23 108 
23 218 
23 219 
23 230 
23 437 
24 28 
24 30 
24 33 
24 41 
24 50 
24 60 
24 63 
24 72 
24 75 
24 77 
24 84 
24 111 
24 113 
24 133 
24 140 
24 142 
24 198 
24 231 
24 242 
24 257 
24 260 
24 320 
24 330 
24 335 
24 355 
24 373 
24 389 
24 419 
24 473 
24 480 
24 492 
25 26 
25 96 
25 107 
25 143 
25 144 
25 146 
25 221 
25 223 
25 246 
25 260 
25 262 
25 313 
25 387 
25 481 
26 41 
26 52 
26 84 
26 91 
26 113 
26 116 
26 119 
26 136 
26 191 
26 197 
26 233 
26 242 
26 276 
26 290 
26 305 
26 327 
26 351 
26 354 
26 355 
26 364 
26 406 
26 458 
26 474 
27 31 
27 40 
27 67 
27 69 
27 120 
27 122 
27 134 
27 136 
27 139 
27 144 
27 151 
27 159 
27 162 
27 193 
27 214 
27 231 
27 252 
27 263 
27 282 
27 326 
27 377 
27 421 
27 422 
27 433 
27 443 
27 488 
28 167 
29 47 
29 50 
29 56 
29 61 
29 77 
29 87 
29 114 
29 151 
29 155 
29 180 
29 184 
29 203 
29 229 
29 276 
29 299 
29 416 
29 433 
29 476 
29 489 
30 33 
30 36 
30 80 
30 109 
30 145 
30 161 
30 172 
30 177 
30 182 
30 190 
30 192 
30 269 
30 289 
30 323 
30 407 
31 62 
31 77 
31 88 
31 109 
32 40 
32 50 
32 67 
32 75 
32 82 
32 91 
32 111 
32 125 
32 132 
32 180 
32 248 
32 423 
33 63 
33 119 
33 137 
33 139 
33 190 
33 250 
33 284 
33 341 
33 401 
33 413 
34 37 
34 38 
34 41 
34 44 
34 54 
34 58 
34 79 
34 81 
34 91 
34 92 
34 96 
34 134 
34 257 
34 261 
34 270 
34 284 
34 331 
34 358 
34 425 
34 428 
34 431 
34 454 
34 496 
35 54 
35 84 
35 158 
35 160 
35 209 
35 242 
35 252 
35 414 
35 442 
35 462 
36 240 
36 416 
37 44 
37 46 
37 107 
37 247 
37 301 
37 312 
38 39 
38 51 
38 83 
38 166 
38 199 
38 339 
38 379 
38 469 
38 486 
39 173 
39 232 
39 343 
39 354 
39 402 
40 44 
40 76 
40 101 
40 117 
40 155 
40 208 
40 226 
40 244 
40 293 
40 336 
40 370 
40 400 
41 42 
41 47 
41 92 
41 104 
41 128 
41 130 
41 193 
41 249 
41 254 
41 307 
41 337 
41 361 
41 440 
41 443 
41 458 
41 464 
41 486 
42 49 
42 65 
42 73 
42 87 
42 214 
42 429 
43 45 
43 70 
43 76 
43 81 
43 82 
43 118 
43 123 
43 137 
43 149 
43 153 
43 168 
43 172 
43 181 
43 182 
43 264 
43 268 
43 295 
43 337 
43 343 
43 352 
43 455 
44 64 
44 66 
44 201 
44 273 
44 300 
44 306 
44 357 
45 56 
45 68 
45 157 
45 183 
45 192 
45 196 
45 200 
45 356 
45 358 
45 421 
46 67 
46 106 
46 141 
46 178 
46 191 
46 253 
46 310 
46 373 
46 464 
47 51 
47 55 
47 121 
47 483 
48 74 
48 264 
48 296 
49 51 
49 62 
49 108 
49 112 
49 162 
49 210 
49 213 
49 220 
49 331 
50 58 
50 110 
50 169 
50 195 
50 266 
50 292 
50 303 
50 340 
50 344 
50 455 
50 483 
51 57 
51 61 
51 64 
51 103 
51 109 
51 118 
51 184 
51 208 
51 218 
51 311 
51 389 
51 395 
51 407 
51 420 
51 426 
51 447 
51 464 
51 475 
52 89 
52 222 
52 285 
52 313 
52 435 
52 440 
52 473 
53 164 
53 185 
53 193 
53 236 
53 274 
53 415 
54 102 
54 106 
54 196 
55 58 
55 125 
55 147 
55 298 
55 429 
56 70 
56 71 
56 86 
56 93 
56 126 
56 236 
56 254 
56 297 
56 301 
56 374 
56 419 
56 467 
57 60 
57 113 
57 152 
57 219 
57 247 
57 345 
58 175 
58 213 
58 368 
59 125 
59 205 
59 489 
60 94 
60 208 
60 290 
60 338 
60 491 
61 98 
61 130 
61 385 
62 110 
62 141 
62 160 
62 247 
62 274 
62 442 
63 204 
63 370 
64 129 
64 130 
64 145 
64 291 
64 294 
64 405 
64 418 
64 450 
64 490 
64 498 
65 73 
65 215 
65 267 
65 276 
65 295 
65 482 
66 69 
66 74 
66 118 
66 313 
67 289 
67 304 
67 441 
68 79 
68 100 
68 179 
68 186 
68 367 
68 447 
68 460 
69 72 
69 74 
69 102 
69 161 
69 215 
69 225 
69 243 
69 248 
69 458 
69 494 
70 154 
70 468 
71 108 
71 125 
71 134 
71 168 
71 185 
71 232 
71 250 
71 253 
71 352 
71 380 
71 413 
72 85 
72 194 
73 161 
73 194 
73 318 
73 359 
73 439 
74 75 
74 101 
74 103 
74 110 
74 127 
74 158 
74 176 
74 229 
74 261 
74 287 
74 355 
74 387 
74 408 
74 427 
74 428 
75 96 
75 97 
75 116 
75 126 
75 283 
75 314 
76 138 
76 153 
76 258 
76 412 
76 490 
76 496 
77 320 
78 88 
78 202 
78 217 
78 379 
78 401 
78 432 
78 469 
78 481 
79 123 
79 152 
79 171 
79 184 
79 269 
79 281 
79 365 
79 464 
79 478 
80 160 
80 255 
80 319 
80 369 
80 380 
80 385 
80 405 
81 88 
81 102 
81 376 
81 379 
81 448 
81 454 
81 475 
82 150 
82 180 
83 97 
83 267 
84 167 
84 195 
84 215 
84 344 
84 372 
85 189 
85 254 
85 364 
86 129 
86 135 
86 178 
86 213 
87 99 
87 217 
87 239 
87 300 
87 388 
88 105 
88 113 
88 130 
88 186 
88 230 
88 265 
88 315 
88 338 
88 442 
89 94 
89 149 
89 159 
89 235 
89 239 
89 314 
89 328 
89 417 
89 454 
89 474 
89 482 
90 106 
90 132 
90 171 
90 194 
90 262 
90 294 
90 322 
90 427 
90 448 
91 98 
91 100 
91 119 
91 148 
91 261 
91 289 
91 308 
92 94 
92 237 
92 241 
92 271 
92 325 
92 404 
93 165 
93 238 
93 392 
93 451 
94 96 
94 152 
94 214 
94 331 
94 398 
94 402 
94 406 
94 445 
94 485 
94 499 
95 259 
95 410 
95 438 
96 201 
96 234 
96 256 
96 275 
96 285 
96 299 
96 315 
96 325 
96 331 
96 374 
96 400 
96 486 
97 110 
97 129 
97 188 
97 196 
97 334 
98 99 
98 208 
98 209 
98 211 
98 248 
98 272 
98 281 
98 321 
98 396 
98 443 
99 221 
99 499 
100 170 
100 207 
100 221 
100 424 
100 452 
101 123 
101 156 
102 131 
102 212 
102 226 
102 228 
102 310 
102 395 
102 421 
102 498 
103 116 
103 154 
103 157 
103 238 
103 349 
103 368 
103 384 
103 400 
103 483 
104 155 
104 395 
105 170 
105 227 
105 308 
105 480 
106 214 
107 159 
107 182 
107 273 
108 122 
108 128 
108 210 
109 123 
109 140 
109 179 
109 344 
109 359 
110 117 
110 169 
110 179 
110 291 
110 302 
110 346 
110 375 
111 189 
111 360 
112 121 
112 203 
112 219 
112 288 
112 329 
112 448 
113 114 
113 152 
113 209 
113 308 
113 452 
113 463 
114 128 
114 150 
114 166 
114 175 
114 220 
114 252 
114 265 
114 276 
114 329 
115 127 
115 158 
115 237 
115 253 
115 271 
115 309 
115 335 
115 342 
115 409 
115 419 
116 227 
116 235 
116 326 
117 172 
117 275 
117 495 
118 184 
118 234 
118 457 
119 139 
119 292 
119 296 
119 340 
120 236 
120 390 
120 403 
121 188 
121 245 
121 318 
121 383 
121 413 
121 417 
122 224 
122 304 
122 370 
123 291 
123 456 
123 486 
124 171 
124 316 
124 346 
125 251 
125 330 
126 174 
126 233 
126 280 
126 465 
127 156 
127 342 
127 436 
128 177 
128 240 
128 278 
128 328 
129 178 
129 261 
129 393 
129 420 
130 132 
130 243 
130 251 
130 412 
132 437 
132 439 
133 258 
133 386 
133 438 
134 195 
134 202 
134 491 
135 229 
135 277 
135 336 
135 347 
135 456 
137 180 
137 249 
137 274 
138 169 
138 299 
138 321 
138 348 
138 410 
138 426 
138 443 
139 222 
139 270 
139 310 
140 198 
140 255 
140 476 
141 148 
141 174 
141 210 
141 229 
141 232 
141 366 
141 406 
141 468 
141 469 
141 475 
141 481 
142 294 
142 388 
143 204 
143 277 
143 446 
144 493 
145 241 
145 263 
146 190 
146 225 
146 427 
146 437 
146 487 
146 496 
147 237 
147 441 
148 199 
148 248 
148 269 
148 316 
148 340 
148 348 
148 399 
148 422 
148 461 
148 490 
149 199 
149 471 
149 484 
150 161 
150 239 
151 279 
152 329 
152 441 
154 164 
154 172 
154 189 
154 342 
154 392 
154 450 
154 483 
154 485 
155 183 
155 185 
156 206 
156 258 
156 297 
156 332 
156 489 
157 186 
157 301 
158 193 
158 278 
158 313 
158 319 
158 326 
158 384 
158 471 
158 478 
159 249 
159 273 
159 435 
160 207 
162 335 
163 169 
163 251 
163 365 
163 375 
163 412 
164 258 
164 272 
164 377 
164 498 
165 173 
165 224 
165 236 
166 182 
166 368 
167 187 
167 223 
167 283 
167 288 
168 361 
168 389 
169 312 
170 253 
170 256 
170 453 
171 230 
171 365 
172 205 
172 213 
172 260 
174 296 
176 220 
176 275 
177 336 
177 478 
178 492 
179 191 
179 222 
180 183 
180 277 
181 410 
181 433 
182 264 
182 305 
182 376 
182 454 
183 238 
183 284 
184 233 
184 246 
184 394 
185 195 
185 244 
185 381 
185 422 
186 263 
187 230 
187 278 
188 239 
188 296 
188 360 
188 369 
188 421 
189 280 
189 468 
190 315 
190 348 
190 360 
191 240 
191 279 
191 420 
192 197 
192 246 
192 330 
193 224 
193 287 
193 324 
193 338 
193 378 
193 477 
194 203 
194 380 
196 225 
196 446 
197 339 
198 200 
198 216 
198 228 
198 238 
198 403 
198 480 
199 316 
199 371 
199 472 
200 312 
201 207 
201 457 
203 284 
203 359 
203 468 
204 265 
204 271 
204 425 
204 480 
205 234 
205 415 
206 207 
206 335 
208 332 
210 357 
210 391 
210 431 
211 241 
211 315 
211 426 
212 302 
212 348 
212 431 
213 216 
213 317 
214 419 
214 492 
214 495 
215 391 
216 367 
216 389 
217 288 
217 466 
219 413 
220 432 
221 422 
222 282 
222 309 
222 363 
222 441 
223 499 
224 262 
224 294 
224 497 
224 498 
226 347 
227 323 
227 355 
228 273 
228 342 
228 358 
230 259 
230 485 
232 270 
233 388 
234 367 
235 282 
238 265 
238 357 
238 409 
238 472 
240 307 
240 318 
241 298 
241 346 
241 356 
241 366 
241 385 
241 408 
242 325 
242 365 
242 440 
242 497 
243 435 
244 333 
245 266 
246 453 
247 322 
247 353 
247 362 
247 396 
247 479 
249 287 
249 325 
250 376 
251 283 
251 330 
251 350 
251 384 
251 426 
251 447 
254 295 
254 320 
254 345 
254 383 
254 430 
255 263 
255 378 
255 381 
255 408 
255 456 
258 337 
258 372 
258 487 
259 366 
261 271 
261 377 
262 449 
263 307 
263 372 
265 397 
265 425 
266 293 
269 376 
269 436 
270 300 
270 306 
270 369 
271 334 
272 280 
272 357 
273 293 
273 351 
273 378 
273 467 
276 356 
276 361 
276 373 
276 379 
276 384 
276 403 
276 460 
276 484 
277 310 
277 488 
281 286 
281 394 
281 451 
282 311 
282 318 
282 333 
282 373 
285 434 
286 316 
286 341 
286 456 
287 434 
287 490 
288 361 
289 414 
290 371 
292 339 
293 347 
293 479 
294 314 
295 482 
296 477 
297 328 
298 409 
299 394 
300 386 
300 429 
300 474 
301 423 
303 416 
305 434 
306 382 
307 385 
310 450 
311 391 
311 395 
311 397 
312 382 
313 494 
314 319 
314 339 
315 378 
318 396 
319 327 
320 326 
323 343 
325 392 
327 338 
331 411 
332 405 
332 440 
333 466 
333 472 
333 495 
334 431 
336 383 
336 414 
338 438 
340 341 
340 360 
340 367 
341 347 
342 404 
343 451 
343 477 
344 414 
348 383 
348 438 
349 457 
349 471 
351 362 
351 488 
352 461 
353 380 
353 463 
356 444 
358 472 
358 476 
361 398 
361 492 
363 390 
364 415 
365 449 
369 428 
373 465 
374 375 
375 432 
375 436 
377 411 
377 418 
379 473 
380 400 
384 457 
385 423 
385 428 
389 466 
390 392 
390 401 
391 497 
392 417 
393 407 
396 465 
399 424 
399 470 
402 445 
402 458 
405 476 
411 462 
416 461 
417 439 
419 466 
421 493 
424 444 
426 459 
427 436 
428 448 
455 481 
467 475 
475 496 
488 491 
