false
false
500
1988
0 1 
0 3 
0 4 
0 5 
0 12 
0 13 
0 18 
0 42 
0 46 
0 74 
0 89 
0 93 
0 96 
0 164 
0 165 
0 184 
0 185 
0 188 
0 212 
0 234 
0 241 
0 277 
0 283 
0 290 
0 300 
0 317 
0 362 
0 371 
0 446 
0 453 
0 470 
1 2 
1 4 
1 6 
1 11 
1 17 
1 22 
1 28 
1 32 
1 35 
1 41 
1 42 
1 43 
1 45 
1 51 
1 56 
1 60 
1 68 
1 70 
1 71 
1 80 
1 85 
1 86 
1 125 
1 129 
1 153 
1 159 
1 162 
1 186 
1 235 
1 244 
1 251 
1 259 
1 267 
1 272 
1 276 
1 285 
1 292 
1 304 
1 305 
1 324 
1 342 
1 352 
1 389 
1 396 
1 464 
1 476 
1 483 
2 3 
2 4 
2 5 
2 7 
2 8 
2 9 
2 10 
2 15 
2 16 
2 17 
2 22 
2 27 
2 54 
2 95 
2 97 
2 100 
2 102 
2 123 
2 133 
2 153 
2 154 
2 168 
2 186 
2 190 
2 216 
2 240 
2 273 
2 312 
2 345 
2 382 
2 405 
2 407 
2 413 
2 472 
2 481 
3 4 
3 5 
3 6 
3 10 
3 11 
3 13 
3 14 
3 15 
3 17 
3 19 
3 20 
3 21 
3 23 
3 24 
3 34 
3 37 
3 44 
3 46 
3 47 
3 48 
3 53 
3 54 
3 55 
3 58 
3 59 
3 63 
3 66 
3 67 
3 72 
3 77 
3 78 
3 82 
3 91 
3 102 
3 111 
3 114 
3 119 
3 138 
3 143 
3 174 
3 187 
3 200 
3 201 
3 204 
3 206 
3 209 
3 212 
3 217 
3 218 
3 226 
3 242 
3 250 
3 279 
3 286 
3 293 
3 318 
3 319 
3 333 
3 336 
3 360 
3 373 
3 382 
3 408 
3 410 
3 411 
3 413 
3 499 
4 5 
4 6 
4 7 
4 9 
4 29 
4 60 
4 61 
4 75 
4 83 
4 85 
4 108 
4 123 
4 139 
4 167 
4 176 
4 183 
4 187 
4 215 
4 246 
4 253 
4 255 
4 286 
4 322 
4 326 
4 346 
4 364 
4 392 
4 441 
4 448 
4 459 
4 488 
4 494 
5 6 
5 7 
5 8 
5 24 
5 31 
5 33 
5 36 
5 37 
5 40 
5 56 
5 69 
5 73 
5 85 
5 91 
5 100 
5 115 
5 118 
5 162 
5 178 
5 196 
5 212 
5 215 
5 244 
5 245 
5 254 
5 266 
5 274 
5 278 
5 280 
5 282 
5 299 
5 301 
5 307 
5 313 
5 314 
5 351 
5 372 
5 394 
5 412 
5 442 
5 458 
5 464 
5 486 
6 7 
6 8 
6 12 
6 13 
6 18 
6 19 
6 20 
6 21 
6 24 
6 27 
6 28 
6 29 
6 31 
6 37 
6 39 
6 44 
6 47 
6 49 
6 59 
6 61 
6 62 
6 63 
6 64 
6 66 
6 76 
6 80 
6 88 
6 92 
6 93 
6 96 
6 101 
6 104 
6 106 
6 112 
6 124 
6 128 
6 129 
6 133 
6 156 
6 164 
6 172 
6 179 
6 185 
6 194 
6 197 
6 220 
6 223 
6 229 
6 234 
6 243 
6 248 
6 270 
6 295 
6 322 
6 334 
6 339 
6 343 
6 348 
6 350 
6 353 
6 376 
6 392 
6 415 
6 417 
6 424 
6 432 
6 435 
6 438 
6 441 
6 462 
6 473 
6 475 
7 8 
7 9 
7 11 
7 14 
7 15 
7 21 
7 22 
7 24 
7 25 
7 29 
7 34 
7 36 
7 40 
7 47 
7 52 
7 63 
7 64 
7 75 
7 77 
7 81 
7 82 
7 90 
7 92 
7 107 
7 142 
7 164 
7 171 
7 178 
7 192 
7 207 
7 214 
7 223 
7 224 
7 256 
7 271 
7 275 
7 334 
7 351 
7 379 
7 405 
7 419 
7 421 
7 487 
8 9 
8 10 
8 11 
8 12 
8 14 
8 17 
8 18 
8 19 
8 25 
8 30 
8 33 
8 34 
8 36 
8 50 
8 61 
8 67 
8 72 
8 80 
8 81 
8 83 
8 90 
8 103 
8 121 
8 122 
8 125 
8 126 
8 133 
8 134 
8 136 
8 142 
8 146 
8 157 
8 171 
8 173 
8 176 
8 263 
8 271 
8 277 
8 294 
8 301 
8 306 
8 311 
8 332 
8 353 
8 365 
8 376 
8 380 
8 382 
8 392 
8 403 
8 409 
8 415 
8 428 
8 438 
8 455 
8 461 
8 489 
8 492 
8 494 
9 10 
9 15 
9 16 
9 27 
9 35 
9 39 
9 74 
9 84 
9 97 
9 118 
9 121 
9 140 
9 146 
9 163 
9 188 
9 201 
9 228 
9 233 
9 239 
9 257 
9 307 
9 405 
9 437 
9 458 
10 12 
10 16 
10 26 
10 30 
10 31 
10 50 
10 55 
10 68 
10 94 
10 112 
10 115 
10 122 
10 130 
10 140 
10 143 
10 152 
10 156 
10 161 
10 191 
10 194 
10 207 
10 213 
10 217 
10 227 
10 228 
10 241 
10 268 
10 270 
10 276 
10 278 
10 295 
10 297 
10 301 
10 381 
10 398 
10 434 
10 443 
10 478 
11 22 
11 23 
11 26 
11 29 
11 45 
11 62 
11 69 
11 77 
11 97 
11 105 
11 106 
11 115 
11 137 
11 147 
11 150 
11 166 
11 169 
11 176 
11 182 
11 193 
11 235 
11 242 
11 243 
11 269 
11 291 
11 296 
11 340 
11 367 
11 384 
11 395 
11 401 
11 421 
11 452 
11 473 
12 13 
12 14 
12 16 
12 18 
12 28 
12 30 
12 33 
12 34 
12 42 
12 52 
12 59 
12 74 
12 99 
12 111 
12 116 
12 140 
12 141 
12 145 
12 170 
12 178 
12 205 
12 230 
12 240 
12 253 
12 281 
12 289 
12 308 
12 319 
12 326 
12 338 
12 358 
12 383 
12 400 
12 451 
13 19 
13 20 
13 32 
13 38 
13 42 
13 44 
13 51 
13 58 
13 65 
13 70 
13 72 
13 76 
13 79 
13 86 
13 98 
13 99 
13 108 
13 120 
13 126 
13 149 
13 158 
13 177 
13 182 
13 191 
13 192 
13 253 
13 303 
13 313 
13 315 
13 342 
13 343 
13 359 
13 383 
13 428 
13 443 
14 21 
14 23 
14 25 
14 26 
14 35 
14 46 
14 64 
14 68 
14 96 
14 107 
14 151 
14 183 
14 265 
14 309 
14 315 
14 331 
14 346 
14 404 
14 435 
14 472 
14 478 
14 498 
15 41 
15 67 
15 132 
15 145 
15 155 
15 181 
15 255 
15 324 
15 359 
15 386 
15 413 
15 470 
16 20 
16 28 
16 32 
16 61 
16 66 
16 71 
16 74 
16 88 
16 93 
16 99 
16 101 
16 129 
16 130 
16 133 
16 164 
16 167 
16 174 
16 204 
16 231 
16 235 
16 267 
16 302 
16 368 
16 439 
16 480 
16 493 
17 25 
17 36 
17 41 
17 54 
17 66 
17 73 
17 87 
17 94 
17 98 
17 114 
17 122 
17 132 
17 157 
17 179 
17 184 
17 186 
17 192 
17 199 
17 208 
17 217 
17 225 
17 229 
17 287 
17 291 
17 329 
17 371 
17 373 
17 379 
17 402 
17 422 
17 447 
17 456 
17 463 
17 476 
18 48 
18 55 
18 56 
18 81 
18 87 
18 110 
18 204 
18 208 
18 337 
18 349 
18 350 
18 431 
18 453 
18 468 
19 31 
19 46 
19 84 
19 91 
19 120 
19 131 
19 165 
19 197 
19 219 
19 246 
19 334 
19 336 
19 439 
19 467 
20 43 
20 45 
20 51 
20 53 
20 57 
20 68 
20 82 
20 102 
20 111 
20 116 
20 135 
20 152 
20 160 
20 193 
20 235 
20 276 
20 286 
20 304 
20 307 
20 338 
20 435 
20 483 
21 23 
21 27 
21 35 
21 49 
21 53 
21 56 
21 71 
21 76 
21 78 
21 85 
21 105 
21 120 
21 125 
21 141 
21 159 
21 205 
21 226 
21 233 
21 252 
21 254 
21 273 
21 314 
21 317 
21 344 
21 361 
21 369 
21 372 
21 400 
21 416 
21 495 
22 26 
22 49 
22 50 
22 92 
22 100 
22 113 
22 152 
22 154 
22 173 
22 178 
22 180 
22 215 
22 261 
22 274 
22 285 
22 291 
22 296 
22 325 
22 330 
22 342 
22 357 
22 361 
22 416 
22 417 
22 418 
22 434 
22 445 
22 447 
22 469 
22 475 
23 117 
23 155 
23 157 
23 168 
23 344 
23 381 
24 33 
24 48 
24 53 
24 175 
24 180 
24 224 
24 283 
24 284 
24 342 
24 399 
24 445 
24 454 
25 40 
25 48 
25 63 
25 84 
25 94 
25 135 
25 137 
25 163 
25 170 
25 191 
25 198 
25 206 
25 229 
25 259 
25 294 
25 413 
25 427 
25 476 
26 81 
26 128 
26 186 
26 202 
26 214 
26 247 
26 264 
26 402 
26 416 
26 432 
26 490 
27 41 
27 51 
27 57 
27 77 
27 86 
27 109 
27 110 
27 113 
27 124 
27 136 
27 143 
27 169 
27 208 
27 212 
27 245 
27 248 
27 310 
27 348 
27 357 
27 389 
27 460 
28 52 
28 62 
28 127 
28 203 
28 492 
29 30 
29 38 
29 39 
29 62 
29 316 
29 448 
29 457 
29 463 
30 32 
30 45 
30 49 
30 65 
30 75 
30 114 
30 123 
30 220 
30 230 
30 246 
30 262 
30 309 
30 311 
30 325 
30 349 
30 395 
30 442 
30 479 
31 40 
31 44 
31 69 
31 78 
31 100 
31 110 
31 147 
31 202 
31 295 
31 329 
31 369 
31 488 
31 497 
32 39 
32 103 
32 106 
32 113 
32 116 
32 127 
32 134 
32 200 
32 264 
32 268 
32 284 
32 297 
32 389 
32 409 
32 418 
32 434 
32 490 
32 499 
33 64 
33 70 
33 140 
33 145 
33 161 
33 210 
33 429 
33 450 
34 43 
34 71 
34 97 
34 106 
34 162 
34 172 
34 175 
34 261 
34 353 
34 443 
35 37 
35 38 
35 54 
35 72 
35 83 
35 93 
35 112 
35 260 
35 273 
35 312 
35 368 
35 405 
35 452 
36 38 
36 119 
36 138 
36 144 
36 151 
36 166 
36 216 
36 219 
36 225 
36 236 
36 256 
36 279 
36 290 
36 384 
36 386 
36 396 
36 461 
36 482 
37 43 
37 47 
37 55 
37 57 
37 65 
37 98 
37 142 
37 174 
37 184 
37 282 
37 284 
37 341 
37 380 
37 381 
37 391 
38 95 
38 468 
39 52 
39 70 
39 116 
39 144 
39 179 
39 300 
39 337 
39 477 
39 497 
40 92 
40 103 
40 110 
40 135 
40 138 
40 183 
40 199 
40 221 
40 226 
40 240 
40 254 
40 258 
40 373 
40 380 
40 420 
40 450 
41 73 
41 88 
41 177 
41 191 
41 262 
42 67 
42 88 
42 177 
42 199 
42 222 
42 249 
43 50 
43 89 
43 117 
43 132 
43 206 
43 231 
43 368 
43 412 
43 455 
43 457 
43 485 
43 490 
43 491 
44 128 
44 190 
44 237 
44 291 
44 462 
45 65 
45 69 
45 109 
45 118 
45 130 
45 166 
45 198 
45 222 
45 238 
45 259 
45 264 
45 266 
45 411 
46 59 
46 90 
46 112 
46 134 
46 146 
46 165 
46 173 
46 236 
46 238 
46 277 
46 280 
46 311 
46 313 
46 345 
46 359 
46 367 
46 386 
46 399 
47 58 
47 73 
47 142 
47 144 
47 205 
47 210 
47 223 
47 300 
47 340 
47 423 
47 481 
48 141 
48 222 
48 239 
48 251 
48 266 
48 290 
48 428 
48 495 
49 104 
49 202 
49 247 
50 109 
50 428 
50 497 
51 78 
51 159 
51 174 
51 316 
51 400 
52 84 
52 168 
52 310 
52 442 
53 121 
53 250 
53 279 
53 326 
53 487 
54 60 
54 185 
54 320 
55 57 
55 58 
55 60 
55 96 
55 104 
55 203 
55 266 
55 317 
55 479 
56 94 
57 160 
57 195 
57 431 
58 87 
58 157 
58 264 
58 292 
58 322 
58 349 
58 440 
59 76 
59 79 
59 118 
59 121 
59 224 
59 234 
59 316 
59 318 
61 75 
61 155 
61 158 
61 181 
61 214 
61 230 
61 283 
61 476 
61 484 
62 109 
62 125 
63 232 
63 241 
63 263 
63 274 
63 322 
63 434 
63 436 
64 159 
64 275 
64 320 
64 344 
64 368 
64 451 
65 79 
65 108 
65 123 
65 124 
65 136 
65 141 
65 146 
65 147 
65 227 
65 239 
65 272 
65 273 
65 317 
65 343 
65 360 
65 449 
65 462 
65 499 
67 103 
67 153 
67 231 
67 237 
67 242 
67 403 
68 90 
68 137 
68 221 
68 429 
69 91 
69 99 
69 107 
69 392 
69 410 
70 122 
70 124 
70 153 
70 296 
70 399 
71 86 
71 210 
71 350 
71 365 
71 371 
72 102 
72 135 
72 324 
73 101 
73 108 
73 354 
73 401 
74 192 
74 281 
74 429 
75 98 
75 111 
75 333 
75 406 
75 418 
75 448 
76 79 
76 89 
76 104 
76 134 
76 151 
76 208 
76 279 
76 298 
76 299 
76 327 
77 80 
77 82 
77 152 
77 189 
77 200 
77 306 
77 319 
78 87 
78 161 
78 183 
78 295 
78 328 
78 377 
78 378 
79 127 
79 148 
79 341 
79 406 
80 290 
81 83 
81 117 
81 143 
81 269 
81 314 
81 358 
81 361 
81 367 
82 151 
82 176 
82 193 
82 244 
82 252 
82 270 
82 276 
82 328 
82 365 
82 377 
82 433 
82 448 
83 95 
83 126 
83 285 
83 304 
83 328 
83 343 
84 233 
84 345 
85 89 
85 156 
85 195 
85 218 
85 333 
85 424 
86 95 
86 101 
86 120 
86 210 
86 227 
86 238 
86 260 
86 303 
87 130 
87 158 
87 170 
87 294 
87 341 
87 420 
88 196 
88 352 
89 132 
89 175 
89 386 
89 480 
90 241 
90 260 
90 287 
90 355 
90 362 
90 390 
91 105 
91 119 
91 128 
91 138 
91 221 
91 402 
92 244 
92 309 
92 436 
93 131 
93 145 
93 247 
93 271 
93 335 
94 117 
94 356 
94 357 
94 437 
95 105 
95 115 
95 148 
95 163 
95 171 
95 182 
95 243 
95 252 
95 271 
95 321 
95 355 
95 373 
95 387 
95 423 
95 426 
95 482 
96 107 
96 167 
96 187 
96 196 
96 251 
96 263 
96 384 
96 388 
96 417 
97 131 
97 154 
97 193 
97 195 
97 250 
97 287 
97 337 
97 362 
97 449 
97 477 
98 269 
98 347 
99 126 
99 160 
99 194 
99 207 
99 225 
99 258 
99 263 
99 383 
99 384 
100 127 
100 190 
100 268 
100 285 
100 315 
100 400 
100 463 
100 475 
101 374 
101 385 
102 131 
102 177 
102 301 
102 407 
103 201 
103 257 
103 280 
103 396 
104 226 
104 378 
104 415 
104 481 
105 137 
105 149 
105 155 
105 306 
105 408 
105 409 
105 421 
105 485 
105 487 
106 119 
106 198 
106 232 
107 114 
107 139 
107 213 
107 255 
107 307 
107 335 
107 385 
107 430 
107 481 
107 498 
108 225 
108 284 
109 180 
109 493 
110 219 
110 433 
110 436 
111 154 
111 179 
111 184 
111 338 
111 355 
111 395 
112 113 
112 149 
112 175 
112 211 
112 221 
112 223 
112 228 
112 249 
112 375 
112 397 
112 408 
112 422 
113 209 
113 222 
113 404 
114 233 
114 236 
114 426 
116 299 
116 363 
116 493 
117 163 
117 292 
117 446 
117 495 
118 150 
118 170 
118 237 
119 169 
119 172 
119 214 
119 302 
119 330 
119 454 
120 333 
120 380 
121 265 
121 388 
122 269 
122 336 
124 147 
124 197 
124 239 
124 259 
124 316 
124 332 
124 347 
125 129 
125 209 
125 484 
126 150 
126 156 
126 185 
126 265 
126 393 
126 412 
127 136 
127 194 
127 232 
127 256 
127 289 
127 459 
128 213 
128 329 
129 187 
129 234 
129 302 
129 351 
129 361 
129 385 
130 158 
130 162 
130 203 
130 250 
130 321 
130 432 
130 466 
131 139 
131 391 
132 207 
132 408 
132 470 
133 217 
133 420 
133 496 
134 144 
134 160 
134 205 
134 215 
134 355 
134 494 
135 139 
135 246 
135 312 
135 374 
136 248 
136 265 
136 397 
136 456 
137 366 
138 464 
139 161 
139 181 
139 197 
139 206 
139 257 
139 310 
139 318 
139 474 
140 173 
140 370 
141 148 
141 169 
141 195 
141 204 
141 409 
141 458 
141 483 
142 166 
142 230 
142 272 
142 453 
143 261 
144 148 
145 198 
145 401 
146 256 
146 288 
146 412 
146 490 
147 150 
147 182 
147 360 
148 149 
148 199 
148 444 
149 275 
149 293 
149 330 
149 430 
149 479 
151 188 
151 286 
152 171 
152 190 
152 258 
152 281 
152 296 
152 298 
152 341 
152 362 
152 414 
152 430 
152 435 
152 471 
153 406 
153 484 
153 488 
153 491 
154 165 
154 397 
155 299 
155 482 
156 236 
156 238 
156 283 
157 181 
158 200 
158 220 
158 418 
159 167 
159 229 
160 211 
160 277 
161 202 
161 320 
161 358 
161 382 
161 411 
161 485 
162 180 
162 188 
162 293 
162 354 
162 459 
163 369 
164 168 
164 272 
164 287 
166 224 
166 328 
166 404 
167 196 
168 189 
169 172 
169 388 
169 471 
170 201 
170 242 
170 252 
170 282 
170 365 
170 427 
172 237 
172 262 
172 270 
173 203 
173 321 
173 323 
173 369 
174 209 
174 366 
174 466 
174 486 
177 218 
177 248 
177 370 
178 189 
178 245 
178 257 
178 308 
178 375 
178 456 
178 469 
179 189 
179 211 
179 261 
179 288 
179 308 
179 363 
179 370 
179 398 
179 486 
180 308 
180 339 
180 348 
180 453 
181 260 
182 293 
183 479 
184 356 
184 454 
184 474 
186 372 
186 401 
188 240 
190 350 
190 359 
190 473 
191 309 
192 331 
192 393 
192 474 
193 216 
194 216 
194 315 
194 399 
195 227 
195 232 
195 446 
195 466 
195 478 
195 488 
196 228 
196 278 
196 398 
198 421 
200 304 
200 314 
200 387 
200 424 
200 427 
200 442 
202 253 
202 310 
202 376 
202 451 
202 468 
202 497 
203 245 
203 262 
203 268 
203 402 
205 331 
205 352 
206 389 
207 312 
208 297 
208 425 
209 211 
209 219 
209 319 
209 378 
211 213 
211 267 
211 351 
211 414 
211 432 
211 444 
212 231 
212 288 
214 469 
214 484 
215 289 
216 218 
216 449 
217 220 
217 254 
217 275 
217 298 
217 300 
217 327 
217 335 
217 379 
218 247 
219 410 
221 321 
222 339 
222 366 
223 385 
224 251 
224 337 
224 370 
224 419 
225 387 
225 483 
226 410 
227 249 
227 258 
227 303 
227 360 
229 297 
229 303 
229 335 
229 404 
230 460 
231 323 
231 329 
231 425 
232 348 
233 292 
233 327 
234 372 
234 471 
236 302 
236 356 
236 371 
236 387 
236 441 
237 334 
237 394 
237 482 
238 429 
238 470 
239 457 
240 305 
240 363 
240 396 
241 243 
241 327 
241 425 
242 366 
244 466 
245 394 
245 496 
247 249 
248 294 
248 349 
248 447 
248 485 
249 465 
250 278 
252 345 
252 356 
253 255 
253 437 
254 419 
255 347 
256 336 
258 267 
258 289 
258 311 
259 346 
261 452 
262 305 
262 457 
264 288 
264 326 
264 358 
264 440 
264 451 
268 450 
269 281 
270 282 
270 390 
270 407 
271 323 
271 406 
272 274 
273 459 
274 338 
274 346 
275 280 
276 398 
276 422 
276 425 
282 467 
283 354 
285 325 
285 347 
286 306 
287 364 
287 461 
288 298 
288 388 
290 439 
291 417 
291 464 
293 419 
295 332 
295 353 
295 379 
295 397 
298 395 
299 305 
302 318 
302 323 
302 352 
302 390 
302 426 
303 354 
303 489 
304 407 
305 313 
305 330 
306 375 
306 383 
308 480 
309 340 
310 320 
310 324 
310 375 
310 403 
311 376 
311 391 
311 438 
311 496 
314 377 
315 340 
315 374 
315 394 
315 452 
315 498 
316 463 
318 332 
318 357 
319 465 
323 331 
323 411 
323 431 
323 446 
324 325 
325 363 
325 445 
326 344 
326 393 
326 491 
328 364 
329 381 
329 436 
329 492 
331 477 
333 339 
333 420 
334 374 
334 444 
337 414 
338 430 
338 489 
339 378 
339 474 
339 486 
340 423 
340 498 
341 472 
345 465 
349 364 
349 473 
350 477 
352 391 
353 437 
354 414 
356 439 
356 462 
357 424 
360 422 
360 492 
366 367 
366 403 
368 431 
369 393 
371 377 
371 433 
372 416 
377 465 
378 496 
379 455 
380 427 
380 440 
381 475 
384 415 
386 390 
389 449 
390 499 
392 480 
394 444 
396 458 
399 443 
399 471 
402 489 
403 445 
404 447 
405 441 
407 450 
407 494 
411 487 
412 426 
412 461 
412 495 
413 491 
414 423 
415 438 
415 460 
422 456 
424 467 
427 433 
431 478 
434 460 
435 440 
435 455 
435 469 
436 468 
445 454 
448 493 
450 472 
461 467 
