false
false
500
1988
0 1 
0 3 
0 4 
0 5 
0 6 
0 7 
0 9 
0 11 
0 13 
0 14 
0 16 
0 17 
0 19 
0 20 
0 21 
0 27 
0 28 
0 33 
0 34 
0 36 
0 37 
0 40 
0 41 
0 46 
0 47 
0 54 
0 56 
0 59 
0 63 
0 65 
0 66 
0 67 
0 69 
0 70 
0 75 
0 77 
0 81 
0 83 
0 89 
0 92 
0 94 
0 100 
0 106 
0 107 
0 110 
0 111 
0 123 
0 128 
0 130 
0 132 
0 135 
0 140 
0 142 
0 144 
0 154 
0 160 
0 161 
0 175 
0 185 
0 193 
0 194 
0 196 
0 203 
0 212 
0 230 
0 236 
0 238 
0 249 
0 251 
0 271 
0 292 
0 294 
0 304 
0 310 
0 313 
0 322 
0 333 
0 335 
0 339 
0 342 
0 344 
0 349 
0 350 
0 364 
0 368 
0 389 
0 395 
0 404 
0 405 
0 413 
0 414 
0 424 
0 434 
0 443 
0 446 
0 454 
0 468 
0 476 
0 486 
0 492 
0 494 
0 495 
1 2 
1 4 
1 9 
1 10 
1 14 
1 17 
1 19 
1 22 
1 24 
1 49 
1 57 
1 59 
1 99 
1 107 
1 112 
1 121 
1 150 
1 179 
1 249 
1 269 
1 285 
1 298 
1 312 
1 338 
1 341 
1 362 
2 3 
2 4 
2 5 
2 6 
2 7 
2 10 
2 13 
2 14 
2 26 
2 28 
2 31 
2 38 
2 68 
2 103 
2 160 
2 176 
2 185 
2 190 
2 206 
2 222 
2 262 
2 291 
2 306 
2 313 
2 409 
2 419 
2 426 
2 474 
3 4 
3 5 
3 8 
3 18 
3 24 
3 29 
3 35 
3 42 
3 55 
3 61 
3 82 
3 83 
3 85 
3 88 
3 113 
3 114 
3 115 
3 117 
3 126 
3 133 
3 192 
3 197 
3 198 
3 243 
3 263 
3 285 
3 287 
3 309 
3 326 
3 354 
3 355 
4 5 
4 6 
4 7 
4 8 
4 9 
4 10 
4 11 
4 12 
4 13 
4 16 
4 18 
4 20 
4 21 
4 22 
4 26 
4 32 
4 35 
4 39 
4 44 
4 55 
4 58 
4 62 
4 63 
4 70 
4 71 
4 75 
4 79 
4 86 
4 91 
4 93 
4 95 
4 98 
4 103 
4 121 
4 129 
4 134 
4 143 
4 147 
4 151 
4 178 
4 184 
4 186 
4 195 
4 213 
4 216 
4 219 
4 224 
4 242 
4 280 
4 295 
4 297 
4 326 
4 327 
4 329 
4 431 
4 434 
4 443 
4 450 
4 455 
4 490 
4 494 
5 6 
5 7 
5 8 
5 9 
5 15 
5 17 
5 18 
5 20 
5 21 
5 23 
5 24 
5 25 
5 40 
5 45 
5 47 
5 50 
5 52 
5 54 
5 56 
5 59 
5 61 
5 95 
5 109 
5 112 
5 113 
5 128 
5 140 
5 159 
5 184 
5 204 
5 212 
5 221 
5 228 
5 232 
5 243 
5 250 
5 270 
5 281 
5 303 
5 319 
5 351 
5 355 
5 395 
5 405 
5 406 
5 410 
5 411 
5 447 
5 449 
5 468 
5 479 
5 480 
5 492 
6 8 
6 10 
6 11 
6 12 
6 29 
6 37 
6 44 
6 50 
6 54 
6 127 
6 137 
6 150 
6 197 
6 231 
6 237 
6 320 
6 328 
6 428 
6 482 
7 14 
7 15 
7 16 
7 18 
7 20 
7 21 
7 32 
7 37 
7 38 
7 48 
7 54 
7 71 
7 75 
7 88 
7 101 
7 102 
7 104 
7 116 
7 120 
7 153 
7 161 
7 189 
7 220 
7 238 
7 242 
7 244 
7 248 
7 249 
7 254 
7 296 
7 323 
7 353 
7 365 
7 384 
7 387 
7 390 
7 391 
7 418 
7 420 
7 430 
7 448 
7 464 
7 477 
8 11 
8 16 
8 22 
8 23 
8 38 
8 42 
8 50 
8 53 
8 61 
8 72 
8 73 
8 75 
8 78 
8 110 
8 119 
8 131 
8 142 
8 153 
8 159 
8 189 
8 203 
8 228 
8 233 
8 234 
8 267 
8 281 
8 296 
8 297 
8 301 
8 304 
8 326 
8 341 
8 351 
8 421 
8 445 
8 460 
8 465 
9 23 
9 29 
9 30 
9 49 
9 60 
9 67 
9 105 
9 109 
9 198 
9 209 
9 223 
9 347 
9 439 
10 12 
10 15 
10 25 
10 28 
10 30 
10 33 
10 40 
10 42 
10 44 
10 53 
10 57 
10 64 
10 72 
10 80 
10 94 
10 96 
10 97 
10 99 
10 106 
10 115 
10 132 
10 145 
10 189 
10 191 
10 193 
10 200 
10 215 
10 226 
10 227 
10 228 
10 232 
10 239 
10 252 
10 255 
10 261 
10 263 
10 305 
10 327 
10 329 
10 346 
10 392 
10 400 
10 412 
10 416 
10 450 
10 457 
10 469 
11 12 
11 13 
11 19 
11 22 
11 23 
11 30 
11 34 
11 46 
11 52 
11 57 
11 65 
11 74 
11 76 
11 78 
11 90 
11 106 
11 118 
11 124 
11 171 
11 172 
11 184 
11 192 
11 233 
11 258 
11 270 
11 287 
11 309 
11 330 
11 332 
11 392 
11 397 
11 412 
11 439 
11 472 
11 473 
11 474 
11 483 
11 489 
12 33 
12 36 
12 39 
12 47 
12 62 
12 81 
12 93 
12 102 
12 117 
12 143 
12 157 
12 186 
12 202 
12 277 
12 299 
12 317 
12 359 
12 375 
12 380 
12 411 
13 15 
13 27 
13 41 
13 42 
13 48 
13 74 
13 77 
13 81 
13 82 
13 90 
13 116 
13 117 
13 125 
13 137 
13 146 
13 148 
13 152 
13 164 
13 176 
13 188 
13 209 
13 214 
13 221 
13 226 
13 252 
13 254 
13 256 
13 278 
13 310 
13 312 
13 318 
13 325 
13 356 
13 357 
13 388 
13 398 
13 426 
13 429 
13 473 
13 488 
13 494 
14 24 
14 31 
14 53 
14 68 
14 98 
14 100 
14 108 
14 170 
14 180 
14 195 
14 198 
14 224 
14 305 
14 328 
14 335 
14 421 
15 17 
15 19 
15 47 
15 90 
15 288 
15 314 
15 403 
16 26 
16 27 
16 73 
16 76 
16 147 
16 217 
16 252 
16 256 
16 356 
16 357 
16 391 
16 408 
17 25 
17 29 
17 31 
17 59 
17 64 
17 79 
17 103 
17 124 
17 136 
17 163 
17 181 
17 225 
17 264 
17 284 
17 298 
17 310 
17 364 
17 413 
17 419 
17 475 
18 31 
18 37 
18 39 
18 77 
18 103 
18 105 
18 125 
18 135 
18 152 
18 155 
18 327 
18 458 
19 27 
19 35 
19 41 
19 48 
19 50 
19 60 
19 65 
19 69 
19 87 
19 105 
19 242 
19 244 
19 246 
19 250 
19 267 
19 318 
19 336 
19 466 
19 471 
19 493 
20 26 
20 49 
20 56 
20 58 
20 66 
20 83 
20 110 
20 122 
20 141 
20 148 
20 165 
20 175 
20 211 
20 222 
20 272 
20 282 
20 296 
20 303 
20 323 
20 345 
20 380 
20 450 
20 462 
20 496 
21 34 
21 96 
21 116 
21 159 
21 211 
21 245 
21 325 
21 403 
21 440 
22 80 
22 97 
22 101 
22 109 
22 119 
22 171 
22 210 
22 224 
22 229 
22 286 
22 341 
22 384 
22 435 
23 43 
23 56 
23 58 
23 93 
23 96 
23 133 
23 158 
23 191 
23 196 
23 218 
23 231 
23 265 
23 289 
23 310 
23 332 
23 388 
24 25 
24 28 
24 106 
24 114 
24 158 
24 177 
24 179 
24 180 
24 182 
24 246 
24 254 
24 260 
24 274 
24 307 
24 365 
24 383 
24 385 
24 386 
24 398 
24 403 
24 421 
24 441 
24 462 
24 498 
25 51 
25 87 
25 92 
25 118 
25 191 
25 248 
25 256 
25 267 
25 313 
25 315 
25 324 
25 396 
25 437 
26 30 
26 33 
26 48 
26 73 
26 132 
26 171 
26 173 
26 174 
26 187 
26 208 
26 243 
26 260 
26 266 
26 287 
26 357 
26 365 
26 404 
26 408 
27 32 
27 34 
27 79 
27 99 
27 114 
27 122 
27 133 
27 144 
27 168 
27 256 
27 261 
27 269 
27 348 
27 359 
27 381 
27 442 
28 36 
28 49 
28 51 
28 55 
28 63 
28 81 
28 146 
28 149 
28 166 
28 185 
28 186 
28 235 
28 321 
28 347 
28 393 
28 463 
28 481 
28 489 
28 491 
29 39 
29 46 
29 52 
29 55 
29 63 
29 86 
29 101 
29 111 
29 124 
29 139 
29 140 
29 164 
29 177 
29 179 
29 187 
29 233 
29 234 
29 275 
29 291 
29 317 
29 370 
29 375 
29 376 
29 383 
29 410 
29 443 
30 32 
30 44 
30 71 
30 73 
30 84 
30 86 
30 98 
30 108 
30 125 
30 128 
30 160 
30 216 
30 251 
30 261 
30 288 
30 319 
30 332 
30 376 
31 43 
31 46 
31 53 
31 60 
31 72 
31 127 
31 133 
31 134 
31 151 
31 154 
31 188 
31 194 
31 253 
31 273 
31 282 
31 312 
31 327 
31 370 
31 373 
31 387 
32 67 
32 83 
32 111 
32 126 
32 212 
32 257 
32 268 
32 341 
32 349 
33 35 
33 43 
33 100 
33 110 
33 204 
33 367 
34 52 
34 72 
34 74 
34 84 
34 104 
34 280 
34 316 
34 333 
34 416 
34 446 
34 454 
34 475 
34 497 
35 36 
35 41 
35 45 
35 60 
35 85 
35 88 
35 141 
35 155 
35 185 
35 202 
35 214 
35 245 
35 259 
35 280 
35 290 
35 348 
35 373 
35 435 
35 455 
36 38 
36 40 
36 43 
36 45 
36 138 
36 160 
36 163 
36 190 
36 214 
36 217 
36 331 
36 367 
36 425 
37 51 
37 65 
37 82 
37 93 
37 136 
37 168 
37 172 
37 199 
37 218 
37 239 
37 292 
37 307 
37 317 
37 318 
37 360 
37 384 
37 390 
37 453 
38 57 
38 69 
38 120 
38 125 
38 129 
38 145 
38 170 
38 197 
38 223 
38 235 
38 244 
38 259 
38 260 
38 286 
38 293 
38 303 
38 311 
38 382 
38 391 
38 397 
38 435 
38 450 
38 482 
38 487 
39 64 
39 97 
39 169 
39 231 
39 250 
39 350 
39 370 
39 395 
40 45 
40 88 
40 90 
40 113 
40 115 
40 137 
40 148 
40 168 
40 178 
40 201 
40 213 
40 218 
40 266 
40 275 
40 283 
40 285 
40 295 
40 358 
41 62 
41 117 
41 138 
41 162 
41 172 
41 188 
41 209 
41 255 
41 278 
41 283 
41 306 
41 312 
41 365 
41 369 
41 402 
42 91 
42 157 
42 165 
42 208 
42 218 
42 229 
42 277 
42 466 
43 62 
43 84 
43 113 
43 129 
43 135 
43 151 
43 190 
43 197 
43 225 
43 241 
43 247 
43 311 
43 371 
43 399 
43 407 
43 424 
43 430 
43 442 
43 444 
43 451 
43 467 
44 149 
44 166 
44 190 
44 262 
44 279 
44 445 
44 459 
44 485 
45 70 
45 76 
45 163 
45 193 
45 246 
45 257 
45 498 
46 66 
46 187 
46 299 
47 99 
47 195 
47 351 
47 363 
47 496 
48 51 
48 58 
48 66 
48 126 
48 135 
48 139 
48 152 
48 225 
48 253 
49 290 
50 80 
50 105 
50 107 
50 167 
50 174 
50 239 
50 248 
50 275 
50 441 
50 466 
51 86 
51 164 
51 167 
51 423 
52 68 
52 142 
52 238 
52 291 
53 78 
53 91 
53 173 
53 415 
54 74 
54 87 
54 104 
54 130 
54 143 
54 157 
54 164 
54 219 
54 227 
54 246 
54 247 
54 308 
54 322 
54 382 
54 472 
54 473 
54 482 
55 100 
55 127 
55 155 
55 240 
55 265 
55 304 
55 404 
55 414 
56 85 
56 127 
56 284 
56 342 
56 441 
57 71 
57 147 
57 279 
57 288 
57 296 
57 385 
57 411 
57 440 
57 447 
58 82 
58 85 
58 139 
58 140 
58 180 
58 219 
58 301 
58 452 
58 493 
59 61 
59 76 
59 80 
59 92 
59 150 
59 174 
59 199 
59 205 
59 261 
59 298 
59 307 
59 382 
59 400 
59 468 
59 488 
60 64 
60 94 
60 141 
60 153 
60 181 
60 345 
60 408 
61 96 
61 208 
61 267 
61 371 
61 379 
61 382 
61 387 
62 67 
62 162 
62 184 
62 276 
62 346 
62 352 
62 355 
62 375 
62 399 
62 458 
63 142 
63 253 
63 349 
63 436 
64 123 
64 154 
64 226 
64 305 
64 343 
64 461 
65 70 
65 128 
65 201 
65 233 
65 318 
65 380 
66 68 
66 95 
66 173 
66 203 
66 324 
66 418 
67 69 
67 79 
67 112 
67 183 
67 200 
67 222 
67 314 
67 337 
67 415 
67 446 
68 87 
68 98 
68 122 
68 198 
68 203 
68 212 
68 264 
68 277 
68 282 
68 340 
68 366 
68 401 
68 428 
68 434 
68 487 
68 491 
69 102 
69 107 
69 118 
69 121 
69 162 
69 194 
69 214 
69 239 
69 269 
69 290 
69 326 
69 335 
69 449 
69 456 
69 474 
69 492 
69 493 
69 495 
70 101 
70 448 
70 487 
71 205 
71 330 
71 362 
72 347 
72 366 
72 481 
73 77 
73 84 
73 89 
73 118 
73 123 
73 158 
73 207 
73 274 
73 358 
73 399 
73 403 
73 422 
73 473 
74 124 
74 134 
74 308 
74 393 
74 490 
75 136 
75 169 
75 196 
75 251 
75 412 
75 480 
76 91 
76 130 
76 286 
76 364 
77 78 
77 137 
77 147 
77 205 
77 224 
77 244 
77 290 
77 385 
77 462 
77 491 
78 144 
78 156 
78 167 
78 183 
78 368 
79 220 
80 178 
80 204 
80 206 
80 221 
80 357 
80 484 
81 95 
81 104 
81 116 
81 153 
81 175 
81 302 
81 330 
81 333 
81 388 
81 468 
82 89 
82 108 
82 119 
82 126 
82 176 
82 206 
82 257 
82 311 
82 350 
82 394 
82 422 
82 442 
82 497 
83 89 
83 114 
83 120 
83 213 
83 230 
83 279 
83 323 
83 359 
83 361 
83 371 
83 427 
83 430 
83 470 
84 92 
84 131 
85 148 
85 461 
86 138 
86 156 
86 241 
86 398 
86 490 
86 495 
87 306 
88 144 
88 173 
88 178 
88 360 
88 499 
89 138 
89 152 
89 168 
89 175 
89 220 
89 242 
89 245 
89 248 
89 255 
89 275 
89 340 
89 356 
89 363 
89 386 
89 401 
89 491 
90 115 
90 155 
90 156 
90 278 
90 480 
91 97 
91 129 
91 132 
91 154 
91 165 
91 204 
91 222 
91 253 
91 274 
91 338 
91 377 
91 378 
91 415 
91 460 
92 94 
92 119 
92 196 
92 247 
93 157 
93 389 
94 174 
94 271 
94 291 
94 315 
94 321 
94 355 
94 457 
95 192 
95 438 
96 134 
96 143 
96 194 
96 308 
96 371 
97 150 
97 262 
97 289 
97 356 
97 420 
97 471 
98 109 
98 182 
98 293 
98 417 
99 131 
99 149 
99 394 
100 102 
100 108 
100 165 
100 216 
100 352 
100 353 
100 396 
100 485 
101 120 
101 166 
101 206 
101 236 
101 241 
101 254 
101 280 
101 359 
101 485 
102 171 
102 444 
104 121 
104 158 
104 161 
104 273 
104 309 
104 316 
105 201 
105 266 
105 293 
105 360 
105 475 
106 112 
106 177 
106 210 
106 217 
106 251 
106 289 
106 301 
106 346 
107 163 
108 136 
108 141 
108 181 
108 187 
108 210 
108 305 
108 322 
108 451 
108 476 
108 479 
109 209 
109 374 
110 111 
110 145 
110 177 
110 215 
110 226 
110 263 
110 283 
110 364 
110 400 
110 433 
110 447 
110 455 
110 474 
112 328 
113 172 
114 123 
114 146 
114 202 
114 237 
114 255 
114 288 
114 321 
114 375 
114 421 
115 149 
115 189 
115 378 
115 423 
115 428 
116 139 
116 369 
117 300 
118 151 
118 191 
118 322 
118 324 
118 335 
118 378 
118 381 
118 437 
118 464 
118 477 
119 170 
119 207 
119 362 
120 145 
120 146 
120 182 
120 208 
120 240 
120 287 
120 300 
120 313 
120 332 
121 122 
121 183 
121 237 
121 252 
121 344 
122 159 
123 182 
123 201 
123 431 
124 215 
124 219 
124 237 
124 477 
125 210 
125 269 
125 271 
125 458 
127 130 
127 231 
127 373 
129 227 
129 493 
130 131 
130 170 
130 225 
130 272 
130 331 
130 433 
131 388 
132 230 
132 451 
132 483 
133 215 
135 207 
135 258 
135 387 
136 442 
137 241 
137 417 
137 433 
138 249 
138 324 
139 156 
139 169 
139 243 
139 321 
139 363 
139 424 
139 438 
139 478 
139 490 
140 205 
140 232 
141 345 
141 361 
142 436 
142 457 
143 259 
144 228 
145 161 
145 234 
145 284 
145 292 
146 176 
146 202 
146 223 
146 234 
146 259 
147 338 
147 417 
148 263 
148 340 
149 334 
149 440 
149 481 
150 186 
150 389 
150 393 
151 401 
151 405 
152 195 
152 207 
152 462 
153 162 
153 181 
153 431 
153 483 
154 276 
154 448 
156 227 
156 282 
156 303 
157 235 
158 169 
158 297 
159 390 
159 485 
160 272 
161 180 
162 276 
163 166 
164 245 
164 353 
164 416 
165 167 
165 236 
165 329 
166 240 
167 370 
167 470 
169 316 
169 329 
169 337 
169 339 
169 346 
169 373 
169 377 
169 407 
169 409 
170 183 
170 260 
170 308 
170 343 
172 410 
172 444 
172 463 
173 230 
173 391 
173 411 
173 495 
174 211 
174 217 
174 314 
174 465 
175 192 
175 262 
175 477 
176 199 
176 229 
176 232 
176 333 
176 460 
178 179 
178 200 
178 348 
178 384 
178 456 
178 465 
179 317 
179 417 
181 264 
181 306 
182 193 
182 331 
182 390 
182 396 
182 448 
183 213 
183 265 
183 325 
183 419 
184 188 
184 220 
184 300 
184 413 
185 272 
185 281 
185 353 
185 386 
186 229 
186 484 
188 200 
188 238 
189 325 
189 374 
189 470 
190 334 
193 236 
193 278 
193 293 
193 315 
193 350 
193 361 
193 459 
194 216 
195 250 
195 257 
195 298 
195 323 
195 330 
195 374 
195 460 
195 488 
196 199 
196 299 
196 345 
196 401 
196 422 
196 479 
198 281 
199 343 
199 377 
199 379 
199 406 
201 366 
202 221 
202 285 
203 436 
206 271 
206 292 
206 471 
208 211 
208 223 
208 429 
208 454 
209 235 
209 314 
209 497 
210 443 
211 445 
212 258 
212 320 
213 336 
214 247 
214 264 
214 328 
214 465 
214 470 
215 360 
215 397 
216 300 
217 284 
217 395 
218 452 
219 268 
220 302 
220 400 
220 457 
220 469 
221 379 
222 266 
222 270 
222 425 
223 407 
223 445 
225 339 
225 432 
225 494 
226 276 
226 367 
226 459 
226 499 
227 274 
227 319 
227 409 
227 427 
227 499 
228 302 
228 374 
229 336 
229 347 
229 372 
229 425 
230 302 
232 294 
232 295 
232 397 
232 415 
232 459 
233 316 
233 439 
233 454 
234 294 
235 240 
235 423 
235 496 
236 258 
236 273 
237 265 
237 492 
238 268 
238 338 
238 381 
238 438 
238 472 
239 277 
239 342 
239 393 
239 427 
240 309 
240 467 
241 362 
241 420 
242 344 
242 394 
242 489 
244 286 
244 380 
244 412 
246 319 
246 409 
247 354 
247 463 
250 331 
250 418 
252 289 
252 432 
253 283 
253 299 
253 376 
254 467 
255 279 
256 320 
256 354 
258 268 
258 342 
261 307 
262 270 
263 334 
265 368 
265 430 
265 436 
266 295 
266 352 
266 378 
268 273 
269 354 
270 376 
271 423 
273 337 
274 427 
274 461 
274 487 
275 294 
277 297 
277 351 
279 372 
279 463 
280 469 
281 344 
282 304 
283 311 
284 444 
285 418 
285 449 
286 301 
288 372 
288 406 
288 453 
288 480 
288 483 
288 486 
289 336 
289 368 
289 451 
290 339 
290 471 
291 497 
293 486 
294 352 
294 438 
294 453 
295 369 
295 379 
296 363 
297 406 
297 449 
297 452 
298 320 
298 394 
303 381 
303 433 
304 432 
306 334 
306 428 
309 429 
310 366 
310 478 
312 349 
312 389 
312 439 
313 315 
313 340 
313 392 
314 343 
314 383 
315 383 
316 426 
316 458 
316 472 
318 402 
320 337 
320 489 
322 498 
324 386 
325 361 
326 358 
326 404 
327 348 
327 437 
327 476 
330 372 
331 432 
336 402 
337 399 
337 435 
339 420 
340 367 
340 410 
341 398 
344 392 
355 369 
357 358 
357 413 
361 475 
367 426 
367 496 
369 419 
370 453 
371 377 
371 455 
372 431 
373 469 
375 408 
379 414 
379 416 
379 476 
380 466 
381 396 
382 402 
384 385 
387 414 
387 484 
388 452 
393 424 
393 429 
393 464 
395 405 
396 437 
396 461 
398 425 
399 499 
400 498 
401 464 
402 478 
403 440 
405 407 
408 434 
411 422 
414 447 
417 446 
417 481 
426 441 
441 456 
442 456 
444 482 
453 467 
454 479 
464 484 
476 478 
476 486 
486 488 
