false
false
500
1988
0 1 
0 3 
0 4 
0 6 
0 7 
0 8 
0 10 
0 11 
0 12 
0 14 
0 18 
0 21 
0 22 
0 29 
0 31 
0 49 
0 51 
0 53 
0 56 
0 57 
0 59 
0 66 
0 69 
0 75 
0 81 
0 83 
0 122 
0 130 
0 133 
0 156 
0 157 
0 168 
0 173 
0 182 
0 215 
0 224 
0 238 
0 242 
0 244 
0 265 
0 279 
0 284 
0 294 
0 298 
0 322 
0 327 
0 356 
0 359 
0 368 
0 375 
0 407 
0 431 
0 432 
0 441 
1 2 
1 4 
1 5 
1 8 
1 9 
1 18 
1 30 
1 37 
1 45 
1 47 
1 51 
1 54 
1 60 
1 77 
1 88 
1 90 
1 92 
1 99 
1 125 
1 126 
1 127 
1 130 
1 153 
1 160 
1 210 
1 222 
1 244 
1 279 
1 293 
1 301 
1 314 
1 344 
1 349 
1 362 
1 409 
1 420 
1 458 
1 485 
2 3 
2 4 
2 5 
2 6 
2 14 
2 19 
2 39 
2 50 
2 52 
2 55 
2 58 
2 60 
2 87 
2 98 
2 120 
2 126 
2 134 
2 137 
2 146 
2 155 
2 209 
2 210 
2 229 
2 235 
2 245 
2 256 
2 263 
2 276 
2 281 
2 286 
2 350 
2 364 
2 372 
2 438 
2 446 
2 476 
2 483 
3 4 
3 5 
3 6 
3 7 
3 9 
3 10 
3 11 
3 13 
3 16 
3 38 
3 50 
3 58 
3 62 
3 67 
3 70 
3 77 
3 104 
3 116 
3 134 
3 149 
3 182 
3 211 
3 233 
3 236 
3 241 
3 243 
3 244 
3 250 
3 280 
3 298 
3 313 
3 335 
3 345 
3 351 
3 433 
3 437 
3 446 
3 460 
3 461 
3 469 
4 5 
4 6 
4 10 
4 14 
4 16 
4 19 
4 20 
4 23 
4 24 
4 27 
4 29 
4 31 
4 32 
4 34 
4 45 
4 75 
4 78 
4 80 
4 91 
4 158 
4 185 
4 199 
4 203 
4 219 
4 223 
4 264 
4 269 
4 277 
4 349 
4 374 
4 379 
4 387 
4 388 
4 398 
4 399 
4 403 
4 408 
4 432 
4 440 
4 461 
5 7 
5 8 
5 9 
5 11 
5 17 
5 18 
5 34 
5 35 
5 41 
5 50 
5 52 
5 57 
5 87 
5 102 
5 108 
5 121 
5 167 
5 180 
5 212 
5 240 
5 249 
5 252 
5 284 
5 292 
5 312 
5 315 
5 321 
5 330 
5 343 
5 390 
5 394 
5 398 
5 433 
5 454 
6 7 
6 9 
6 10 
6 15 
6 16 
6 17 
6 22 
6 25 
6 27 
6 29 
6 30 
6 32 
6 33 
6 42 
6 44 
6 48 
6 49 
6 74 
6 93 
6 129 
6 143 
6 164 
6 203 
6 207 
6 214 
6 219 
6 231 
6 239 
6 268 
6 272 
6 282 
6 285 
6 320 
6 335 
6 339 
6 356 
6 362 
6 366 
6 378 
6 379 
6 388 
6 404 
6 413 
6 419 
6 438 
6 441 
6 484 
7 8 
7 15 
7 23 
7 27 
7 31 
7 42 
7 54 
7 59 
7 69 
7 84 
7 86 
7 95 
7 99 
7 103 
7 114 
7 115 
7 116 
7 120 
7 140 
7 151 
7 169 
7 181 
7 185 
7 195 
7 206 
7 209 
7 230 
7 290 
7 303 
7 315 
7 323 
7 338 
7 340 
7 342 
7 343 
7 384 
7 396 
7 414 
7 424 
7 434 
7 436 
7 452 
7 489 
8 12 
8 25 
8 26 
8 28 
8 37 
8 41 
8 43 
8 66 
8 70 
8 77 
8 92 
8 110 
8 138 
8 148 
8 155 
8 186 
8 191 
8 221 
8 224 
8 242 
8 269 
8 286 
8 347 
8 357 
8 360 
8 377 
8 386 
8 387 
8 392 
8 470 
8 486 
8 493 
9 11 
9 13 
9 14 
9 19 
9 20 
9 23 
9 26 
9 31 
9 35 
9 39 
9 71 
9 79 
9 81 
9 97 
9 102 
9 115 
9 136 
9 140 
9 158 
9 161 
9 197 
9 260 
9 281 
9 319 
9 320 
9 321 
9 327 
9 337 
9 345 
9 358 
9 377 
9 426 
9 473 
9 476 
9 478 
9 492 
10 12 
10 15 
10 22 
10 23 
10 24 
10 38 
10 46 
10 51 
10 52 
10 63 
10 69 
10 112 
10 118 
10 131 
10 166 
10 183 
10 188 
10 204 
10 208 
10 215 
10 275 
10 281 
10 296 
10 299 
10 348 
10 350 
10 370 
10 395 
10 456 
11 12 
11 13 
11 17 
11 25 
11 27 
11 36 
11 53 
11 54 
11 56 
11 58 
11 73 
11 78 
11 106 
11 132 
11 144 
11 174 
11 200 
11 203 
11 256 
11 273 
11 311 
11 390 
11 407 
11 418 
12 13 
12 15 
12 24 
12 30 
12 40 
12 52 
12 61 
12 74 
12 83 
12 90 
12 112 
12 124 
12 141 
12 149 
12 159 
12 189 
12 195 
12 207 
12 208 
12 216 
12 217 
12 238 
12 248 
12 272 
12 276 
12 372 
12 383 
12 385 
12 397 
12 408 
12 478 
13 16 
13 17 
13 18 
13 20 
13 28 
13 32 
13 36 
13 45 
13 49 
13 59 
13 62 
13 63 
13 65 
13 72 
13 80 
13 82 
13 87 
13 91 
13 103 
13 138 
13 141 
13 149 
13 156 
13 172 
13 175 
13 188 
13 205 
13 211 
13 250 
13 258 
13 288 
13 289 
13 304 
13 312 
13 333 
13 345 
13 368 
13 377 
13 393 
13 429 
13 439 
13 444 
13 481 
14 33 
14 47 
14 48 
14 56 
14 61 
14 63 
14 96 
14 101 
14 128 
14 144 
14 194 
14 199 
14 211 
14 218 
14 251 
14 257 
14 289 
14 333 
14 410 
14 413 
14 424 
15 40 
15 59 
15 61 
15 93 
15 95 
15 101 
15 108 
15 135 
15 143 
15 147 
15 263 
15 282 
15 313 
15 344 
15 452 
15 467 
15 468 
16 19 
16 20 
16 21 
16 22 
16 24 
16 25 
16 26 
16 28 
16 33 
16 39 
16 46 
16 55 
16 74 
16 84 
16 88 
16 118 
16 156 
16 170 
16 174 
16 193 
16 232 
16 238 
16 241 
16 246 
16 250 
16 268 
16 270 
16 293 
16 316 
16 318 
16 331 
16 334 
16 352 
16 415 
16 435 
16 436 
16 462 
16 463 
17 163 
18 21 
18 73 
18 89 
18 462 
19 75 
19 92 
19 99 
19 105 
19 113 
19 129 
19 133 
19 168 
19 190 
19 196 
19 303 
19 365 
19 411 
19 417 
19 423 
19 497 
20 21 
20 26 
20 66 
20 72 
20 74 
20 88 
20 89 
20 104 
20 136 
20 142 
20 171 
20 175 
20 225 
20 232 
20 240 
20 243 
20 252 
20 267 
20 273 
20 276 
20 283 
20 290 
20 294 
20 295 
20 348 
20 405 
20 411 
20 450 
20 487 
20 499 
21 61 
21 95 
21 154 
21 207 
21 297 
21 342 
21 450 
22 67 
22 106 
22 179 
22 228 
22 233 
22 447 
23 47 
23 115 
23 119 
23 131 
23 136 
23 139 
23 160 
23 201 
23 229 
23 255 
23 265 
23 274 
23 346 
23 414 
23 423 
23 435 
23 475 
23 486 
23 494 
24 32 
24 34 
24 35 
24 44 
24 57 
24 72 
24 96 
24 156 
24 169 
24 176 
24 198 
24 275 
24 353 
24 417 
24 465 
25 35 
25 40 
25 43 
25 47 
25 75 
25 86 
25 96 
25 128 
25 132 
25 145 
25 150 
25 179 
25 222 
25 224 
25 226 
25 238 
25 264 
25 306 
25 432 
25 451 
25 467 
25 486 
26 28 
26 37 
26 41 
26 44 
26 45 
26 55 
26 67 
26 94 
26 100 
26 112 
26 117 
26 123 
26 129 
26 193 
26 196 
26 199 
26 209 
26 254 
26 266 
26 272 
26 285 
26 295 
26 301 
26 305 
26 346 
26 401 
27 29 
27 33 
27 36 
27 38 
27 42 
27 51 
27 108 
27 111 
27 122 
27 229 
27 335 
27 398 
27 456 
27 468 
28 30 
28 38 
28 46 
28 54 
28 55 
28 65 
28 71 
28 76 
28 86 
28 89 
28 93 
28 98 
28 123 
28 139 
28 180 
28 208 
28 217 
28 220 
28 224 
28 276 
28 286 
28 293 
28 311 
28 368 
28 394 
28 402 
28 479 
28 480 
28 491 
28 496 
29 41 
29 62 
29 84 
29 146 
29 172 
29 221 
29 270 
29 324 
29 355 
29 384 
29 431 
30 70 
30 80 
30 83 
30 91 
30 95 
30 109 
30 122 
30 165 
30 171 
30 219 
30 266 
30 267 
30 314 
30 330 
30 392 
30 420 
30 425 
30 456 
30 476 
30 494 
31 34 
31 39 
31 102 
31 119 
31 153 
31 184 
31 201 
31 213 
31 233 
31 247 
31 255 
31 257 
31 258 
31 277 
31 328 
31 341 
31 370 
31 371 
31 387 
31 415 
31 429 
32 37 
32 121 
32 143 
32 178 
32 323 
32 326 
32 408 
32 445 
33 42 
33 44 
33 48 
33 49 
33 81 
33 82 
33 85 
33 128 
33 151 
33 169 
33 177 
33 227 
33 284 
33 315 
33 378 
33 437 
34 36 
34 40 
34 43 
34 57 
34 65 
34 97 
34 107 
34 125 
34 134 
34 143 
34 144 
34 154 
34 179 
34 183 
34 222 
34 305 
34 310 
34 314 
34 373 
34 375 
34 405 
34 432 
34 471 
35 46 
35 68 
35 73 
35 77 
35 84 
35 124 
35 174 
35 227 
35 230 
35 241 
35 300 
35 355 
35 416 
35 433 
35 440 
36 64 
36 82 
36 86 
36 100 
36 119 
36 158 
36 165 
36 189 
36 191 
36 192 
36 234 
36 326 
36 374 
36 427 
36 459 
36 465 
36 482 
36 489 
37 43 
37 63 
37 64 
37 76 
37 90 
37 113 
37 123 
37 139 
37 148 
37 157 
37 205 
37 218 
37 230 
37 313 
37 334 
37 337 
37 437 
37 475 
38 56 
38 112 
38 126 
38 146 
38 155 
38 206 
38 226 
38 363 
38 365 
38 488 
39 60 
39 89 
39 105 
39 115 
39 117 
39 131 
39 141 
39 147 
39 150 
39 152 
39 180 
39 184 
39 209 
39 210 
39 231 
39 240 
39 263 
39 267 
39 280 
39 332 
39 359 
39 360 
39 365 
39 373 
39 389 
39 409 
39 423 
39 449 
39 470 
39 474 
39 478 
39 495 
40 48 
40 104 
40 105 
40 107 
40 127 
40 182 
40 190 
40 192 
40 220 
40 231 
40 259 
40 270 
40 351 
40 381 
41 60 
41 68 
41 72 
41 85 
41 94 
41 103 
41 109 
41 118 
41 119 
41 125 
41 149 
41 159 
41 160 
41 179 
41 182 
41 184 
41 212 
41 231 
41 266 
41 308 
41 309 
41 337 
41 343 
41 397 
41 457 
41 466 
41 495 
42 50 
42 135 
42 166 
42 278 
43 69 
43 76 
43 104 
43 139 
43 202 
43 213 
43 233 
43 234 
43 279 
43 378 
43 381 
43 401 
44 65 
44 132 
44 162 
44 166 
44 184 
44 193 
44 268 
44 306 
44 340 
44 370 
44 420 
44 440 
44 463 
44 490 
45 137 
45 202 
45 214 
45 363 
45 442 
46 111 
46 164 
46 305 
46 353 
46 394 
46 422 
46 425 
46 470 
47 64 
47 68 
47 85 
47 114 
47 133 
47 198 
47 369 
47 468 
48 53 
48 71 
48 76 
48 92 
48 94 
48 97 
48 98 
48 109 
48 130 
48 159 
48 161 
48 210 
48 315 
48 317 
48 372 
48 416 
48 464 
49 58 
49 90 
49 100 
49 116 
49 236 
49 237 
49 260 
49 439 
50 147 
51 53 
52 107 
52 120 
52 127 
52 260 
53 66 
53 81 
53 131 
53 145 
53 154 
53 297 
53 303 
53 379 
54 80 
54 114 
54 117 
54 120 
54 148 
54 169 
54 226 
54 243 
54 271 
54 493 
55 91 
55 103 
55 142 
55 162 
55 459 
55 490 
56 320 
56 367 
57 100 
57 130 
57 177 
57 258 
57 274 
57 336 
58 62 
58 168 
58 385 
59 67 
59 269 
59 477 
60 96 
60 136 
60 186 
60 190 
60 205 
60 436 
61 64 
61 79 
61 85 
61 137 
61 271 
61 273 
61 357 
61 361 
61 380 
61 441 
61 447 
61 493 
62 206 
63 68 
63 356 
63 371 
63 402 
63 482 
64 70 
64 154 
64 305 
64 324 
64 417 
65 111 
65 230 
65 294 
66 82 
66 123 
66 126 
66 144 
66 185 
66 254 
66 340 
66 380 
66 391 
66 433 
66 443 
67 99 
67 101 
67 163 
67 168 
67 235 
67 299 
67 354 
67 418 
67 424 
68 73 
68 78 
68 101 
68 166 
68 263 
68 365 
68 430 
68 470 
68 477 
69 79 
69 94 
69 110 
69 124 
69 174 
69 261 
69 282 
69 294 
69 330 
69 386 
69 391 
69 455 
70 71 
70 148 
70 248 
70 319 
70 479 
71 97 
71 421 
71 453 
72 83 
72 88 
72 247 
72 271 
72 309 
72 388 
73 304 
73 481 
74 111 
74 140 
74 462 
74 467 
75 400 
75 431 
76 79 
76 107 
76 157 
76 235 
76 277 
76 450 
77 78 
77 147 
77 298 
77 301 
77 318 
77 333 
77 419 
78 140 
78 289 
78 296 
79 106 
79 110 
79 113 
79 132 
79 204 
79 245 
79 346 
79 382 
79 412 
80 102 
80 170 
80 195 
81 445 
82 183 
82 196 
82 265 
82 352 
82 389 
82 455 
83 108 
83 287 
83 375 
83 393 
83 488 
84 87 
84 211 
84 212 
84 253 
84 258 
84 279 
84 333 
84 340 
84 426 
84 487 
85 121 
86 116 
86 187 
86 316 
86 363 
86 449 
86 458 
87 251 
87 351 
87 448 
87 477 
88 202 
88 259 
88 341 
88 393 
88 407 
88 446 
89 124 
89 176 
89 222 
89 228 
89 245 
89 266 
89 357 
89 441 
89 496 
90 106 
90 129 
90 308 
90 328 
90 452 
90 457 
91 121 
91 180 
91 262 
91 493 
92 93 
92 98 
92 153 
92 181 
92 390 
93 339 
93 400 
94 167 
94 175 
94 281 
94 341 
94 418 
94 439 
95 128 
95 152 
95 192 
95 217 
95 225 
95 325 
95 403 
96 114 
96 117 
96 125 
96 142 
96 152 
96 163 
96 178 
96 186 
96 242 
96 289 
96 325 
96 405 
96 410 
96 416 
96 485 
96 498 
98 105 
98 185 
98 196 
98 304 
99 113 
99 118 
99 155 
99 162 
99 167 
99 183 
99 195 
99 214 
99 218 
99 225 
99 257 
99 307 
99 359 
99 464 
99 468 
99 496 
99 499 
100 135 
100 152 
100 172 
100 246 
100 287 
100 329 
100 473 
100 482 
101 138 
101 173 
101 186 
101 245 
101 274 
101 321 
101 322 
101 325 
101 442 
102 227 
102 318 
102 389 
103 164 
103 237 
103 259 
103 293 
104 151 
104 194 
104 369 
104 443 
104 496 
105 109 
105 122 
105 181 
105 302 
106 176 
106 352 
106 386 
107 133 
107 178 
107 197 
107 208 
107 220 
107 459 
108 127 
108 194 
108 246 
108 302 
108 368 
108 419 
109 110 
109 188 
109 216 
109 273 
109 287 
109 292 
109 364 
109 406 
109 460 
110 272 
110 347 
111 134 
111 194 
111 228 
112 232 
112 278 
112 398 
113 162 
113 187 
113 205 
113 220 
113 223 
113 307 
113 316 
113 360 
113 389 
113 451 
113 459 
114 170 
114 176 
114 255 
115 171 
115 334 
116 157 
117 201 
117 385 
118 161 
118 191 
118 242 
118 292 
118 384 
118 428 
119 175 
119 203 
119 287 
119 312 
119 329 
119 474 
119 479 
120 181 
120 218 
120 307 
120 338 
120 361 
121 200 
121 237 
122 207 
122 406 
123 165 
123 187 
123 206 
123 213 
123 248 
123 270 
123 288 
123 331 
123 336 
123 343 
123 446 
124 145 
124 150 
124 167 
124 213 
124 250 
124 253 
124 291 
124 320 
124 332 
124 354 
124 407 
124 421 
125 178 
125 252 
125 367 
125 488 
126 216 
126 298 
126 331 
127 253 
128 137 
128 163 
128 173 
128 277 
128 342 
129 141 
129 247 
129 324 
130 237 
130 353 
130 372 
130 463 
131 135 
131 215 
131 261 
131 262 
133 151 
133 198 
133 374 
133 472 
134 158 
134 234 
134 268 
134 425 
135 150 
135 271 
135 284 
135 434 
136 138 
136 161 
136 296 
136 364 
137 248 
137 358 
139 142 
139 235 
139 278 
139 328 
139 347 
139 383 
139 476 
140 145 
140 146 
140 199 
140 223 
140 234 
140 275 
140 302 
140 326 
140 339 
140 396 
140 405 
141 153 
141 190 
141 201 
141 390 
142 420 
143 350 
144 267 
144 309 
144 492 
145 173 
145 249 
145 274 
145 344 
145 395 
146 191 
146 310 
146 350 
146 413 
146 431 
146 473 
147 177 
147 193 
147 197 
147 215 
147 251 
147 265 
147 329 
147 443 
147 484 
147 494 
148 217 
148 385 
149 228 
149 241 
150 159 
150 254 
150 286 
150 296 
151 160 
151 239 
151 256 
151 282 
152 221 
152 337 
153 469 
154 165 
154 200 
154 251 
154 257 
154 332 
154 442 
154 475 
155 164 
155 189 
156 239 
156 469 
157 170 
157 310 
157 322 
158 172 
158 197 
158 264 
158 283 
158 295 
158 297 
158 382 
158 422 
158 471 
160 451 
160 492 
161 202 
162 188 
162 255 
162 323 
162 336 
162 371 
163 232 
163 236 
163 288 
163 391 
164 362 
164 376 
164 495 
165 300 
167 171 
167 249 
168 260 
168 342 
168 400 
168 487 
169 319 
169 374 
170 177 
172 187 
172 336 
172 395 
173 223 
173 349 
173 497 
174 280 
174 355 
174 410 
175 204 
175 375 
176 221 
177 499 
178 464 
179 256 
179 422 
179 467 
181 396 
182 214 
182 444 
182 487 
183 189 
183 192 
184 236 
184 463 
185 200 
185 204 
185 252 
185 300 
185 347 
186 198 
186 216 
186 227 
186 335 
187 246 
187 253 
187 291 
187 310 
187 416 
188 212 
188 326 
188 396 
189 318 
191 254 
191 259 
191 325 
191 399 
192 306 
192 392 
193 219 
193 301 
194 247 
195 264 
195 394 
197 383 
197 454 
198 239 
198 240 
198 316 
198 373 
198 387 
198 426 
199 303 
199 357 
199 451 
200 429 
201 225 
201 295 
201 341 
201 367 
201 425 
201 494 
202 244 
204 308 
205 358 
205 376 
205 395 
205 406 
205 428 
207 338 
207 362 
207 364 
207 401 
207 411 
207 484 
208 261 
208 348 
208 410 
208 427 
208 456 
208 473 
209 261 
209 299 
209 322 
210 288 
211 397 
214 262 
215 229 
215 366 
216 409 
217 345 
217 373 
217 418 
219 403 
220 226 
220 307 
220 478 
220 481 
220 498 
221 249 
222 313 
223 430 
224 311 
224 339 
224 349 
224 447 
225 302 
225 361 
225 370 
225 495 
226 243 
226 352 
226 498 
227 317 
227 444 
228 269 
228 443 
228 483 
229 283 
229 309 
230 278 
230 280 
230 323 
230 392 
232 299 
232 327 
232 453 
232 492 
233 388 
234 380 
235 404 
236 354 
236 415 
237 344 
237 454 
237 483 
238 327 
238 348 
239 438 
239 445 
239 472 
241 369 
244 330 
247 480 
248 321 
248 346 
248 404 
248 448 
251 308 
253 386 
253 472 
254 369 
254 497 
255 317 
255 319 
255 366 
255 486 
256 381 
256 409 
256 436 
257 417 
258 377 
258 471 
260 399 
260 437 
261 262 
261 306 
261 334 
261 471 
262 324 
262 331 
262 359 
262 397 
262 399 
262 465 
262 483 
263 285 
263 329 
263 376 
264 312 
265 290 
265 314 
265 458 
266 285 
266 382 
268 332 
269 290 
271 454 
271 474 
272 275 
273 366 
273 412 
273 427 
274 311 
275 367 
275 449 
276 292 
276 412 
277 297 
277 381 
277 382 
277 488 
278 300 
278 430 
280 283 
280 291 
282 412 
282 491 
283 411 
285 291 
288 363 
289 445 
293 455 
295 464 
296 304 
296 481 
297 455 
299 479 
299 482 
300 435 
300 458 
301 384 
303 419 
304 355 
306 448 
307 428 
308 391 
309 317 
309 461 
310 423 
311 404 
311 424 
313 380 
313 406 
314 338 
314 489 
315 403 
316 438 
317 448 
322 475 
325 460 
327 328 
327 353 
327 430 
327 462 
328 371 
329 383 
329 413 
330 440 
331 472 
332 379 
332 402 
333 415 
334 351 
334 414 
334 427 
335 435 
338 356 
342 442 
343 360 
344 449 
345 466 
347 401 
348 354 
349 444 
350 358 
350 408 
351 378 
352 421 
357 361 
358 491 
360 466 
365 376 
370 400 
372 393 
376 428 
377 457 
378 489 
379 447 
380 421 
380 490 
382 499 
383 414 
384 450 
388 422 
390 426 
390 484 
391 457 
393 402 
395 485 
399 434 
402 439 
409 491 
410 480 
410 490 
413 460 
417 469 
418 434 
418 453 
418 466 
423 429 
425 453 
429 452 
444 465 
446 480 
454 461 
454 497 
462 474 
467 477 
470 485 
473 498 
