false
false
500
1988
0 1 
0 3 
0 4 
0 5 
0 11 
0 13 
0 17 
0 23 
0 26 
0 45 
0 48 
0 76 
0 79 
0 82 
0 132 
0 151 
0 171 
0 192 
0 201 
0 210 
0 248 
0 254 
0 274 
0 297 
0 310 
0 313 
0 352 
0 373 
0 414 
0 429 
0 485 
1 2 
1 4 
1 5 
1 6 
1 7 
1 11 
1 16 
1 23 
1 32 
1 33 
1 39 
1 41 
1 47 
1 54 
1 55 
1 64 
1 88 
1 94 
1 99 
1 120 
1 125 
1 135 
1 148 
1 149 
1 153 
1 163 
1 164 
1 189 
1 225 
1 239 
1 243 
1 245 
1 246 
1 251 
1 285 
1 289 
1 300 
1 310 
1 317 
1 379 
1 419 
1 434 
1 435 
1 440 
1 489 
1 497 
2 3 
2 4 
2 12 
2 16 
2 37 
2 78 
2 80 
2 166 
2 170 
2 241 
2 260 
2 268 
2 301 
2 453 
3 4 
3 5 
3 6 
3 9 
3 14 
3 19 
3 20 
3 26 
3 31 
3 40 
3 48 
3 63 
3 83 
3 84 
3 95 
3 97 
3 104 
3 115 
3 132 
3 139 
3 142 
3 145 
3 154 
3 159 
3 160 
3 167 
3 180 
3 182 
3 188 
3 268 
3 308 
3 324 
3 396 
3 398 
3 412 
3 428 
3 450 
3 480 
3 496 
4 5 
4 6 
4 7 
4 8 
4 10 
4 11 
4 12 
4 14 
4 15 
4 16 
4 18 
4 21 
4 27 
4 28 
4 29 
4 30 
4 38 
4 42 
4 48 
4 51 
4 53 
4 58 
4 59 
4 70 
4 72 
4 77 
4 89 
4 90 
4 97 
4 108 
4 121 
4 128 
4 136 
4 146 
4 149 
4 151 
4 152 
4 162 
4 166 
4 172 
4 177 
4 186 
4 195 
4 196 
4 199 
4 227 
4 244 
4 265 
4 305 
4 313 
4 318 
4 320 
4 329 
4 397 
4 421 
4 448 
4 451 
4 464 
4 481 
4 496 
4 498 
4 499 
5 6 
5 7 
5 8 
5 9 
5 10 
5 18 
5 21 
5 22 
5 25 
5 28 
5 30 
5 31 
5 38 
5 47 
5 57 
5 75 
5 77 
5 80 
5 83 
5 85 
5 102 
5 163 
5 173 
5 179 
5 189 
5 190 
5 205 
5 209 
5 219 
5 221 
5 224 
5 241 
5 266 
5 300 
5 333 
5 381 
5 426 
5 447 
6 7 
6 8 
6 9 
6 17 
6 20 
6 32 
6 36 
6 37 
6 49 
6 63 
6 69 
6 99 
6 119 
6 129 
6 130 
6 134 
6 176 
6 195 
6 212 
6 234 
6 239 
6 242 
6 254 
6 267 
6 296 
6 302 
6 341 
6 353 
6 371 
6 406 
6 412 
6 424 
6 454 
6 487 
6 488 
7 8 
7 9 
7 11 
7 13 
7 15 
7 24 
7 27 
7 29 
7 34 
7 38 
7 39 
7 43 
7 44 
7 46 
7 49 
7 51 
7 54 
7 55 
7 59 
7 70 
7 79 
7 84 
7 92 
7 103 
7 107 
7 111 
7 117 
7 118 
7 130 
7 132 
7 138 
7 157 
7 158 
7 165 
7 175 
7 188 
7 197 
7 199 
7 210 
7 213 
7 219 
7 227 
7 232 
7 236 
7 261 
7 286 
7 288 
7 296 
7 301 
7 325 
7 351 
7 355 
7 376 
7 378 
7 385 
7 408 
7 446 
7 462 
7 487 
8 10 
8 12 
8 13 
8 14 
8 17 
8 19 
8 29 
8 30 
8 53 
8 82 
8 84 
8 87 
8 89 
8 96 
8 101 
8 102 
8 117 
8 125 
8 134 
8 140 
8 143 
8 153 
8 167 
8 169 
8 182 
8 183 
8 184 
8 202 
8 224 
8 238 
8 289 
8 309 
8 354 
8 395 
8 407 
8 415 
8 432 
8 448 
8 469 
8 479 
9 10 
9 13 
9 15 
9 16 
9 18 
9 22 
9 25 
9 27 
9 44 
9 56 
9 68 
9 70 
9 102 
9 105 
9 122 
9 129 
9 144 
9 153 
9 165 
9 168 
9 200 
9 214 
9 223 
9 247 
9 249 
9 267 
9 276 
9 282 
9 287 
9 311 
9 322 
9 354 
9 373 
9 390 
9 400 
9 420 
9 426 
9 449 
9 477 
10 12 
10 40 
10 49 
10 95 
10 103 
10 191 
10 200 
10 223 
10 279 
10 362 
10 379 
10 385 
10 393 
10 394 
10 401 
10 471 
11 14 
11 15 
11 24 
11 38 
11 47 
11 62 
11 67 
11 73 
11 111 
11 186 
11 222 
11 266 
11 280 
11 316 
11 323 
11 329 
11 338 
11 350 
11 397 
11 415 
11 433 
11 457 
12 17 
12 19 
12 53 
12 60 
12 87 
12 103 
12 109 
12 185 
12 201 
12 235 
12 240 
12 264 
12 281 
12 295 
12 306 
12 402 
12 405 
12 482 
13 20 
13 21 
13 22 
13 34 
13 41 
13 47 
13 52 
13 74 
13 113 
13 114 
13 124 
13 129 
13 133 
13 205 
13 225 
13 265 
13 284 
13 286 
13 295 
13 310 
13 348 
13 378 
13 461 
13 482 
14 20 
14 33 
14 40 
14 137 
14 186 
14 197 
14 223 
14 277 
14 312 
14 315 
14 339 
14 354 
14 399 
14 461 
15 39 
15 50 
15 58 
15 68 
15 81 
15 86 
15 116 
15 141 
15 163 
15 188 
15 214 
15 222 
15 232 
15 239 
15 287 
15 303 
15 319 
15 323 
15 342 
15 368 
15 373 
15 418 
15 461 
15 467 
16 26 
16 35 
16 36 
16 41 
16 66 
16 67 
16 74 
16 104 
16 212 
16 430 
16 445 
16 495 
17 18 
17 26 
17 29 
17 30 
17 31 
17 43 
17 197 
17 208 
17 262 
17 313 
17 321 
17 381 
17 407 
17 427 
17 495 
18 19 
18 24 
18 25 
18 35 
18 46 
18 52 
18 54 
18 57 
18 60 
18 68 
18 91 
18 94 
18 105 
18 107 
18 110 
18 120 
18 130 
18 198 
18 201 
18 204 
18 228 
18 234 
18 251 
18 264 
18 316 
18 327 
18 370 
18 444 
18 481 
18 494 
19 23 
19 27 
19 40 
19 42 
19 56 
19 61 
19 63 
19 69 
19 72 
19 87 
19 105 
19 106 
19 134 
19 141 
19 148 
19 166 
19 180 
19 211 
19 226 
19 236 
19 265 
19 272 
19 278 
19 293 
19 306 
20 21 
20 28 
20 32 
20 46 
20 55 
20 71 
20 77 
20 79 
20 90 
20 117 
20 123 
20 141 
20 167 
20 204 
20 229 
20 250 
20 256 
20 257 
20 283 
20 309 
20 324 
20 330 
20 378 
20 396 
20 418 
20 424 
20 435 
20 473 
20 480 
21 22 
21 34 
21 50 
21 65 
21 96 
21 98 
21 101 
21 104 
21 140 
21 157 
21 169 
21 170 
21 174 
21 185 
21 205 
21 207 
21 216 
21 218 
21 306 
21 320 
21 324 
21 347 
21 393 
21 441 
21 476 
22 23 
22 24 
22 28 
22 33 
22 45 
22 64 
22 67 
22 93 
22 94 
22 103 
22 106 
22 137 
22 154 
22 156 
22 226 
22 234 
22 307 
22 342 
22 361 
22 473 
23 50 
23 55 
23 58 
23 117 
23 187 
23 326 
23 396 
24 25 
24 31 
24 36 
24 44 
24 45 
24 60 
24 69 
24 93 
24 111 
24 138 
24 142 
24 153 
24 155 
24 200 
24 208 
24 237 
24 256 
24 280 
24 288 
24 318 
24 336 
24 355 
24 363 
24 365 
24 407 
24 412 
24 423 
24 485 
24 486 
25 65 
25 131 
25 136 
25 163 
25 176 
25 249 
25 263 
25 424 
26 37 
26 51 
26 56 
26 109 
26 170 
26 178 
26 188 
26 198 
26 204 
26 261 
26 322 
26 374 
26 426 
26 477 
27 32 
27 177 
27 246 
27 343 
28 34 
28 39 
28 43 
28 112 
28 114 
28 241 
28 252 
28 342 
28 398 
29 33 
29 44 
29 61 
29 107 
29 128 
29 185 
29 220 
29 257 
29 258 
29 300 
29 320 
29 358 
29 436 
29 460 
29 478 
29 499 
30 124 
30 161 
31 46 
31 58 
31 115 
31 154 
31 161 
31 180 
31 195 
31 209 
31 278 
31 288 
31 303 
31 351 
31 371 
31 391 
31 399 
31 491 
32 35 
32 36 
32 81 
32 106 
32 165 
32 212 
32 233 
32 251 
32 413 
32 416 
32 456 
32 495 
33 80 
34 35 
34 42 
34 57 
34 61 
34 64 
34 76 
34 78 
34 85 
34 95 
34 108 
34 122 
34 134 
34 146 
34 167 
34 206 
34 255 
34 280 
34 281 
34 291 
34 297 
34 305 
34 372 
34 411 
34 458 
34 466 
34 492 
35 43 
35 52 
35 57 
35 66 
35 113 
35 169 
35 171 
35 178 
35 215 
35 230 
35 267 
35 271 
35 302 
35 322 
35 340 
35 403 
36 37 
36 85 
36 89 
36 97 
36 98 
36 101 
36 106 
36 115 
36 197 
36 203 
36 216 
36 218 
36 286 
36 317 
36 411 
36 414 
36 459 
36 474 
36 476 
37 41 
37 100 
37 104 
37 144 
37 158 
37 173 
37 220 
37 249 
38 45 
38 53 
38 56 
38 60 
38 62 
38 70 
38 100 
38 102 
38 112 
38 125 
38 128 
38 240 
38 245 
38 259 
38 297 
38 327 
38 364 
38 385 
38 440 
39 74 
39 81 
39 96 
39 105 
39 126 
39 133 
39 155 
39 159 
39 203 
39 214 
39 231 
39 248 
39 256 
39 262 
39 290 
39 291 
39 312 
39 313 
39 371 
39 372 
39 386 
39 391 
39 413 
39 454 
39 474 
40 122 
40 460 
41 42 
41 54 
41 71 
41 73 
41 76 
41 91 
41 97 
41 109 
41 123 
41 154 
41 179 
41 212 
41 285 
41 292 
41 338 
41 346 
41 404 
41 430 
41 444 
42 59 
42 110 
42 128 
42 187 
42 265 
42 290 
43 50 
43 63 
43 138 
43 158 
43 217 
43 220 
43 307 
43 315 
43 339 
43 353 
43 364 
43 384 
43 392 
43 400 
43 411 
43 417 
43 421 
43 443 
43 447 
43 462 
44 48 
44 51 
44 82 
44 136 
44 290 
45 52 
45 101 
45 144 
45 170 
45 284 
45 294 
45 333 
45 388 
45 389 
46 49 
46 62 
46 69 
46 84 
46 92 
46 126 
46 131 
46 201 
46 248 
46 274 
46 276 
46 290 
46 338 
46 340 
46 438 
47 59 
47 88 
47 113 
47 168 
47 181 
47 190 
47 250 
47 252 
47 469 
47 484 
48 72 
48 75 
48 76 
48 147 
48 177 
48 341 
48 481 
49 64 
49 193 
49 231 
49 283 
49 360 
49 363 
49 406 
49 434 
49 471 
50 65 
50 121 
50 344 
50 345 
51 75 
51 90 
51 100 
51 205 
51 244 
51 291 
51 305 
51 316 
51 342 
51 379 
51 386 
51 399 
51 465 
51 469 
51 490 
52 96 
52 99 
52 169 
52 173 
52 211 
52 254 
52 387 
52 483 
53 81 
53 91 
53 93 
53 157 
53 183 
53 292 
53 375 
53 377 
54 62 
54 74 
54 75 
54 178 
54 194 
54 276 
54 281 
54 403 
55 65 
55 83 
55 137 
55 269 
55 277 
55 299 
55 308 
55 328 
55 353 
55 359 
56 67 
56 79 
56 152 
56 179 
56 270 
56 272 
56 291 
56 298 
56 339 
56 351 
56 388 
56 457 
56 465 
56 469 
57 71 
57 86 
57 95 
57 109 
57 121 
57 131 
57 140 
57 146 
57 152 
57 173 
57 191 
57 194 
57 236 
57 301 
57 314 
57 383 
57 410 
57 472 
58 107 
59 66 
59 78 
59 159 
59 179 
59 235 
59 244 
59 252 
59 253 
59 310 
59 333 
59 346 
59 348 
59 393 
59 397 
59 429 
59 499 
60 61 
60 73 
60 193 
60 344 
60 449 
61 68 
61 88 
61 115 
61 194 
61 217 
61 250 
61 259 
61 273 
61 274 
61 322 
62 72 
62 86 
62 123 
62 216 
62 262 
62 374 
62 389 
62 392 
62 395 
62 475 
63 93 
63 171 
63 176 
63 181 
63 294 
63 296 
63 332 
64 71 
64 125 
64 144 
64 150 
64 161 
64 198 
64 213 
64 235 
64 262 
64 328 
64 350 
64 361 
64 370 
64 380 
64 382 
64 401 
64 406 
64 450 
64 497 
65 66 
65 88 
65 112 
65 143 
65 192 
65 261 
65 324 
65 343 
65 376 
66 78 
66 83 
66 139 
66 269 
66 312 
66 358 
66 367 
66 406 
66 414 
66 485 
67 85 
67 94 
67 114 
67 127 
67 161 
67 245 
67 246 
67 271 
67 331 
68 73 
68 118 
68 120 
68 123 
68 135 
68 139 
68 147 
68 157 
68 171 
68 206 
68 210 
68 213 
68 230 
68 279 
68 280 
68 317 
68 347 
68 382 
68 441 
68 474 
68 482 
69 80 
69 177 
70 91 
70 172 
70 305 
70 359 
70 362 
70 400 
70 426 
71 100 
71 124 
71 146 
71 184 
71 365 
72 137 
72 166 
72 199 
72 207 
72 221 
72 430 
72 450 
73 139 
73 241 
73 260 
74 131 
74 225 
74 256 
74 292 
74 319 
74 358 
74 497 
75 77 
75 89 
75 110 
75 120 
75 127 
75 129 
75 136 
75 155 
75 195 
75 344 
75 359 
75 375 
75 416 
75 478 
76 243 
76 258 
77 82 
77 87 
77 92 
77 127 
77 142 
77 162 
77 238 
77 275 
77 283 
77 385 
77 387 
77 391 
77 420 
77 443 
77 460 
77 463 
78 151 
78 191 
78 222 
78 240 
78 376 
78 486 
79 116 
79 122 
79 141 
80 454 
81 335 
81 379 
82 321 
83 86 
83 124 
83 263 
83 311 
83 325 
83 448 
84 126 
84 174 
84 236 
84 316 
84 331 
84 332 
84 345 
84 381 
84 479 
84 484 
85 98 
85 114 
85 160 
85 304 
85 321 
85 377 
85 391 
85 416 
86 118 
86 165 
86 337 
86 408 
86 488 
87 92 
87 99 
87 116 
87 164 
87 168 
87 467 
88 156 
88 180 
88 211 
88 480 
89 90 
89 108 
89 208 
89 255 
89 382 
89 383 
89 416 
89 431 
90 98 
90 162 
91 181 
91 186 
91 189 
91 194 
91 224 
91 304 
91 323 
91 336 
91 364 
91 442 
91 478 
92 116 
93 162 
93 353 
93 400 
94 234 
94 248 
95 152 
95 480 
96 263 
96 488 
97 150 
97 219 
97 327 
97 360 
97 369 
97 444 
97 456 
98 126 
98 147 
98 193 
98 352 
98 429 
98 435 
99 175 
99 202 
99 457 
100 145 
100 160 
100 183 
100 190 
100 223 
100 238 
100 331 
100 383 
100 466 
101 231 
101 282 
101 398 
101 476 
102 108 
102 110 
102 112 
102 143 
102 190 
102 253 
102 268 
102 285 
102 410 
102 415 
102 419 
102 443 
103 187 
103 261 
103 350 
104 113 
104 148 
104 229 
104 281 
104 419 
105 172 
105 228 
105 326 
105 349 
105 380 
106 119 
106 216 
106 229 
106 410 
106 490 
107 191 
108 111 
108 204 
108 392 
108 442 
109 334 
110 319 
110 395 
110 468 
110 491 
111 135 
111 198 
111 221 
111 272 
111 373 
111 437 
112 148 
112 233 
113 119 
113 215 
113 230 
113 303 
113 431 
113 455 
114 118 
114 119 
114 200 
114 270 
114 298 
115 130 
115 138 
115 182 
115 227 
115 242 
115 255 
115 389 
115 449 
116 264 
116 308 
118 121 
118 127 
118 135 
118 149 
119 143 
119 196 
119 230 
119 247 
119 302 
119 339 
119 468 
120 140 
121 442 
122 187 
122 228 
122 258 
122 286 
122 488 
123 133 
123 145 
124 178 
124 185 
124 242 
124 308 
124 409 
125 402 
126 132 
126 159 
126 207 
126 392 
126 425 
127 142 
127 260 
127 474 
128 133 
128 164 
128 447 
129 196 
129 225 
129 436 
130 145 
130 331 
130 357 
130 451 
130 475 
131 209 
131 335 
131 343 
132 172 
132 266 
132 361 
132 372 
133 151 
133 164 
133 219 
133 255 
133 344 
133 381 
133 405 
134 147 
134 150 
134 206 
134 228 
134 235 
134 274 
134 298 
134 360 
134 425 
134 437 
134 439 
134 457 
134 464 
135 237 
135 246 
135 295 
135 333 
135 462 
136 273 
136 287 
137 214 
137 360 
138 323 
139 149 
139 221 
139 409 
139 463 
140 174 
140 359 
140 393 
140 407 
140 455 
140 498 
141 155 
142 160 
143 196 
143 335 
143 418 
143 449 
144 354 
144 471 
145 150 
145 220 
145 301 
145 405 
145 461 
146 276 
146 433 
147 156 
147 257 
148 181 
148 182 
148 251 
148 277 
148 295 
149 317 
150 156 
150 232 
150 239 
150 345 
150 386 
150 421 
151 394 
152 210 
152 275 
152 299 
152 340 
153 217 
154 174 
154 237 
155 158 
156 192 
156 267 
156 377 
157 168 
157 202 
157 226 
157 341 
157 361 
157 368 
157 409 
158 263 
158 269 
158 270 
158 452 
158 455 
159 442 
159 466 
160 243 
161 184 
161 253 
161 422 
162 183 
162 203 
162 227 
162 432 
163 176 
163 193 
163 211 
163 232 
163 257 
163 271 
163 283 
163 401 
163 420 
163 497 
164 184 
164 366 
165 192 
165 452 
167 380 
168 175 
168 260 
168 446 
169 175 
169 390 
169 412 
169 446 
170 329 
171 272 
171 312 
172 365 
173 215 
173 473 
174 240 
174 356 
174 428 
176 206 
177 268 
177 330 
177 348 
177 477 
178 357 
179 303 
180 341 
180 362 
180 374 
180 468 
181 329 
183 269 
184 396 
185 189 
185 203 
185 215 
185 226 
185 238 
185 273 
185 289 
185 297 
185 332 
185 372 
185 425 
185 427 
186 332 
186 405 
187 231 
188 282 
188 284 
188 314 
188 366 
189 292 
189 363 
190 209 
190 213 
190 270 
191 293 
191 401 
191 428 
191 438 
191 443 
193 242 
193 245 
193 307 
193 340 
193 459 
194 418 
194 423 
195 282 
196 202 
196 250 
196 309 
196 362 
196 438 
197 259 
197 320 
197 376 
197 479 
198 199 
198 404 
198 438 
198 453 
199 254 
200 207 
200 356 
200 411 
200 417 
200 420 
200 441 
201 208 
201 244 
203 368 
203 439 
204 327 
205 218 
205 293 
205 296 
205 321 
205 347 
205 390 
206 275 
206 472 
207 218 
207 273 
207 315 
207 367 
207 369 
207 382 
207 394 
207 439 
207 467 
207 496 
209 307 
210 233 
210 306 
211 229 
211 233 
211 328 
212 355 
213 217 
213 357 
213 403 
213 410 
214 422 
215 222 
215 284 
215 314 
215 414 
216 298 
216 330 
216 356 
216 408 
216 417 
216 444 
216 446 
216 492 
217 252 
217 356 
217 386 
218 358 
218 422 
220 293 
220 347 
220 425 
220 470 
222 300 
222 355 
223 224 
223 302 
224 408 
224 439 
225 277 
225 287 
225 493 
226 299 
226 343 
226 357 
226 455 
226 471 
227 258 
227 278 
229 271 
229 375 
230 348 
231 247 
231 275 
231 311 
231 337 
231 349 
231 433 
232 247 
232 294 
232 326 
232 453 
234 237 
234 450 
234 496 
235 437 
236 384 
237 294 
237 337 
237 394 
237 481 
238 259 
239 243 
239 279 
240 336 
240 351 
240 415 
240 493 
241 318 
242 249 
243 402 
244 456 
244 483 
245 335 
246 431 
246 494 
248 253 
248 464 
250 448 
251 328 
251 493 
253 349 
253 398 
253 486 
254 498 
255 330 
255 419 
256 304 
256 346 
256 424 
256 451 
256 482 
258 390 
258 489 
259 264 
259 266 
259 368 
259 370 
260 378 
261 397 
262 423 
263 422 
263 464 
264 334 
264 388 
264 434 
264 484 
265 369 
265 389 
265 433 
265 445 
266 319 
266 346 
268 309 
268 427 
270 375 
271 279 
271 423 
271 479 
272 371 
273 278 
276 315 
277 325 
277 334 
277 336 
277 338 
277 432 
277 487 
279 285 
279 288 
279 299 
279 352 
280 427 
281 377 
282 289 
282 431 
283 395 
285 387 
289 326 
289 369 
290 318 
290 367 
290 451 
290 465 
291 311 
293 429 
293 447 
294 491 
295 388 
295 404 
297 472 
298 383 
299 384 
300 304 
301 462 
304 345 
304 384 
304 387 
306 445 
307 325 
307 421 
307 473 
310 409 
310 494 
313 314 
314 477 
315 374 
315 490 
315 499 
316 440 
317 349 
317 367 
317 478 
320 334 
320 432 
320 467 
323 352 
326 363 
327 413 
328 350 
328 366 
331 402 
332 485 
332 492 
334 337 
335 364 
335 441 
335 445 
335 465 
335 475 
345 430 
353 417 
356 366 
357 399 
358 475 
364 365 
364 370 
365 483 
373 489 
373 493 
374 459 
375 380 
377 458 
377 494 
379 404 
379 435 
384 436 
387 470 
391 403 
392 413 
393 428 
398 491 
399 458 
405 436 
406 452 
406 456 
408 437 
409 470 
409 476 
415 470 
417 452 
420 434 
421 440 
427 463 
427 495 
430 492 
435 472 
436 468 
436 483 
446 453 
447 454 
448 458 
448 486 
452 459 
452 460 
459 487 
461 463 
462 466 
463 490 
473 484 
475 489 
478 498 
