false
false
500
1988
0 1 
0 3 
0 4 
0 5 
0 7 
0 8 
0 13 
0 17 
0 18 
0 20 
0 21 
0 22 
0 23 
0 25 
0 26 
0 29 
0 30 
0 36 
0 38 
0 39 
0 51 
0 54 
0 57 
0 58 
0 62 
0 64 
0 66 
0 79 
0 87 
0 114 
0 123 
0 125 
0 129 
0 157 
0 163 
0 169 
0 171 
0 190 
0 214 
0 217 
0 222 
0 224 
0 239 
0 261 
0 262 
0 263 
0 266 
0 271 
0 279 
0 281 
0 284 
0 289 
0 293 
0 301 
0 303 
0 317 
0 333 
0 340 
0 341 
0 352 
0 355 
0 366 
0 391 
0 400 
0 402 
0 403 
0 412 
0 413 
0 416 
0 422 
0 437 
0 448 
0 456 
0 459 
0 460 
0 470 
0 480 
1 2 
1 4 
1 5 
1 6 
1 9 
1 18 
1 24 
1 28 
1 29 
1 38 
1 40 
1 52 
1 53 
1 57 
1 66 
1 98 
1 103 
1 125 
1 154 
1 156 
1 208 
1 209 
1 220 
1 260 
1 264 
1 280 
1 331 
1 346 
1 373 
1 476 
2 3 
2 4 
2 5 
2 6 
2 7 
2 9 
2 10 
2 13 
2 14 
2 15 
2 18 
2 19 
2 21 
2 22 
2 27 
2 38 
2 42 
2 46 
2 56 
2 61 
2 76 
2 85 
2 86 
2 91 
2 106 
2 119 
2 133 
2 134 
2 140 
2 143 
2 148 
2 159 
2 164 
2 175 
2 178 
2 195 
2 198 
2 206 
2 207 
2 220 
2 232 
2 235 
2 243 
2 249 
2 251 
2 253 
2 255 
2 258 
2 266 
2 272 
2 273 
2 277 
2 278 
2 282 
2 292 
2 304 
2 308 
2 309 
2 330 
2 342 
2 349 
2 358 
2 363 
2 383 
2 395 
2 414 
2 421 
2 430 
2 438 
2 453 
2 468 
2 469 
2 470 
2 480 
2 485 
2 488 
3 4 
3 5 
3 6 
3 7 
3 12 
3 16 
3 19 
3 26 
3 28 
3 49 
3 54 
3 56 
3 75 
3 119 
3 144 
3 179 
3 197 
3 214 
3 263 
3 317 
3 325 
3 409 
3 493 
4 6 
4 8 
4 9 
4 10 
4 11 
4 13 
4 14 
4 16 
4 17 
4 18 
4 20 
4 21 
4 23 
4 24 
4 27 
4 40 
4 41 
4 49 
4 53 
4 58 
4 67 
4 70 
4 74 
4 76 
4 84 
4 85 
4 86 
4 93 
4 96 
4 101 
4 111 
4 116 
4 118 
4 124 
4 132 
4 138 
4 143 
4 152 
4 158 
4 172 
4 191 
4 205 
4 209 
4 221 
4 224 
4 226 
4 246 
4 257 
4 279 
4 294 
4 296 
4 306 
4 315 
4 333 
4 358 
4 362 
4 366 
4 371 
4 374 
4 427 
4 430 
4 449 
4 484 
4 491 
5 8 
5 14 
5 71 
5 80 
5 158 
5 173 
5 189 
5 238 
5 239 
5 283 
5 332 
5 370 
5 408 
5 487 
6 7 
6 8 
6 9 
6 11 
6 12 
6 13 
6 15 
6 17 
6 20 
6 23 
6 27 
6 35 
6 55 
6 59 
6 61 
6 69 
6 72 
6 73 
6 74 
6 75 
6 90 
6 98 
6 148 
6 153 
6 182 
6 189 
6 193 
6 205 
6 210 
6 229 
6 239 
6 265 
6 285 
6 287 
6 296 
6 314 
6 318 
6 339 
6 348 
6 355 
6 389 
6 405 
6 421 
6 425 
6 427 
6 429 
6 444 
6 464 
6 466 
6 474 
6 493 
7 11 
7 16 
7 20 
7 25 
7 30 
7 35 
7 55 
7 62 
7 71 
7 75 
7 93 
7 100 
7 103 
7 177 
7 178 
7 180 
7 221 
7 278 
7 310 
7 327 
7 355 
7 357 
7 379 
7 402 
7 419 
7 424 
7 457 
7 459 
7 477 
7 478 
7 482 
8 10 
8 11 
8 12 
8 23 
8 25 
8 28 
8 36 
8 37 
8 41 
8 46 
8 47 
8 50 
8 77 
8 88 
8 89 
8 102 
8 112 
8 123 
8 149 
8 199 
8 206 
8 209 
8 299 
8 331 
8 374 
8 391 
8 408 
8 417 
8 424 
8 442 
8 444 
8 454 
8 465 
8 480 
8 482 
9 10 
9 12 
9 16 
9 17 
9 19 
9 21 
9 24 
9 41 
9 52 
9 56 
9 61 
9 67 
9 92 
9 119 
9 127 
9 153 
9 170 
9 183 
9 219 
9 220 
9 234 
9 247 
9 258 
9 315 
9 335 
9 336 
9 344 
9 389 
9 438 
9 458 
9 460 
9 465 
9 499 
10 15 
10 45 
10 47 
10 63 
10 125 
10 166 
10 175 
10 188 
10 380 
10 409 
11 14 
11 24 
11 37 
11 45 
11 65 
11 79 
11 102 
11 122 
11 170 
11 290 
11 300 
11 311 
11 385 
11 393 
12 15 
12 27 
12 31 
12 54 
12 65 
12 126 
12 136 
12 149 
12 150 
12 159 
12 186 
12 201 
12 215 
12 218 
12 235 
12 252 
12 323 
12 344 
12 354 
12 454 
13 33 
13 65 
13 71 
13 96 
13 111 
13 128 
13 172 
13 189 
13 198 
13 219 
13 249 
13 287 
13 300 
13 433 
13 439 
14 22 
14 28 
14 32 
14 34 
14 35 
14 43 
14 70 
14 72 
14 92 
14 95 
14 108 
14 110 
14 126 
14 128 
14 156 
14 160 
14 169 
14 205 
14 213 
14 227 
14 240 
14 316 
14 326 
14 343 
14 347 
14 361 
14 388 
14 401 
14 485 
14 486 
14 498 
15 19 
15 32 
15 51 
15 121 
15 123 
15 185 
15 193 
15 223 
15 227 
15 233 
15 318 
15 329 
15 394 
15 398 
15 437 
15 464 
15 466 
16 31 
16 39 
16 96 
16 105 
16 106 
16 117 
16 122 
16 137 
16 146 
16 157 
16 162 
16 169 
16 179 
16 200 
16 219 
16 251 
16 274 
16 360 
16 375 
16 395 
16 429 
16 478 
17 26 
17 29 
17 33 
17 46 
17 48 
17 79 
17 85 
17 137 
17 155 
17 164 
17 280 
17 285 
17 296 
17 390 
17 444 
18 42 
18 55 
18 59 
18 131 
18 204 
18 249 
18 347 
18 349 
18 411 
18 475 
19 36 
19 47 
19 57 
19 66 
19 79 
19 80 
19 91 
19 99 
19 104 
19 113 
19 147 
19 256 
19 314 
19 359 
19 360 
19 441 
19 445 
19 462 
20 25 
20 37 
20 60 
20 64 
20 121 
20 171 
20 179 
20 295 
20 454 
21 22 
21 29 
21 32 
21 33 
21 35 
21 67 
21 68 
21 101 
21 111 
21 121 
21 147 
21 193 
21 217 
21 230 
21 251 
21 301 
21 341 
21 360 
21 380 
21 385 
21 490 
21 491 
22 62 
22 73 
22 83 
22 110 
22 115 
22 116 
22 139 
22 151 
22 165 
22 180 
22 181 
22 186 
22 189 
22 197 
22 206 
22 222 
22 228 
22 281 
22 284 
22 290 
22 301 
22 386 
22 392 
22 398 
22 428 
22 471 
23 80 
23 191 
23 192 
23 208 
24 26 
24 30 
24 44 
24 50 
24 68 
24 70 
24 74 
24 113 
24 116 
24 186 
24 201 
24 271 
24 275 
24 337 
24 345 
24 499 
25 43 
25 53 
25 58 
25 72 
25 92 
25 95 
25 110 
25 116 
25 186 
25 191 
25 244 
25 245 
25 281 
25 308 
25 334 
25 366 
25 406 
25 411 
25 458 
26 34 
26 40 
26 42 
26 61 
26 84 
26 86 
26 101 
26 111 
26 112 
26 117 
26 122 
26 142 
26 153 
26 177 
26 396 
26 454 
27 102 
27 138 
27 143 
27 153 
27 168 
27 210 
27 212 
27 218 
27 229 
27 232 
27 279 
27 367 
28 30 
28 39 
28 43 
28 62 
28 88 
28 94 
28 107 
28 126 
28 132 
28 140 
28 183 
28 184 
28 225 
28 238 
28 268 
28 304 
28 334 
28 373 
28 381 
28 404 
28 418 
28 434 
29 31 
29 32 
29 43 
29 45 
29 49 
29 54 
29 55 
29 60 
29 66 
29 86 
29 88 
29 97 
29 108 
29 114 
29 140 
29 161 
29 167 
29 184 
29 196 
29 234 
29 240 
29 250 
29 254 
29 259 
29 270 
29 283 
29 290 
29 292 
29 322 
29 328 
29 329 
29 332 
29 337 
29 344 
29 346 
29 361 
29 399 
29 402 
29 432 
29 448 
29 460 
29 463 
29 488 
30 31 
30 34 
30 36 
30 40 
30 44 
30 45 
30 46 
30 48 
30 50 
30 71 
30 75 
30 76 
30 107 
30 110 
30 113 
30 115 
30 129 
30 173 
30 174 
30 197 
30 199 
30 224 
30 236 
30 268 
30 321 
30 334 
30 337 
30 352 
30 377 
30 387 
30 398 
30 436 
30 443 
30 445 
30 479 
30 494 
31 34 
31 39 
31 48 
31 53 
31 63 
31 67 
31 85 
31 90 
31 126 
31 145 
31 146 
31 148 
31 157 
31 200 
31 210 
31 232 
31 307 
31 309 
31 330 
31 340 
31 347 
31 396 
31 397 
31 417 
31 453 
31 458 
32 33 
32 52 
32 80 
32 82 
32 105 
32 200 
32 274 
32 294 
32 325 
32 405 
33 48 
33 69 
33 77 
33 143 
33 211 
33 292 
33 341 
33 382 
34 37 
34 50 
34 69 
34 97 
34 136 
34 147 
34 155 
34 213 
34 223 
34 256 
34 265 
34 269 
34 288 
34 388 
34 449 
34 451 
34 478 
35 38 
35 103 
35 150 
35 223 
35 261 
35 484 
36 44 
36 49 
36 63 
36 100 
36 127 
36 128 
36 137 
36 163 
36 166 
36 167 
36 174 
36 199 
36 236 
36 259 
36 289 
36 308 
36 317 
36 319 
36 335 
36 348 
36 350 
36 420 
36 452 
36 459 
36 464 
36 473 
36 475 
36 477 
36 489 
36 492 
37 78 
37 108 
37 119 
37 142 
37 166 
37 240 
37 293 
37 312 
38 59 
38 60 
38 64 
38 81 
38 139 
38 226 
38 321 
38 347 
38 375 
38 390 
38 420 
38 438 
38 443 
38 450 
39 42 
39 51 
39 73 
39 81 
39 91 
39 100 
39 120 
39 174 
39 188 
39 196 
39 218 
39 283 
39 317 
39 349 
39 452 
39 470 
40 41 
40 58 
40 74 
40 286 
40 296 
40 346 
40 392 
40 394 
41 51 
41 63 
41 78 
41 108 
41 109 
41 135 
41 204 
41 240 
41 245 
41 305 
41 315 
41 350 
41 393 
41 421 
42 44 
42 56 
42 78 
42 149 
42 178 
42 212 
42 340 
42 432 
42 475 
42 482 
42 495 
43 162 
43 258 
44 52 
44 87 
44 98 
44 122 
44 132 
44 151 
44 154 
44 159 
44 212 
44 242 
44 257 
44 267 
44 278 
44 287 
44 324 
44 354 
44 378 
45 82 
45 87 
45 113 
45 136 
45 302 
45 388 
45 402 
45 422 
45 442 
46 47 
46 82 
46 443 
47 104 
47 190 
47 202 
47 203 
47 306 
47 423 
47 449 
47 478 
48 68 
48 181 
48 199 
48 216 
48 342 
48 362 
48 372 
48 470 
49 89 
49 130 
49 140 
49 185 
49 194 
49 262 
49 383 
49 425 
49 442 
49 444 
50 64 
50 83 
50 138 
50 142 
50 144 
50 338 
50 403 
50 419 
50 490 
51 89 
51 163 
51 216 
51 235 
51 293 
51 319 
51 362 
52 73 
52 109 
52 134 
52 229 
52 248 
53 84 
53 133 
53 185 
53 252 
53 345 
53 409 
53 432 
54 57 
54 81 
54 141 
54 166 
54 218 
54 256 
54 284 
54 321 
54 492 
55 65 
55 94 
55 96 
55 107 
55 115 
55 127 
55 203 
55 318 
55 472 
56 59 
56 187 
56 236 
56 272 
56 289 
56 291 
56 423 
56 453 
57 82 
57 93 
57 145 
57 182 
57 231 
57 233 
57 246 
57 297 
57 407 
58 176 
58 477 
59 60 
59 109 
59 131 
59 134 
59 135 
59 141 
59 148 
59 162 
59 227 
59 244 
59 364 
59 401 
59 429 
59 496 
60 68 
60 90 
60 118 
60 136 
60 173 
60 484 
61 69 
61 72 
61 120 
61 129 
61 152 
61 211 
61 275 
61 352 
61 357 
61 397 
61 463 
62 81 
62 83 
62 99 
62 114 
62 170 
62 241 
62 253 
62 261 
62 266 
62 306 
62 338 
62 349 
63 142 
63 173 
63 351 
64 76 
64 77 
64 89 
64 91 
64 100 
64 109 
64 147 
64 178 
64 182 
64 191 
64 263 
64 269 
64 295 
64 332 
64 354 
64 382 
64 386 
64 461 
64 467 
64 479 
65 106 
65 118 
65 146 
65 162 
65 165 
65 168 
65 242 
65 273 
65 298 
65 356 
65 389 
65 483 
66 130 
66 202 
66 264 
67 92 
67 106 
67 216 
67 244 
67 278 
67 297 
67 386 
67 440 
68 159 
68 181 
68 200 
68 225 
68 233 
68 242 
68 307 
69 70 
69 303 
69 351 
70 83 
70 146 
70 175 
70 195 
70 222 
70 271 
70 373 
71 78 
71 330 
72 132 
72 194 
72 196 
72 234 
72 299 
72 328 
72 406 
72 471 
73 77 
73 98 
73 115 
73 124 
73 184 
73 372 
73 441 
73 463 
74 90 
74 94 
74 133 
74 154 
74 155 
74 172 
74 215 
74 251 
74 428 
75 99 
75 101 
75 180 
75 192 
75 217 
75 453 
76 84 
76 128 
76 150 
76 265 
76 338 
76 350 
76 378 
76 381 
77 94 
77 95 
77 194 
77 220 
77 232 
78 225 
78 358 
79 87 
79 188 
79 338 
80 104 
80 117 
80 127 
80 145 
80 195 
80 353 
81 105 
81 144 
81 145 
81 230 
81 267 
82 167 
82 184 
82 188 
82 214 
82 261 
82 291 
82 396 
82 414 
83 99 
83 193 
83 254 
83 384 
83 440 
84 387 
85 129 
85 395 
85 419 
85 446 
85 475 
86 133 
86 156 
86 340 
86 385 
86 393 
87 88 
87 97 
87 177 
87 231 
87 235 
87 351 
87 356 
87 369 
87 372 
87 384 
87 387 
87 407 
87 418 
88 157 
88 434 
89 117 
89 302 
89 375 
89 426 
90 187 
90 216 
90 279 
90 414 
91 121 
91 249 
91 303 
91 305 
91 327 
91 446 
91 486 
92 93 
92 95 
92 307 
92 457 
92 486 
93 97 
93 135 
93 155 
93 214 
93 254 
93 371 
93 383 
93 415 
93 447 
94 135 
94 207 
94 270 
94 276 
95 248 
95 495 
96 102 
96 103 
96 137 
96 192 
96 238 
96 246 
96 299 
96 380 
96 481 
97 105 
97 130 
98 107 
98 112 
99 151 
100 241 
100 351 
100 446 
101 104 
101 149 
101 172 
101 324 
101 394 
101 487 
101 496 
102 285 
103 151 
103 182 
103 187 
103 497 
103 499 
104 120 
104 167 
104 231 
104 322 
104 342 
104 355 
104 445 
104 457 
104 497 
105 112 
105 114 
105 131 
105 183 
105 192 
105 242 
105 334 
105 379 
105 387 
105 491 
106 124 
106 219 
106 325 
107 130 
107 134 
107 234 
107 350 
108 160 
108 393 
109 118 
109 124 
109 141 
109 144 
109 161 
109 231 
109 255 
109 326 
109 335 
109 450 
109 479 
109 481 
111 161 
111 176 
111 382 
111 467 
111 481 
112 298 
112 320 
112 473 
112 483 
113 190 
113 229 
113 288 
113 292 
113 313 
113 339 
114 123 
114 138 
114 256 
114 410 
115 125 
115 131 
115 171 
115 177 
115 204 
115 237 
115 260 
115 283 
115 313 
115 320 
115 354 
115 390 
115 446 
115 456 
115 461 
116 139 
116 257 
116 389 
116 472 
116 496 
117 120 
117 181 
117 198 
117 208 
117 226 
117 257 
117 298 
117 386 
117 412 
117 418 
117 439 
118 141 
118 438 
118 477 
119 139 
119 150 
119 405 
119 421 
119 441 
120 226 
120 286 
120 309 
120 452 
120 455 
121 272 
122 221 
123 203 
123 269 
123 277 
123 312 
124 185 
125 201 
125 293 
125 376 
125 426 
126 427 
126 435 
127 179 
127 207 
127 258 
127 473 
128 160 
128 310 
128 320 
128 352 
128 466 
129 474 
130 294 
130 310 
130 369 
131 158 
131 164 
131 198 
131 208 
131 215 
131 307 
131 326 
131 496 
132 300 
133 399 
133 452 
134 158 
134 168 
134 252 
134 358 
134 405 
134 474 
135 171 
135 388 
136 335 
137 203 
137 301 
137 498 
138 197 
138 275 
139 213 
139 305 
139 333 
139 359 
140 152 
140 315 
141 165 
141 221 
141 262 
141 268 
141 328 
141 364 
141 370 
141 411 
141 476 
141 493 
142 176 
142 215 
142 260 
143 187 
143 210 
143 404 
145 152 
145 202 
145 227 
145 265 
145 276 
145 323 
145 422 
146 439 
147 467 
148 164 
148 311 
148 415 
149 248 
149 253 
150 154 
150 224 
150 248 
150 345 
150 383 
151 407 
152 160 
152 163 
152 165 
152 174 
152 250 
152 313 
152 403 
152 409 
152 413 
152 433 
153 170 
153 245 
153 376 
153 379 
154 310 
154 331 
154 345 
154 391 
154 468 
155 156 
155 252 
155 255 
155 270 
155 313 
155 392 
156 183 
156 204 
156 206 
156 211 
156 266 
156 304 
156 428 
157 168 
157 259 
157 284 
157 328 
157 368 
157 378 
158 353 
158 365 
158 489 
159 222 
159 356 
160 161 
160 176 
160 195 
160 243 
160 250 
163 209 
163 230 
163 443 
164 175 
164 217 
164 250 
165 201 
166 169 
166 302 
166 329 
166 414 
166 488 
167 180 
167 194 
167 245 
167 392 
167 399 
168 487 
169 273 
169 476 
169 490 
170 237 
170 327 
171 228 
171 272 
171 425 
172 323 
172 343 
172 416 
172 499 
173 196 
174 422 
175 212 
176 300 
177 319 
177 381 
177 434 
178 267 
178 269 
178 298 
178 368 
178 377 
178 381 
178 400 
179 202 
179 243 
180 246 
180 436 
181 190 
181 359 
182 369 
182 415 
183 291 
183 476 
185 223 
185 428 
186 268 
186 324 
186 382 
186 471 
187 316 
187 336 
188 282 
188 346 
188 367 
189 255 
189 370 
190 263 
190 373 
190 424 
190 435 
191 230 
192 497 
193 420 
194 312 
194 318 
194 353 
194 456 
195 413 
197 281 
197 312 
197 403 
198 273 
198 311 
198 314 
198 376 
198 461 
199 304 
199 464 
200 213 
200 396 
200 465 
202 205 
202 207 
202 271 
202 332 
202 341 
202 433 
202 435 
203 260 
203 342 
203 370 
203 489 
204 368 
206 211 
206 228 
206 323 
206 458 
207 288 
207 363 
208 247 
208 447 
209 236 
209 247 
209 282 
209 299 
209 306 
209 365 
209 375 
210 267 
210 377 
210 397 
210 431 
211 225 
212 348 
212 365 
212 436 
212 448 
213 286 
214 259 
214 277 
214 297 
214 448 
216 254 
217 270 
217 290 
217 302 
217 343 
218 314 
219 356 
219 384 
219 410 
219 418 
220 320 
221 327 
222 233 
223 237 
224 297 
224 361 
224 368 
225 228 
225 253 
225 445 
226 264 
227 244 
227 247 
227 262 
227 275 
227 280 
227 326 
227 374 
227 440 
229 288 
229 336 
229 463 
230 324 
230 364 
231 239 
231 241 
231 365 
231 495 
233 243 
235 238 
235 241 
235 285 
235 416 
236 237 
237 294 
237 367 
237 395 
237 423 
239 280 
239 369 
241 316 
244 400 
245 276 
245 305 
245 380 
245 400 
247 276 
247 406 
247 413 
247 415 
247 485 
248 451 
249 339 
250 437 
251 322 
252 264 
252 287 
252 362 
252 485 
253 331 
258 277 
259 321 
260 274 
262 337 
262 372 
262 417 
263 367 
264 309 
264 316 
264 348 
265 404 
266 282 
266 291 
268 274 
268 419 
268 420 
269 336 
269 378 
269 455 
270 385 
271 286 
273 371 
275 308 
275 431 
275 494 
281 289 
282 295 
282 311 
282 344 
282 495 
285 295 
286 303 
288 325 
288 357 
289 333 
289 353 
289 472 
289 488 
290 462 
291 363 
292 319 
292 498 
294 399 
296 469 
298 434 
299 391 
300 406 
301 410 
302 411 
305 376 
305 450 
307 481 
308 455 
309 432 
309 473 
311 330 
311 439 
315 322 
315 329 
318 363 
318 404 
321 390 
321 401 
323 343 
324 431 
324 483 
325 339 
325 379 
325 468 
326 384 
327 398 
329 361 
329 430 
329 437 
332 424 
335 497 
338 357 
338 360 
338 492 
340 425 
340 431 
342 429 
344 471 
347 417 
347 427 
347 479 
348 451 
348 469 
349 359 
349 366 
351 426 
351 459 
356 461 
356 472 
357 364 
359 374 
360 467 
361 371 
362 483 
363 456 
364 430 
364 436 
368 412 
368 426 
370 416 
370 492 
371 377 
371 449 
373 397 
381 408 
383 401 
384 442 
386 441 
387 408 
387 490 
390 394 
392 433 
400 494 
401 484 
403 412 
404 450 
404 474 
405 469 
406 407 
407 410 
407 447 
407 486 
410 451 
413 462 
416 457 
417 440 
417 455 
420 423 
422 487 
422 498 
434 435 
435 491 
435 493 
437 447 
437 466 
438 465 
439 489 
440 480 
441 494 
444 462 
456 460 
460 468 
463 482 
