false
false
500
1988
0 1 
0 3 
0 4 
0 5 
0 6 
0 7 
0 9 
0 10 
0 12 
0 14 
0 15 
0 16 
0 18 
0 20 
0 22 
0 25 
0 33 
0 34 
0 35 
0 37 
0 44 
0 45 
0 47 
0 48 
0 56 
0 57 
0 59 
0 75 
0 76 
0 80 
0 94 
0 110 
0 116 
0 120 
0 123 
0 127 
0 131 
0 135 
0 138 
0 147 
0 159 
0 167 
0 168 
0 174 
0 196 
0 203 
0 210 
0 211 
0 212 
0 221 
0 235 
0 237 
0 252 
0 254 
0 258 
0 265 
0 274 
0 280 
0 291 
0 293 
0 300 
0 320 
0 323 
0 342 
0 344 
0 345 
0 385 
0 455 
0 463 
0 467 
0 471 
0 482 
0 486 
0 495 
1 2 
1 4 
1 5 
1 6 
1 7 
1 8 
1 11 
1 15 
1 19 
1 23 
1 31 
1 45 
1 52 
1 53 
1 54 
1 63 
1 65 
1 71 
1 73 
1 74 
1 84 
1 85 
1 90 
1 98 
1 102 
1 103 
1 109 
1 110 
1 118 
1 119 
1 120 
1 124 
1 134 
1 136 
1 143 
1 144 
1 146 
1 153 
1 159 
1 161 
1 164 
1 171 
1 190 
1 191 
1 195 
1 199 
1 203 
1 205 
1 206 
1 214 
1 220 
1 230 
1 240 
1 257 
1 264 
1 282 
1 284 
1 290 
1 310 
1 312 
1 335 
1 349 
1 353 
1 370 
1 376 
1 377 
1 382 
1 389 
1 399 
1 407 
1 414 
1 426 
1 433 
1 436 
1 450 
1 474 
1 477 
2 3 
2 4 
2 5 
2 6 
2 9 
2 10 
2 12 
2 19 
2 22 
2 24 
2 31 
2 41 
2 51 
2 52 
2 55 
2 66 
2 76 
2 82 
2 108 
2 110 
2 143 
2 146 
2 148 
2 149 
2 150 
2 154 
2 167 
2 183 
2 191 
2 220 
2 225 
2 273 
2 288 
2 365 
2 388 
2 432 
2 442 
2 473 
3 4 
3 5 
3 7 
3 8 
3 9 
3 13 
3 14 
3 16 
3 18 
3 23 
3 24 
3 25 
3 26 
3 27 
3 32 
3 35 
3 43 
3 50 
3 53 
3 55 
3 68 
3 74 
3 94 
3 95 
3 111 
3 120 
3 121 
3 123 
3 148 
3 155 
3 160 
3 166 
3 168 
3 200 
3 203 
3 231 
3 256 
3 258 
3 271 
3 275 
3 294 
3 306 
3 323 
3 324 
3 339 
3 340 
3 348 
3 362 
3 367 
3 396 
3 417 
3 430 
3 476 
4 8 
4 12 
4 22 
4 36 
4 40 
4 49 
4 50 
4 51 
4 59 
4 60 
4 70 
4 71 
4 75 
4 81 
4 106 
4 142 
4 221 
4 238 
4 239 
4 256 
4 312 
4 338 
4 349 
4 375 
4 398 
4 414 
4 415 
4 425 
4 470 
4 479 
4 480 
4 485 
4 488 
5 6 
5 10 
5 11 
5 13 
5 19 
5 21 
5 26 
5 39 
5 48 
5 56 
5 58 
5 59 
5 69 
5 84 
5 91 
5 93 
5 100 
5 106 
5 114 
5 137 
5 150 
5 157 
5 162 
5 183 
5 223 
5 242 
5 243 
5 256 
5 269 
5 302 
5 308 
5 316 
5 324 
5 326 
5 350 
5 360 
5 428 
5 434 
5 457 
5 460 
5 488 
5 496 
6 7 
6 8 
6 9 
6 10 
6 11 
6 12 
6 14 
6 20 
6 26 
6 27 
6 28 
6 30 
6 33 
6 34 
6 42 
6 44 
6 48 
6 57 
6 66 
6 69 
6 72 
6 82 
6 87 
6 89 
6 97 
6 98 
6 105 
6 109 
6 110 
6 113 
6 127 
6 129 
6 137 
6 145 
6 150 
6 188 
6 194 
6 209 
6 214 
6 222 
6 241 
6 261 
6 271 
6 276 
6 278 
6 285 
6 286 
6 292 
6 302 
6 303 
6 315 
6 351 
6 356 
6 366 
6 392 
6 413 
6 415 
6 466 
6 486 
7 11 
7 13 
7 15 
7 16 
7 18 
7 25 
7 27 
7 29 
7 40 
7 60 
7 64 
7 69 
7 83 
7 109 
7 111 
7 126 
7 130 
7 141 
7 145 
7 155 
7 156 
7 161 
7 164 
7 173 
7 187 
7 194 
7 197 
7 230 
7 247 
7 261 
7 264 
7 267 
7 276 
7 279 
7 306 
7 321 
7 327 
7 339 
7 386 
7 390 
7 394 
7 406 
7 413 
7 435 
7 448 
7 449 
7 463 
7 475 
7 476 
7 489 
7 496 
8 13 
8 14 
8 17 
8 20 
8 26 
8 29 
8 38 
8 50 
8 51 
8 54 
8 60 
8 67 
8 72 
8 73 
8 74 
8 77 
8 79 
8 81 
8 85 
8 105 
8 115 
8 124 
8 133 
8 135 
8 136 
8 146 
8 151 
8 164 
8 166 
8 185 
8 189 
8 193 
8 197 
8 202 
8 212 
8 215 
8 221 
8 229 
8 245 
8 246 
8 297 
8 311 
8 317 
8 322 
8 376 
8 385 
8 393 
8 403 
8 404 
8 425 
8 439 
9 15 
9 20 
9 40 
9 57 
9 61 
9 77 
9 80 
9 96 
9 99 
9 112 
9 140 
9 156 
9 184 
9 190 
9 201 
9 206 
9 247 
9 309 
9 334 
9 383 
9 385 
9 440 
9 445 
9 451 
9 469 
9 487 
10 19 
10 28 
10 32 
10 96 
10 100 
10 108 
10 111 
10 139 
10 182 
10 249 
10 273 
10 311 
10 319 
10 345 
10 364 
10 480 
10 485 
11 17 
11 18 
11 21 
11 22 
11 23 
11 24 
11 29 
11 38 
11 50 
11 73 
11 79 
11 81 
11 85 
11 96 
11 98 
11 101 
11 102 
11 104 
11 105 
11 126 
11 134 
11 141 
11 143 
11 149 
11 160 
11 187 
11 219 
11 248 
11 260 
11 288 
11 292 
11 295 
11 332 
11 367 
11 368 
11 408 
11 421 
11 438 
11 441 
11 459 
12 29 
12 38 
12 49 
12 73 
12 120 
12 149 
12 189 
12 245 
12 269 
12 276 
12 287 
12 315 
12 357 
12 429 
12 461 
12 482 
12 484 
13 17 
13 27 
13 32 
13 39 
13 41 
13 45 
13 52 
13 63 
13 102 
13 129 
13 140 
13 159 
13 170 
13 217 
13 293 
13 299 
13 379 
13 407 
14 16 
14 17 
14 21 
14 32 
14 33 
14 47 
14 58 
14 66 
14 75 
14 112 
14 121 
14 128 
14 138 
14 165 
14 177 
14 178 
14 191 
14 192 
14 195 
14 212 
14 216 
14 239 
14 246 
14 257 
14 263 
14 281 
14 288 
14 294 
14 306 
14 400 
14 464 
14 497 
15 64 
15 198 
15 222 
15 271 
15 275 
15 290 
15 333 
15 466 
16 23 
16 24 
16 35 
16 58 
16 67 
16 79 
16 83 
16 101 
16 132 
16 144 
16 188 
16 192 
16 208 
16 222 
16 234 
16 276 
16 292 
16 336 
16 412 
16 436 
17 33 
17 37 
17 43 
17 51 
17 116 
17 144 
17 233 
17 248 
17 267 
17 291 
17 378 
17 381 
17 391 
17 424 
17 433 
17 434 
17 452 
18 21 
18 25 
18 64 
18 79 
18 122 
18 163 
18 186 
18 191 
18 250 
18 321 
18 328 
18 341 
18 408 
19 31 
19 34 
19 38 
19 47 
19 49 
19 54 
19 62 
19 63 
19 70 
19 86 
19 94 
19 101 
19 112 
19 121 
19 125 
19 136 
19 141 
19 142 
19 148 
19 170 
19 175 
19 178 
19 183 
19 204 
19 224 
19 225 
19 227 
19 228 
19 240 
19 261 
19 264 
19 272 
19 281 
19 282 
19 286 
19 321 
19 322 
19 350 
19 358 
19 359 
19 379 
19 405 
19 409 
19 461 
19 466 
19 472 
19 480 
20 28 
20 30 
20 49 
20 62 
20 132 
20 197 
20 238 
20 256 
20 262 
20 264 
20 275 
20 301 
20 450 
20 467 
21 36 
21 62 
21 65 
21 75 
21 76 
21 87 
21 90 
21 151 
21 219 
21 270 
21 328 
21 373 
21 375 
21 392 
21 443 
22 89 
22 119 
22 129 
22 132 
22 214 
22 345 
22 485 
23 28 
23 31 
23 35 
23 37 
23 71 
23 84 
23 95 
23 107 
23 114 
23 131 
23 143 
23 158 
23 224 
23 269 
23 270 
23 273 
23 340 
23 360 
23 398 
23 437 
23 454 
23 469 
24 30 
24 36 
24 39 
24 44 
24 47 
24 52 
24 55 
24 65 
24 182 
24 186 
24 216 
24 343 
24 410 
24 431 
24 456 
24 478 
25 44 
25 63 
25 64 
25 66 
25 118 
25 138 
25 211 
25 307 
25 410 
26 43 
26 67 
26 130 
26 163 
26 213 
26 230 
26 388 
26 415 
26 421 
26 442 
27 30 
27 37 
27 69 
27 170 
27 384 
27 465 
28 36 
28 39 
28 43 
28 72 
28 78 
28 90 
28 102 
28 107 
28 134 
28 138 
28 154 
28 155 
28 181 
28 327 
28 346 
28 418 
28 430 
28 442 
29 34 
29 42 
29 46 
29 48 
29 80 
29 88 
29 100 
29 117 
29 218 
29 223 
29 243 
29 284 
29 300 
29 302 
29 319 
29 369 
29 377 
29 395 
29 468 
30 46 
30 132 
30 135 
30 211 
30 269 
30 355 
30 387 
30 397 
31 68 
31 116 
31 180 
31 216 
31 244 
31 259 
31 309 
31 325 
31 330 
31 354 
31 373 
31 381 
32 100 
32 151 
32 157 
32 166 
32 201 
32 205 
32 218 
32 227 
32 313 
32 341 
32 361 
32 380 
32 426 
33 45 
33 85 
33 165 
33 228 
33 317 
33 359 
33 418 
34 41 
34 55 
34 61 
34 84 
34 91 
34 118 
34 127 
34 130 
34 182 
34 188 
34 196 
34 209 
34 226 
34 263 
34 295 
34 386 
34 464 
34 467 
34 494 
35 40 
35 41 
35 78 
35 115 
35 146 
35 156 
35 252 
35 280 
36 61 
36 92 
36 94 
36 243 
36 251 
37 46 
37 62 
37 65 
37 78 
37 90 
37 91 
37 128 
37 185 
37 257 
37 281 
37 309 
37 315 
37 330 
37 450 
38 42 
38 172 
38 181 
38 183 
38 242 
38 435 
39 116 
39 122 
39 125 
39 152 
40 53 
40 57 
40 59 
40 71 
40 77 
40 95 
40 104 
40 155 
40 156 
40 160 
40 171 
40 172 
40 175 
40 193 
40 200 
40 236 
40 282 
40 318 
40 383 
41 42 
41 56 
41 96 
41 103 
41 107 
41 113 
41 118 
41 121 
41 193 
41 208 
41 218 
41 284 
41 289 
41 346 
41 447 
42 133 
42 189 
42 229 
42 396 
43 136 
44 46 
44 53 
44 67 
44 97 
44 128 
44 137 
44 171 
44 254 
44 272 
44 295 
44 331 
44 339 
44 365 
44 366 
44 476 
45 72 
45 92 
45 151 
45 342 
45 499 
46 61 
46 83 
47 68 
47 123 
47 130 
47 144 
47 224 
47 241 
47 247 
47 267 
47 287 
47 297 
47 358 
47 401 
47 492 
48 54 
48 58 
48 166 
48 228 
48 274 
48 309 
48 378 
48 380 
48 422 
48 498 
49 88 
49 174 
49 194 
49 203 
49 363 
49 428 
50 149 
50 187 
50 294 
50 336 
50 401 
50 475 
51 56 
51 119 
51 168 
51 247 
51 248 
51 266 
51 304 
51 388 
51 468 
52 223 
52 243 
52 265 
52 343 
52 393 
52 460 
53 70 
53 108 
53 158 
53 163 
53 182 
53 202 
53 299 
53 304 
53 351 
53 441 
53 447 
53 456 
54 153 
54 177 
54 209 
54 232 
54 418 
54 479 
55 124 
55 167 
55 177 
55 240 
55 286 
55 298 
55 399 
55 403 
55 411 
55 443 
56 77 
56 139 
56 171 
56 233 
56 236 
56 249 
56 287 
57 60 
57 68 
57 88 
57 93 
57 95 
57 104 
57 158 
57 159 
57 175 
57 217 
57 241 
57 263 
57 318 
57 325 
57 378 
57 420 
57 443 
57 446 
57 453 
58 419 
58 455 
59 70 
59 83 
59 153 
60 106 
60 134 
60 145 
60 161 
60 199 
60 299 
60 337 
62 89 
62 98 
62 225 
62 362 
62 482 
63 305 
63 329 
63 370 
63 374 
63 406 
63 417 
64 76 
65 89 
65 106 
65 126 
65 216 
65 262 
65 429 
66 87 
66 92 
66 125 
66 160 
66 173 
66 179 
66 186 
66 200 
66 249 
66 352 
66 376 
66 495 
67 78 
67 131 
67 190 
67 205 
67 296 
67 305 
67 409 
67 437 
67 458 
68 74 
68 86 
68 221 
68 226 
68 231 
68 233 
68 347 
68 448 
69 195 
69 204 
69 333 
69 359 
69 369 
69 412 
70 92 
70 112 
70 239 
70 344 
71 87 
71 392 
72 86 
72 197 
72 290 
72 319 
72 333 
72 337 
72 344 
72 389 
72 452 
72 460 
73 99 
73 142 
73 176 
73 184 
73 417 
74 91 
74 213 
74 222 
74 246 
75 88 
75 119 
75 142 
75 165 
75 198 
75 237 
75 437 
76 93 
76 103 
76 107 
76 170 
76 184 
76 226 
76 231 
76 281 
76 367 
76 381 
76 473 
76 498 
77 80 
77 81 
77 82 
77 147 
77 152 
77 257 
77 262 
77 287 
77 297 
77 303 
77 337 
77 445 
77 477 
77 478 
78 114 
78 131 
78 217 
78 313 
78 354 
78 373 
78 390 
79 99 
79 453 
79 476 
80 82 
80 117 
80 126 
80 154 
80 341 
80 378 
80 394 
81 86 
81 113 
81 117 
81 308 
81 328 
81 451 
82 97 
82 135 
82 147 
82 153 
82 162 
82 217 
82 293 
82 327 
82 356 
82 362 
82 390 
82 472 
83 104 
83 115 
83 124 
83 137 
83 207 
83 253 
84 127 
84 174 
84 187 
84 296 
84 302 
84 341 
84 380 
84 497 
85 298 
87 99 
87 133 
87 139 
87 162 
87 174 
87 207 
87 314 
87 320 
87 342 
87 406 
87 430 
87 491 
88 93 
88 108 
88 114 
88 179 
88 229 
89 97 
89 202 
89 234 
89 238 
89 356 
89 357 
89 380 
90 253 
90 258 
90 266 
90 353 
90 389 
92 103 
92 188 
92 236 
92 303 
92 351 
94 245 
94 300 
94 316 
94 343 
94 379 
95 141 
95 249 
95 259 
95 326 
95 372 
95 435 
95 439 
95 469 
95 481 
96 125 
96 169 
96 245 
96 251 
96 268 
96 338 
96 343 
97 115 
97 123 
97 185 
97 297 
97 303 
98 262 
98 417 
98 421 
99 101 
99 158 
99 180 
99 227 
100 122 
100 180 
100 423 
101 128 
101 209 
101 238 
101 326 
101 493 
102 206 
102 274 
102 458 
102 494 
103 105 
103 109 
103 193 
103 283 
103 439 
104 113 
104 371 
105 117 
105 232 
105 239 
105 415 
105 444 
106 157 
106 306 
106 491 
107 192 
107 210 
107 285 
107 319 
107 390 
107 403 
107 436 
108 199 
108 461 
109 111 
109 360 
109 361 
109 402 
110 152 
110 251 
111 164 
111 169 
111 407 
112 148 
112 314 
112 350 
112 414 
113 161 
113 223 
113 479 
113 492 
114 147 
114 338 
115 336 
115 393 
116 122 
116 145 
116 236 
116 346 
116 399 
117 133 
117 255 
117 314 
117 361 
117 372 
117 475 
118 152 
118 173 
118 179 
118 215 
118 385 
118 446 
119 235 
120 157 
120 169 
120 173 
120 178 
120 255 
120 311 
120 362 
120 382 
120 465 
121 140 
121 198 
121 244 
121 308 
121 427 
121 490 
122 305 
123 129 
123 172 
124 150 
124 181 
124 219 
124 242 
124 305 
124 345 
125 195 
125 310 
125 356 
125 374 
125 401 
126 252 
126 334 
126 373 
127 312 
127 329 
128 318 
128 434 
129 231 
129 323 
129 432 
130 168 
130 213 
130 230 
130 474 
130 484 
131 178 
131 205 
131 272 
131 351 
131 371 
131 422 
132 139 
132 169 
132 189 
132 198 
132 265 
132 499 
133 333 
133 397 
135 215 
135 353 
135 489 
136 140 
136 175 
136 214 
136 220 
136 259 
136 307 
136 316 
136 375 
136 431 
136 449 
136 466 
137 167 
137 218 
137 260 
137 374 
137 424 
138 162 
138 208 
138 260 
139 349 
139 367 
139 444 
140 408 
140 446 
141 250 
141 277 
141 278 
142 176 
142 277 
142 458 
142 474 
143 163 
143 165 
143 225 
143 283 
143 323 
144 254 
144 277 
144 409 
145 394 
145 454 
145 474 
146 201 
146 368 
147 172 
147 220 
148 176 
148 250 
148 290 
149 154 
149 192 
149 280 
149 304 
149 348 
149 391 
149 412 
149 465 
150 180 
150 224 
150 462 
151 490 
151 494 
152 201 
152 265 
152 298 
152 322 
153 206 
153 255 
153 344 
153 365 
153 432 
154 202 
154 227 
154 251 
154 253 
154 286 
154 329 
154 366 
154 386 
154 419 
154 468 
155 177 
155 200 
155 279 
155 289 
155 339 
155 423 
155 441 
156 242 
157 261 
157 293 
157 387 
158 176 
158 399 
158 477 
159 179 
159 184 
159 186 
159 211 
159 212 
159 278 
159 283 
159 296 
159 420 
160 199 
161 181 
161 250 
161 313 
161 330 
162 331 
162 358 
162 400 
162 483 
163 210 
163 285 
163 426 
164 254 
165 233 
165 451 
165 478 
165 494 
166 406 
167 273 
167 291 
167 441 
167 459 
168 228 
168 229 
168 260 
168 327 
168 411 
168 416 
169 436 
170 386 
171 232 
171 240 
171 366 
171 396 
172 301 
172 470 
173 258 
173 371 
174 185 
174 226 
174 253 
174 320 
175 252 
176 210 
177 310 
178 194 
178 215 
178 432 
179 248 
179 279 
179 335 
180 196 
180 208 
180 355 
180 440 
181 196 
181 219 
181 299 
181 322 
181 357 
182 402 
183 342 
183 425 
183 456 
184 288 
185 335 
186 244 
186 348 
186 393 
186 413 
187 190 
187 207 
187 237 
187 280 
187 291 
187 294 
187 318 
187 364 
187 372 
187 395 
187 469 
187 478 
188 234 
188 235 
190 462 
190 481 
191 270 
191 384 
192 448 
192 471 
193 324 
194 340 
195 204 
195 372 
196 364 
198 234 
198 307 
198 314 
199 204 
199 207 
199 310 
199 431 
200 235 
201 270 
201 292 
201 411 
202 285 
202 329 
203 232 
203 246 
203 315 
203 340 
203 398 
203 428 
203 486 
205 499 
206 307 
206 335 
206 397 
206 419 
206 446 
206 492 
207 213 
207 263 
207 268 
208 267 
208 304 
208 316 
208 334 
208 363 
208 412 
208 416 
209 395 
211 461 
212 255 
213 301 
213 355 
213 376 
215 237 
215 268 
215 278 
215 395 
216 332 
217 298 
217 389 
219 259 
219 454 
221 363 
221 489 
222 347 
224 480 
225 470 
227 426 
227 457 
228 321 
229 295 
229 423 
229 453 
229 454 
230 271 
230 317 
230 357 
230 429 
232 424 
232 459 
233 347 
234 360 
234 364 
234 420 
234 479 
235 241 
235 402 
236 266 
236 296 
236 324 
236 444 
236 475 
237 498 
238 284 
239 283 
239 350 
239 411 
239 419 
240 392 
241 274 
241 371 
241 465 
242 317 
243 244 
243 352 
243 370 
244 289 
244 300 
244 370 
246 352 
246 493 
249 279 
249 387 
249 467 
250 282 
250 328 
250 338 
250 418 
250 438 
252 331 
252 332 
252 377 
252 404 
252 443 
252 450 
253 311 
254 374 
255 397 
258 330 
258 422 
259 382 
260 313 
261 379 
262 272 
262 275 
262 391 
262 452 
264 268 
264 382 
265 266 
265 440 
265 496 
266 308 
266 471 
267 377 
267 416 
270 289 
270 383 
272 277 
272 332 
272 416 
272 458 
274 490 
275 496 
278 352 
278 483 
279 354 
279 430 
280 463 
280 486 
281 487 
282 301 
282 320 
282 381 
282 387 
282 405 
282 434 
283 473 
283 484 
284 384 
284 487 
284 495 
285 400 
285 402 
285 423 
285 481 
286 449 
287 404 
288 325 
290 337 
292 326 
292 331 
292 334 
293 396 
293 433 
297 312 
297 346 
299 440 
299 445 
300 422 
300 470 
301 368 
302 394 
305 336 
305 369 
305 439 
305 464 
306 493 
307 401 
307 471 
308 447 
310 347 
311 325 
311 427 
314 425 
320 409 
321 398 
321 413 
323 438 
324 455 
326 484 
326 490 
327 384 
328 429 
330 493 
332 472 
334 383 
336 353 
336 361 
337 407 
337 482 
338 460 
339 404 
341 365 
342 354 
342 358 
344 348 
344 349 
344 427 
344 438 
347 359 
348 369 
348 410 
348 468 
348 481 
350 363 
350 400 
351 355 
352 410 
359 453 
359 491 
361 405 
362 424 
363 421 
364 464 
365 483 
366 375 
367 368 
367 462 
368 488 
369 477 
370 388 
370 431 
372 452 
373 449 
377 455 
378 405 
379 427 
379 498 
380 472 
382 414 
385 391 
388 459 
393 403 
393 445 
394 420 
394 447 
394 488 
396 489 
401 408 
403 444 
403 487 
407 437 
409 456 
413 491 
415 463 
418 442 
418 448 
420 428 
423 457 
424 433 
424 497 
427 495 
430 435 
436 451 
443 499 
447 473 
447 497 
448 457 
451 485 
452 462 
470 483 
478 492 
