false
false
500
1988
0 1 
0 3 
0 4 
0 5 
0 7 
0 10 
0 11 
0 12 
0 14 
0 15 
0 20 
0 26 
0 27 
0 30 
0 33 
0 37 
0 39 
0 41 
0 44 
0 49 
0 53 
0 59 
0 68 
0 72 
0 75 
0 81 
0 86 
0 89 
0 90 
0 106 
0 117 
0 120 
0 128 
0 169 
0 175 
0 176 
0 178 
0 194 
0 195 
0 204 
0 214 
0 215 
0 262 
0 275 
0 280 
0 288 
0 294 
0 296 
0 307 
0 320 
0 349 
0 353 
0 371 
0 403 
0 411 
0 420 
0 442 
0 446 
0 451 
0 456 
0 478 
0 482 
0 486 
0 497 
1 2 
1 4 
1 5 
1 8 
1 13 
1 16 
1 17 
1 21 
1 29 
1 32 
1 35 
1 43 
1 51 
1 53 
1 57 
1 63 
1 95 
1 107 
1 109 
1 111 
1 115 
1 136 
1 138 
1 139 
1 144 
1 163 
1 178 
1 180 
1 184 
1 204 
1 217 
1 222 
1 240 
1 244 
1 264 
1 279 
1 315 
1 319 
1 342 
1 357 
1 369 
1 386 
1 403 
1 408 
1 417 
1 419 
1 431 
1 441 
1 499 
2 3 
2 4 
2 6 
2 9 
2 12 
2 18 
2 22 
2 23 
2 25 
2 28 
2 34 
2 36 
2 50 
2 53 
2 62 
2 67 
2 68 
2 71 
2 76 
2 80 
2 107 
2 118 
2 122 
2 123 
2 149 
2 218 
2 222 
2 233 
2 243 
2 311 
2 343 
2 355 
2 363 
2 371 
2 379 
2 389 
2 417 
2 418 
2 420 
2 445 
2 451 
2 463 
2 473 
2 474 
2 493 
3 4 
3 5 
3 6 
3 7 
3 10 
3 13 
3 14 
3 16 
3 18 
3 19 
3 29 
3 50 
3 61 
3 78 
3 89 
3 93 
3 98 
3 133 
3 138 
3 149 
3 170 
3 177 
3 206 
3 228 
3 243 
3 285 
3 286 
3 339 
3 370 
3 377 
3 399 
3 401 
3 407 
3 468 
4 5 
4 6 
4 8 
4 9 
4 11 
4 13 
4 20 
4 21 
4 25 
4 31 
4 34 
4 42 
4 45 
4 48 
4 52 
4 61 
4 62 
4 66 
4 79 
4 89 
4 93 
4 95 
4 97 
4 109 
4 117 
4 129 
4 137 
4 138 
4 148 
4 151 
4 152 
4 168 
4 189 
4 202 
4 203 
4 208 
4 213 
4 232 
4 237 
4 248 
4 250 
4 251 
4 258 
4 267 
4 271 
4 273 
4 275 
4 290 
4 304 
4 313 
4 319 
4 346 
4 348 
4 368 
4 373 
4 375 
4 384 
4 394 
4 421 
4 432 
4 466 
4 483 
4 487 
5 6 
5 7 
5 8 
5 15 
5 18 
5 28 
5 30 
5 39 
5 42 
5 43 
5 49 
5 55 
5 59 
5 74 
5 75 
5 79 
5 88 
5 97 
5 106 
5 111 
5 121 
5 122 
5 133 
5 148 
5 165 
5 173 
5 181 
5 196 
5 204 
5 240 
5 254 
5 272 
5 274 
5 286 
5 292 
5 299 
5 302 
5 350 
5 395 
5 413 
5 436 
5 449 
5 476 
5 499 
6 7 
6 8 
6 10 
6 11 
6 12 
6 14 
6 15 
6 22 
6 27 
6 32 
6 35 
6 40 
6 45 
6 52 
6 56 
6 67 
6 68 
6 85 
6 93 
6 110 
6 112 
6 129 
6 134 
6 136 
6 143 
6 160 
6 164 
6 171 
6 182 
6 191 
6 192 
6 203 
6 215 
6 222 
6 234 
6 238 
6 252 
6 301 
6 319 
6 322 
6 328 
6 331 
6 340 
6 341 
6 371 
6 380 
6 387 
6 414 
6 449 
6 477 
6 485 
6 492 
6 499 
7 9 
7 11 
7 16 
7 18 
7 19 
7 27 
7 37 
7 38 
7 39 
7 40 
7 58 
7 61 
7 86 
7 90 
7 121 
7 148 
7 161 
7 166 
7 175 
7 196 
7 266 
7 314 
7 323 
7 324 
7 336 
7 343 
7 401 
7 426 
7 452 
8 9 
8 10 
8 15 
8 22 
8 29 
8 32 
8 38 
8 47 
8 54 
8 60 
8 63 
8 65 
8 78 
8 100 
8 106 
8 120 
8 130 
8 144 
8 147 
8 159 
8 167 
8 172 
8 173 
8 180 
8 187 
8 224 
8 237 
8 247 
8 248 
8 302 
8 311 
8 313 
8 355 
8 365 
8 378 
8 406 
8 421 
8 448 
8 489 
9 12 
9 13 
9 17 
9 21 
9 24 
9 41 
9 70 
9 86 
9 111 
9 132 
9 153 
9 159 
9 163 
9 165 
9 177 
9 180 
9 212 
9 262 
9 289 
9 302 
9 306 
9 350 
9 358 
9 383 
9 426 
9 445 
9 472 
9 495 
10 14 
10 16 
10 17 
10 35 
10 39 
10 52 
10 165 
10 170 
10 217 
10 262 
10 283 
10 335 
10 340 
10 381 
10 428 
10 452 
11 17 
11 23 
11 25 
11 26 
11 37 
11 45 
11 47 
11 49 
11 54 
11 80 
11 96 
11 104 
11 131 
11 141 
11 142 
11 158 
11 168 
11 203 
11 244 
11 293 
11 372 
11 377 
11 408 
11 439 
11 480 
12 23 
12 26 
12 33 
12 67 
12 92 
12 96 
12 105 
12 149 
12 188 
12 214 
12 220 
12 271 
12 273 
12 284 
12 377 
12 427 
12 488 
13 20 
13 23 
13 65 
13 72 
13 94 
13 96 
13 100 
13 125 
13 128 
13 190 
13 219 
13 238 
13 249 
13 250 
13 419 
14 26 
14 44 
14 58 
14 64 
14 97 
14 102 
14 157 
14 185 
14 207 
14 215 
14 237 
14 263 
14 274 
14 399 
14 427 
14 431 
14 443 
15 21 
15 35 
15 50 
15 62 
15 68 
15 82 
15 83 
15 112 
15 147 
15 161 
15 173 
15 191 
15 232 
15 250 
15 278 
15 290 
15 318 
15 321 
15 340 
15 363 
15 384 
15 395 
15 435 
15 451 
15 494 
16 19 
16 20 
16 24 
16 25 
16 31 
16 32 
16 37 
16 42 
16 48 
16 54 
16 56 
16 73 
16 85 
16 95 
16 104 
16 105 
16 113 
16 115 
16 116 
16 117 
16 132 
16 140 
16 152 
16 155 
16 156 
16 158 
16 162 
16 163 
16 192 
16 193 
16 207 
16 219 
16 221 
16 223 
16 245 
16 279 
16 280 
16 316 
16 331 
16 332 
16 342 
16 346 
16 384 
16 402 
16 441 
16 447 
16 462 
16 474 
16 481 
17 19 
17 27 
17 41 
17 47 
17 52 
17 96 
17 100 
17 114 
17 124 
17 186 
17 200 
17 209 
17 219 
17 229 
17 234 
17 242 
17 271 
17 276 
17 309 
17 326 
17 333 
17 363 
17 452 
17 462 
17 483 
18 22 
18 31 
18 41 
18 74 
18 77 
18 79 
18 98 
18 150 
18 181 
18 189 
18 196 
18 200 
18 211 
18 226 
18 241 
18 280 
18 295 
18 297 
18 334 
18 374 
18 381 
18 397 
18 448 
18 463 
18 487 
18 493 
19 24 
19 87 
19 288 
19 326 
19 455 
20 28 
20 30 
20 63 
20 105 
20 126 
20 188 
20 194 
20 290 
20 437 
21 28 
21 36 
21 94 
21 130 
21 132 
21 137 
21 189 
21 363 
21 434 
21 455 
21 479 
22 24 
22 44 
22 46 
22 55 
22 62 
22 118 
22 125 
22 169 
22 226 
22 242 
22 285 
22 341 
22 427 
22 453 
22 475 
22 482 
22 486 
22 495 
22 499 
23 188 
23 253 
23 256 
24 47 
24 57 
24 72 
24 91 
24 108 
24 124 
24 168 
24 174 
24 201 
24 254 
24 312 
24 337 
24 342 
24 384 
24 422 
24 437 
24 466 
25 30 
25 31 
25 33 
25 40 
25 46 
25 51 
25 56 
25 60 
25 64 
25 77 
25 81 
25 84 
25 102 
25 110 
25 111 
25 123 
25 128 
25 244 
25 278 
25 291 
25 296 
25 321 
25 353 
25 376 
25 411 
25 437 
25 440 
25 442 
26 29 
26 103 
26 123 
26 305 
26 340 
26 379 
26 419 
26 470 
26 481 
27 36 
27 76 
27 107 
27 114 
27 423 
27 454 
27 473 
28 82 
28 243 
29 42 
29 53 
29 91 
29 103 
29 161 
29 164 
29 180 
29 186 
29 211 
29 230 
29 273 
29 372 
29 450 
30 36 
30 59 
30 60 
30 88 
30 145 
30 153 
30 155 
30 167 
30 279 
30 281 
30 282 
30 393 
30 497 
31 33 
31 38 
31 43 
31 46 
31 50 
31 55 
31 67 
31 70 
31 73 
31 78 
31 108 
31 119 
31 126 
31 135 
31 139 
31 159 
31 163 
31 182 
31 184 
31 197 
31 323 
31 325 
31 327 
31 338 
31 345 
31 370 
31 372 
31 375 
31 387 
31 431 
31 441 
31 462 
31 469 
31 481 
32 34 
32 38 
32 40 
32 44 
32 57 
32 60 
32 70 
32 131 
32 192 
32 210 
32 298 
32 304 
32 307 
32 326 
32 366 
32 396 
32 398 
32 450 
32 496 
33 34 
33 58 
33 80 
33 82 
33 84 
33 90 
33 113 
33 115 
33 119 
33 124 
33 127 
33 130 
33 133 
33 143 
33 164 
33 171 
33 175 
33 177 
33 182 
33 186 
33 187 
33 197 
33 216 
33 222 
33 226 
33 266 
33 283 
33 285 
33 286 
33 291 
33 296 
33 307 
33 317 
33 348 
33 365 
33 374 
33 397 
33 409 
33 413 
33 427 
33 441 
33 449 
33 455 
33 498 
34 51 
34 64 
34 69 
34 98 
34 108 
34 114 
34 150 
34 160 
34 212 
34 232 
34 261 
34 293 
34 295 
34 314 
34 415 
34 432 
34 484 
34 494 
34 495 
35 48 
35 75 
35 87 
35 100 
35 101 
35 104 
35 106 
35 113 
35 147 
35 165 
35 176 
35 199 
35 229 
35 249 
35 257 
35 265 
35 270 
35 274 
35 295 
35 300 
35 316 
35 346 
35 423 
35 424 
35 431 
36 69 
36 141 
36 166 
36 454 
36 491 
37 46 
37 72 
37 101 
37 116 
37 145 
37 148 
37 174 
37 201 
37 202 
37 218 
37 223 
37 246 
37 252 
37 323 
37 347 
37 355 
37 365 
37 389 
37 418 
37 448 
37 465 
38 45 
38 74 
38 156 
38 240 
38 361 
39 69 
39 83 
39 125 
39 185 
39 205 
39 213 
39 230 
39 457 
40 43 
40 49 
40 55 
40 64 
40 117 
40 139 
40 193 
40 194 
40 277 
40 456 
40 498 
41 77 
41 88 
41 155 
41 216 
41 241 
41 330 
41 359 
42 57 
42 63 
42 65 
42 66 
42 97 
42 104 
42 110 
42 112 
42 146 
42 159 
42 256 
42 285 
42 334 
42 371 
42 387 
42 397 
42 402 
42 419 
42 450 
42 459 
43 71 
43 74 
43 127 
43 153 
43 167 
43 224 
43 310 
43 315 
43 317 
44 48 
44 56 
44 59 
44 61 
44 65 
44 73 
44 80 
44 85 
44 89 
44 113 
44 116 
44 136 
44 158 
44 169 
44 182 
44 205 
44 216 
44 257 
44 395 
44 406 
44 457 
44 465 
45 51 
45 54 
45 304 
45 471 
45 486 
46 75 
46 83 
46 109 
46 186 
46 197 
46 231 
46 264 
46 330 
46 339 
46 470 
46 490 
47 69 
47 81 
47 201 
47 227 
47 294 
47 312 
47 458 
47 459 
48 58 
48 120 
48 129 
48 157 
48 235 
48 245 
48 405 
49 66 
49 91 
49 127 
49 324 
49 388 
49 432 
50 71 
50 126 
50 152 
50 190 
50 257 
50 360 
50 478 
51 82 
51 191 
51 315 
52 79 
52 154 
52 166 
52 183 
52 247 
52 260 
52 263 
52 275 
52 294 
52 366 
52 425 
53 108 
53 115 
53 155 
53 172 
53 176 
53 198 
53 246 
53 267 
53 281 
53 328 
53 380 
53 393 
53 472 
54 66 
54 87 
54 88 
54 198 
54 210 
54 297 
54 300 
55 84 
55 116 
55 176 
55 195 
55 212 
55 315 
55 356 
56 93 
56 101 
56 236 
56 342 
57 77 
57 83 
57 94 
57 99 
57 112 
57 121 
57 134 
57 144 
57 151 
57 181 
57 228 
57 246 
57 258 
57 268 
57 299 
57 328 
57 339 
57 344 
57 357 
57 382 
57 394 
57 433 
57 458 
58 118 
58 134 
58 206 
58 239 
58 401 
58 450 
59 277 
59 418 
60 73 
60 81 
60 85 
60 86 
60 119 
60 124 
60 146 
60 259 
60 261 
60 268 
60 270 
60 273 
60 276 
60 292 
60 298 
60 333 
60 446 
60 449 
60 463 
61 122 
61 228 
61 266 
61 300 
62 76 
62 78 
62 139 
62 181 
62 225 
62 464 
62 479 
63 87 
63 114 
63 202 
63 247 
63 341 
63 389 
63 444 
63 464 
63 468 
64 235 
64 443 
65 98 
65 142 
65 211 
66 99 
66 221 
66 244 
66 284 
66 311 
66 405 
66 497 
67 76 
67 121 
67 184 
67 187 
67 207 
67 233 
67 412 
67 459 
68 99 
68 169 
68 211 
68 224 
68 227 
68 453 
68 467 
69 70 
69 101 
69 107 
69 156 
69 164 
69 258 
69 265 
69 308 
69 320 
69 445 
69 454 
69 455 
70 71 
70 135 
70 373 
71 143 
71 153 
71 172 
71 304 
71 496 
72 110 
72 131 
72 201 
72 231 
72 351 
72 358 
72 440 
73 105 
73 251 
73 407 
74 120 
74 190 
74 288 
74 388 
74 433 
74 469 
74 484 
75 91 
75 198 
75 245 
75 256 
75 289 
75 303 
75 318 
75 332 
75 425 
75 484 
75 489 
76 92 
76 102 
76 136 
76 172 
76 178 
76 223 
76 231 
76 252 
76 253 
76 299 
76 347 
76 393 
77 266 
77 369 
77 428 
77 470 
78 90 
78 95 
78 130 
78 160 
78 190 
78 270 
78 277 
78 338 
79 103 
79 109 
79 128 
79 170 
79 185 
79 240 
79 259 
79 281 
79 325 
79 366 
79 407 
80 84 
80 132 
80 137 
80 306 
81 94 
81 156 
81 218 
81 416 
81 466 
82 246 
82 364 
83 92 
83 345 
83 352 
83 379 
84 146 
84 174 
84 185 
84 352 
84 414 
85 142 
85 214 
85 305 
85 352 
85 409 
85 423 
86 99 
86 141 
86 151 
86 154 
86 157 
86 170 
86 301 
86 357 
86 386 
86 420 
87 316 
87 415 
88 123 
88 125 
88 327 
88 364 
88 369 
88 483 
89 92 
89 119 
89 126 
89 193 
89 284 
89 312 
89 351 
89 408 
89 409 
90 102 
90 118 
90 154 
90 166 
90 306 
90 321 
90 476 
90 477 
92 278 
92 314 
93 140 
93 183 
93 213 
93 225 
93 261 
93 287 
93 311 
93 442 
94 272 
94 291 
94 296 
94 324 
95 158 
96 168 
96 255 
97 177 
97 234 
97 238 
97 495 
98 277 
98 309 
99 143 
99 189 
99 257 
99 360 
100 137 
100 154 
100 161 
100 217 
100 234 
100 362 
100 381 
100 437 
100 472 
101 414 
101 438 
101 482 
102 103 
102 236 
102 269 
102 354 
102 386 
102 453 
103 144 
103 184 
103 410 
103 487 
104 149 
104 255 
104 268 
104 281 
104 307 
104 312 
105 162 
105 192 
105 207 
105 221 
106 133 
106 135 
106 209 
106 264 
106 276 
108 183 
108 212 
108 335 
108 453 
109 129 
109 179 
109 210 
109 337 
109 394 
110 237 
110 424 
111 302 
111 473 
112 131 
113 122 
114 140 
114 336 
114 357 
114 364 
114 416 
114 467 
114 469 
114 498 
115 127 
115 145 
115 220 
115 239 
115 292 
115 358 
115 366 
115 471 
116 141 
116 276 
116 322 
116 323 
116 338 
116 376 
116 480 
117 150 
117 219 
117 235 
117 258 
117 265 
117 288 
117 318 
118 145 
118 146 
118 147 
118 241 
118 253 
118 400 
118 456 
119 331 
120 135 
120 199 
120 415 
120 422 
121 223 
121 350 
121 385 
121 399 
122 142 
122 213 
122 236 
122 249 
122 330 
122 354 
123 202 
123 362 
123 405 
124 251 
124 382 
124 432 
124 436 
125 422 
126 134 
126 157 
126 162 
126 313 
127 260 
128 303 
128 378 
129 191 
129 253 
129 331 
131 415 
131 422 
132 151 
132 162 
132 179 
132 199 
132 242 
132 254 
132 333 
132 337 
132 447 
132 448 
133 187 
133 293 
134 204 
134 297 
134 300 
134 379 
134 413 
135 140 
135 263 
136 460 
136 482 
137 138 
137 160 
137 215 
137 260 
137 309 
137 383 
138 203 
138 208 
138 216 
138 255 
138 329 
138 404 
138 421 
138 429 
139 206 
139 380 
140 167 
140 218 
140 224 
140 233 
141 178 
141 228 
142 268 
142 360 
142 474 
143 272 
143 303 
143 459 
144 179 
144 406 
145 391 
145 446 
146 345 
147 206 
147 261 
148 150 
148 195 
148 231 
148 461 
149 400 
149 473 
150 152 
150 208 
150 225 
150 346 
150 458 
150 496 
151 364 
151 430 
152 354 
152 405 
152 464 
153 393 
154 221 
154 238 
154 408 
155 322 
155 368 
155 383 
155 489 
156 171 
156 497 
157 382 
158 199 
159 214 
159 444 
159 486 
160 183 
161 210 
162 175 
162 227 
162 319 
162 461 
163 174 
163 330 
163 480 
164 208 
164 209 
164 284 
164 318 
164 468 
165 333 
165 401 
166 171 
166 250 
166 380 
166 385 
166 392 
167 305 
167 355 
167 452 
168 239 
168 262 
168 308 
168 329 
169 303 
169 343 
169 367 
169 392 
169 492 
170 260 
171 173 
171 179 
171 241 
171 295 
171 316 
172 230 
172 290 
172 305 
172 399 
174 194 
176 350 
176 443 
177 205 
177 297 
177 325 
178 220 
178 233 
178 275 
178 353 
178 434 
179 217 
179 280 
179 282 
181 193 
181 195 
181 236 
181 286 
181 390 
182 188 
182 197 
182 200 
182 226 
182 229 
182 256 
182 327 
182 341 
182 429 
182 463 
182 464 
183 196 
184 227 
185 417 
186 272 
186 376 
186 409 
186 470 
187 259 
187 267 
187 289 
187 339 
187 351 
187 412 
187 485 
189 200 
190 347 
190 414 
191 252 
191 291 
192 326 
193 225 
193 336 
194 376 
194 430 
194 471 
195 198 
195 335 
199 271 
199 332 
200 309 
201 243 
201 269 
201 344 
201 362 
201 368 
202 205 
202 220 
202 358 
203 209 
203 263 
203 337 
203 354 
203 440 
203 476 
204 245 
205 265 
206 270 
206 338 
206 356 
207 374 
207 468 
207 475 
210 251 
210 289 
210 298 
211 247 
211 433 
211 488 
212 230 
212 317 
212 424 
213 308 
213 359 
213 398 
214 235 
214 239 
214 248 
214 301 
214 352 
214 412 
215 254 
215 282 
215 349 
215 351 
216 249 
216 322 
216 367 
216 402 
216 447 
216 493 
218 294 
218 433 
219 232 
219 287 
219 328 
219 334 
219 361 
219 373 
220 329 
220 336 
220 494 
222 242 
222 279 
222 360 
223 229 
224 461 
225 348 
226 344 
227 390 
229 310 
229 434 
231 293 
231 403 
232 391 
232 447 
233 403 
234 310 
234 496 
236 248 
237 396 
239 400 
240 391 
240 430 
241 287 
241 349 
241 404 
241 443 
242 334 
242 344 
242 423 
243 361 
243 477 
246 349 
246 402 
247 398 
247 439 
247 492 
248 347 
248 348 
248 373 
249 324 
249 359 
250 255 
250 267 
250 385 
250 434 
252 308 
254 259 
254 282 
254 356 
254 430 
255 269 
255 278 
255 283 
255 306 
255 320 
255 327 
255 387 
258 264 
258 269 
258 489 
259 274 
259 301 
259 372 
260 412 
262 466 
263 404 
265 329 
266 424 
267 292 
267 313 
267 353 
268 438 
270 283 
270 320 
270 435 
272 335 
272 428 
273 471 
274 343 
274 444 
275 438 
276 321 
276 367 
276 425 
277 460 
278 410 
279 386 
281 370 
281 397 
281 436 
282 299 
284 287 
284 374 
284 460 
286 356 
289 298 
289 369 
291 390 
291 394 
293 368 
294 361 
294 477 
295 381 
295 462 
300 385 
301 325 
301 411 
301 444 
301 483 
303 317 
305 367 
305 416 
305 487 
306 310 
306 314 
307 359 
308 332 
310 456 
312 490 
313 474 
313 475 
314 445 
315 490 
317 388 
319 396 
320 404 
320 436 
321 345 
321 407 
321 461 
321 467 
322 391 
323 362 
327 392 
327 426 
328 365 
328 398 
329 378 
330 418 
331 370 
331 383 
331 388 
331 389 
331 428 
332 416 
337 382 
338 413 
338 426 
338 491 
341 417 
343 395 
343 457 
346 478 
354 396 
354 435 
356 410 
357 375 
357 377 
357 406 
360 435 
361 378 
361 457 
361 494 
363 390 
363 400 
363 411 
363 476 
363 491 
364 440 
365 465 
368 420 
369 375 
370 481 
372 442 
374 392 
376 465 
378 454 
378 490 
384 438 
387 485 
390 410 
390 446 
390 498 
399 451 
400 421 
401 429 
403 439 
420 425 
420 493 
423 491 
425 429 
426 460 
427 439 
429 472 
432 488 
437 492 
444 458 
451 488 
454 467 
458 485 
461 475 
464 484 
467 478 
467 479 
468 469 
469 480 
477 479 
