false
false
500
1988
0 1 
0 3 
0 4 
0 5 
0 7 
0 19 
0 20 
0 23 
0 50 
0 63 
0 65 
0 68 
0 93 
0 121 
0 129 
0 133 
0 137 
0 145 
0 156 
0 177 
0 191 
0 206 
0 218 
0 232 
0 233 
0 248 
0 271 
0 314 
0 326 
0 328 
0 375 
0 410 
0 416 
0 431 
0 495 
1 2 
1 4 
1 5 
1 11 
1 12 
1 14 
1 15 
1 17 
1 18 
1 20 
1 23 
1 31 
1 33 
1 34 
1 36 
1 37 
1 54 
1 55 
1 57 
1 59 
1 76 
1 86 
1 88 
1 114 
1 117 
1 132 
1 134 
1 140 
1 144 
1 147 
1 151 
1 159 
1 170 
1 172 
1 201 
1 209 
1 220 
1 231 
1 236 
1 237 
1 280 
1 300 
1 315 
1 326 
1 330 
1 331 
1 347 
1 382 
1 393 
1 406 
1 430 
1 441 
1 470 
1 489 
2 3 
2 4 
2 6 
2 11 
2 15 
2 16 
2 18 
2 20 
2 21 
2 25 
2 29 
2 35 
2 36 
2 39 
2 41 
2 52 
2 63 
2 66 
2 72 
2 73 
2 74 
2 75 
2 76 
2 85 
2 91 
2 94 
2 113 
2 123 
2 125 
2 133 
2 145 
2 153 
2 158 
2 165 
2 178 
2 190 
2 192 
2 197 
2 202 
2 204 
2 210 
2 217 
2 220 
2 229 
2 239 
2 241 
2 244 
2 245 
2 265 
2 350 
2 363 
2 367 
2 375 
2 383 
2 389 
2 392 
2 403 
2 414 
2 433 
2 439 
2 453 
2 456 
2 461 
2 472 
2 482 
3 4 
3 5 
3 6 
3 7 
3 8 
3 9 
3 11 
3 14 
3 22 
3 38 
3 43 
3 46 
3 49 
3 56 
3 75 
3 77 
3 84 
3 94 
3 98 
3 105 
3 117 
3 137 
3 149 
3 154 
3 157 
3 167 
3 179 
3 180 
3 187 
3 194 
3 209 
3 210 
3 211 
3 214 
3 226 
3 255 
3 268 
3 272 
3 277 
3 288 
3 289 
3 330 
3 334 
3 383 
3 385 
3 410 
3 414 
3 447 
3 450 
3 465 
3 472 
3 479 
3 486 
3 499 
4 5 
4 6 
4 7 
4 8 
4 9 
4 10 
4 12 
4 13 
4 15 
4 17 
4 19 
4 21 
4 24 
4 25 
4 26 
4 28 
4 29 
4 31 
4 33 
4 48 
4 54 
4 56 
4 64 
4 66 
4 68 
4 81 
4 82 
4 84 
4 87 
4 92 
4 100 
4 102 
4 108 
4 110 
4 111 
4 114 
4 118 
4 119 
4 128 
4 135 
4 141 
4 142 
4 154 
4 157 
4 161 
4 163 
4 170 
4 175 
4 179 
4 186 
4 190 
4 197 
4 203 
4 207 
4 209 
4 215 
4 216 
4 228 
4 234 
4 257 
4 259 
4 261 
4 267 
4 272 
4 284 
4 290 
4 305 
4 306 
4 315 
4 327 
4 332 
4 336 
4 337 
4 359 
4 370 
4 372 
4 374 
4 381 
4 382 
4 408 
4 412 
4 415 
4 422 
4 450 
4 452 
4 453 
4 456 
4 461 
5 6 
5 13 
5 15 
5 18 
5 24 
5 30 
5 33 
5 43 
5 47 
5 49 
5 54 
5 61 
5 66 
5 92 
5 95 
5 100 
5 108 
5 110 
5 118 
5 124 
5 131 
5 142 
5 143 
5 148 
5 150 
5 160 
5 162 
5 169 
5 198 
5 205 
5 214 
5 223 
5 227 
5 236 
5 239 
5 240 
5 256 
5 266 
5 268 
5 297 
5 311 
5 316 
5 327 
5 340 
5 361 
5 376 
5 381 
5 398 
5 416 
5 420 
5 442 
5 443 
5 474 
5 485 
6 7 
6 8 
6 9 
6 10 
6 12 
6 13 
6 30 
6 31 
6 38 
6 42 
6 51 
6 58 
6 62 
6 69 
6 75 
6 89 
6 90 
6 93 
6 110 
6 115 
6 118 
6 126 
6 142 
6 164 
6 172 
6 182 
6 227 
6 228 
6 244 
6 245 
6 287 
6 313 
6 344 
6 353 
6 354 
6 358 
6 367 
6 373 
6 385 
6 424 
6 427 
6 432 
6 453 
6 457 
6 468 
6 472 
6 475 
6 498 
7 8 
7 10 
7 12 
7 13 
7 14 
7 19 
7 26 
7 27 
7 28 
7 31 
7 32 
7 38 
7 42 
7 50 
7 61 
7 65 
7 69 
7 71 
7 75 
7 90 
7 93 
7 100 
7 111 
7 115 
7 121 
7 124 
7 130 
7 137 
7 154 
7 159 
7 177 
7 181 
7 184 
7 205 
7 213 
7 242 
7 243 
7 250 
7 273 
7 285 
7 286 
7 292 
7 294 
7 321 
7 347 
7 349 
7 368 
7 370 
7 421 
7 451 
7 480 
7 485 
7 488 
7 498 
8 9 
8 10 
8 11 
8 23 
8 24 
8 47 
8 50 
8 53 
8 60 
8 61 
8 62 
8 70 
8 80 
8 100 
8 119 
8 132 
8 139 
8 156 
8 162 
8 170 
8 176 
8 196 
8 238 
8 274 
8 282 
8 294 
8 302 
8 310 
8 328 
8 418 
8 438 
8 478 
9 16 
9 53 
9 76 
9 96 
9 107 
9 131 
9 132 
9 165 
9 174 
9 189 
9 191 
9 206 
9 251 
9 252 
9 263 
9 264 
9 270 
9 299 
9 302 
9 313 
9 332 
9 344 
9 357 
9 360 
9 369 
9 414 
9 415 
9 475 
10 22 
10 23 
10 28 
10 32 
10 51 
10 64 
10 83 
10 105 
10 111 
10 161 
10 177 
10 195 
10 261 
10 285 
10 295 
10 352 
10 363 
10 374 
11 16 
11 17 
11 21 
11 45 
11 48 
11 204 
11 210 
11 226 
11 238 
11 256 
11 345 
11 350 
11 352 
11 384 
12 14 
12 25 
12 34 
12 37 
12 43 
12 47 
12 52 
12 64 
12 70 
12 85 
12 174 
12 253 
12 312 
12 495 
13 18 
13 19 
13 26 
13 29 
13 34 
13 40 
13 41 
13 45 
13 59 
13 79 
13 106 
13 116 
13 130 
13 132 
13 178 
13 196 
13 202 
13 213 
13 225 
13 237 
13 241 
13 242 
13 266 
13 278 
13 282 
13 284 
13 338 
13 349 
13 377 
13 436 
13 455 
13 460 
13 473 
14 20 
14 24 
14 27 
14 46 
14 69 
14 83 
14 85 
14 92 
14 102 
14 120 
14 169 
14 214 
14 237 
14 333 
14 371 
14 401 
14 415 
14 484 
15 16 
15 17 
15 25 
15 41 
15 45 
15 49 
15 82 
15 87 
15 108 
15 109 
15 116 
15 121 
15 133 
15 146 
15 187 
15 198 
15 226 
15 230 
15 287 
15 356 
15 389 
15 412 
15 429 
15 436 
15 452 
15 455 
15 468 
16 30 
16 44 
16 48 
16 58 
16 65 
16 73 
16 123 
16 166 
16 215 
16 365 
16 381 
16 390 
17 29 
17 33 
17 43 
17 57 
17 90 
17 97 
17 98 
17 99 
17 126 
17 160 
17 200 
17 249 
17 250 
17 251 
17 304 
17 337 
17 375 
17 394 
17 412 
17 439 
17 443 
17 459 
18 22 
18 131 
18 198 
18 241 
18 287 
18 292 
18 377 
18 434 
18 437 
18 447 
18 458 
18 484 
19 21 
19 30 
19 36 
19 44 
19 49 
19 57 
19 128 
19 130 
19 143 
19 178 
19 206 
19 220 
19 234 
19 252 
19 256 
19 289 
19 343 
19 356 
19 359 
19 364 
19 402 
19 459 
19 477 
19 488 
20 27 
20 32 
20 35 
20 38 
20 39 
20 40 
20 46 
20 47 
20 51 
20 55 
20 59 
20 68 
20 76 
20 80 
20 113 
20 139 
20 148 
20 157 
20 182 
20 186 
20 190 
20 226 
20 232 
20 277 
20 282 
20 290 
20 296 
20 303 
20 342 
20 346 
20 353 
20 379 
20 426 
20 430 
20 478 
21 22 
21 32 
21 37 
21 64 
21 80 
21 83 
21 89 
21 107 
21 138 
21 185 
21 218 
21 219 
21 304 
21 327 
21 346 
21 428 
22 35 
22 95 
22 97 
22 168 
22 247 
22 262 
22 278 
22 301 
22 323 
22 373 
22 390 
23 27 
23 55 
23 57 
23 78 
23 148 
23 168 
23 173 
23 227 
23 295 
23 339 
23 370 
24 26 
24 73 
24 82 
24 101 
24 140 
24 200 
24 212 
24 224 
24 251 
24 292 
24 343 
24 445 
24 466 
25 28 
25 54 
25 58 
25 70 
25 103 
25 130 
25 138 
25 144 
25 194 
25 199 
25 212 
25 224 
25 286 
25 291 
25 294 
25 307 
25 315 
25 323 
25 358 
25 388 
25 397 
26 62 
26 81 
26 105 
26 122 
26 186 
26 394 
26 494 
27 155 
27 166 
28 34 
28 53 
28 106 
28 170 
28 231 
28 266 
28 268 
28 298 
28 448 
29 35 
29 59 
29 116 
29 201 
29 344 
29 428 
29 444 
29 472 
30 67 
30 211 
31 147 
31 209 
31 243 
31 270 
32 85 
32 86 
32 95 
32 96 
32 146 
32 221 
32 253 
32 256 
33 36 
33 40 
33 44 
33 45 
33 176 
33 185 
33 261 
33 367 
34 80 
34 98 
34 109 
34 117 
34 118 
34 125 
34 173 
34 176 
34 179 
34 189 
34 258 
34 281 
34 295 
34 466 
34 478 
35 39 
35 40 
35 42 
35 56 
35 68 
35 73 
35 89 
35 104 
35 122 
35 138 
35 141 
35 142 
35 242 
35 279 
35 345 
35 364 
35 365 
35 384 
35 391 
35 442 
35 480 
35 489 
35 493 
36 37 
36 39 
36 56 
36 135 
36 167 
36 193 
36 200 
36 228 
36 275 
36 351 
36 355 
36 387 
36 394 
36 455 
36 484 
36 491 
37 41 
37 42 
37 44 
37 46 
37 48 
37 62 
37 106 
37 108 
37 120 
37 134 
37 139 
37 173 
37 176 
37 282 
37 297 
37 313 
37 314 
37 325 
37 376 
37 413 
37 432 
37 448 
37 455 
37 471 
38 61 
38 67 
38 216 
38 269 
38 288 
38 386 
38 496 
39 274 
39 371 
39 379 
40 52 
40 74 
40 82 
40 97 
40 125 
40 140 
40 157 
40 160 
40 191 
40 210 
40 235 
40 243 
40 278 
40 296 
40 318 
40 357 
40 397 
40 406 
40 465 
40 467 
40 475 
40 497 
40 498 
41 52 
41 65 
41 79 
41 126 
41 137 
41 161 
41 183 
41 244 
41 313 
41 342 
41 433 
41 493 
42 71 
42 72 
42 87 
42 95 
42 96 
42 136 
42 146 
42 175 
42 186 
42 218 
42 235 
43 50 
43 173 
43 329 
43 331 
44 69 
44 78 
44 81 
44 83 
44 90 
44 91 
44 103 
44 138 
44 148 
44 150 
44 155 
44 197 
44 207 
44 211 
44 219 
44 266 
44 291 
44 306 
44 324 
44 369 
44 397 
44 413 
44 448 
44 463 
44 478 
45 99 
45 235 
45 330 
46 51 
46 55 
46 78 
46 94 
46 124 
46 125 
46 174 
46 196 
46 207 
46 274 
46 314 
46 358 
46 368 
46 392 
46 395 
46 398 
46 416 
46 427 
46 462 
46 477 
47 72 
47 77 
47 98 
47 114 
47 115 
47 123 
47 126 
47 232 
47 255 
47 272 
47 322 
47 337 
48 143 
48 168 
48 183 
48 225 
48 389 
48 428 
49 58 
49 60 
49 63 
49 67 
49 88 
49 92 
49 93 
49 133 
49 180 
49 199 
49 263 
49 275 
49 322 
49 371 
49 391 
49 479 
49 482 
49 497 
50 60 
50 106 
50 152 
50 238 
50 262 
50 294 
51 77 
51 112 
51 423 
52 53 
52 363 
53 88 
53 149 
53 413 
54 67 
54 70 
54 144 
54 273 
54 292 
54 390 
54 487 
55 79 
55 97 
55 104 
55 122 
55 146 
55 191 
55 230 
55 334 
55 403 
55 431 
56 60 
56 74 
56 81 
56 222 
56 277 
56 454 
56 483 
57 171 
57 174 
57 199 
57 237 
57 257 
57 324 
57 417 
57 425 
58 109 
58 123 
58 220 
59 285 
59 350 
60 112 
61 63 
61 71 
61 72 
61 79 
61 86 
61 112 
61 154 
61 192 
61 211 
61 216 
61 247 
61 267 
61 275 
61 307 
61 319 
61 394 
61 416 
61 420 
61 483 
61 494 
62 66 
62 124 
62 127 
62 135 
62 143 
62 147 
62 164 
62 172 
62 222 
62 246 
62 339 
62 348 
62 357 
62 366 
62 391 
63 91 
63 105 
63 267 
63 286 
63 293 
63 335 
63 382 
63 428 
64 88 
64 409 
64 427 
65 91 
65 119 
65 120 
65 128 
65 134 
65 192 
65 249 
65 284 
65 473 
65 486 
66 78 
66 86 
66 99 
66 104 
66 110 
66 122 
66 144 
66 147 
66 162 
66 271 
66 309 
66 339 
66 340 
66 388 
66 419 
66 442 
67 71 
67 103 
67 163 
67 233 
67 342 
67 377 
68 74 
68 87 
68 104 
68 128 
68 201 
68 202 
68 308 
68 312 
68 331 
68 341 
69 96 
69 151 
69 190 
69 192 
69 404 
69 429 
71 77 
71 135 
71 204 
71 249 
71 258 
71 340 
71 408 
71 447 
72 288 
72 358 
72 464 
73 164 
73 216 
73 254 
73 396 
73 421 
74 84 
74 109 
74 152 
74 195 
74 234 
74 261 
74 286 
74 418 
74 489 
74 493 
75 84 
75 129 
75 181 
76 224 
76 242 
76 312 
76 452 
77 99 
77 107 
77 167 
77 193 
77 246 
77 250 
77 257 
77 269 
77 279 
77 306 
77 351 
77 404 
78 166 
78 183 
78 231 
78 351 
78 384 
78 399 
78 421 
79 127 
79 195 
79 241 
80 89 
80 121 
80 150 
80 158 
80 271 
80 372 
80 409 
80 454 
81 94 
81 160 
81 296 
81 304 
81 458 
81 470 
82 136 
82 239 
82 245 
82 248 
82 262 
82 280 
82 284 
82 388 
82 419 
83 103 
83 120 
84 116 
84 140 
84 155 
84 273 
84 298 
84 348 
84 354 
84 380 
84 488 
84 489 
85 195 
85 404 
85 411 
86 112 
86 218 
86 259 
86 367 
87 149 
87 188 
87 263 
87 280 
87 319 
87 393 
87 407 
87 413 
87 494 
88 149 
88 424 
89 171 
89 175 
89 202 
89 283 
89 322 
89 354 
89 426 
89 441 
89 492 
89 499 
90 101 
90 153 
90 189 
90 221 
90 317 
90 436 
90 446 
90 450 
91 102 
91 205 
91 283 
91 466 
92 119 
92 141 
92 183 
92 197 
93 101 
93 260 
93 276 
94 236 
94 323 
95 153 
96 101 
96 152 
96 158 
96 184 
96 300 
97 129 
97 159 
97 178 
97 229 
97 288 
97 314 
97 348 
97 410 
98 111 
98 165 
98 185 
98 321 
98 332 
99 102 
99 114 
99 228 
99 377 
99 378 
100 254 
101 107 
101 117 
101 164 
101 168 
101 203 
101 230 
101 352 
101 457 
103 113 
103 136 
103 188 
103 333 
103 461 
103 485 
104 171 
104 180 
104 260 
104 269 
104 359 
104 445 
105 151 
105 156 
105 172 
105 235 
105 335 
105 481 
105 490 
105 498 
106 113 
106 208 
106 223 
106 309 
107 423 
107 426 
107 473 
108 131 
108 222 
108 240 
108 300 
108 465 
109 134 
109 188 
109 193 
109 309 
109 326 
109 437 
110 201 
110 319 
110 320 
110 411 
111 287 
111 310 
112 115 
112 177 
112 251 
112 316 
113 155 
113 187 
113 233 
113 316 
113 429 
113 438 
114 163 
114 336 
114 403 
114 477 
115 129 
115 141 
115 152 
115 180 
115 234 
115 259 
115 332 
115 360 
115 496 
116 212 
116 379 
116 443 
117 391 
117 459 
119 171 
119 215 
119 221 
119 263 
119 290 
119 305 
119 376 
119 443 
119 463 
120 156 
120 181 
121 136 
121 223 
121 227 
121 291 
121 364 
121 435 
121 440 
121 491 
122 145 
122 159 
122 194 
122 243 
122 258 
122 270 
122 362 
122 441 
122 445 
123 420 
124 127 
124 151 
124 153 
124 303 
124 324 
124 349 
124 402 
125 127 
125 150 
126 165 
126 295 
127 401 
128 166 
128 299 
128 325 
128 366 
128 495 
129 162 
129 299 
129 329 
129 429 
129 497 
130 145 
130 250 
131 491 
132 293 
133 139 
133 175 
133 400 
133 453 
134 309 
134 380 
135 260 
135 325 
135 366 
135 386 
135 407 
136 300 
136 496 
137 161 
137 330 
137 346 
137 378 
137 398 
137 449 
138 163 
138 422 
139 187 
139 348 
140 185 
140 247 
140 307 
140 338 
140 473 
140 497 
140 499 
141 214 
141 249 
141 279 
142 361 
142 476 
143 158 
143 205 
143 217 
143 265 
143 275 
143 308 
143 341 
143 493 
144 219 
144 248 
144 323 
144 381 
144 477 
145 169 
145 492 
146 224 
146 229 
146 276 
146 306 
147 169 
147 181 
147 255 
147 440 
147 447 
147 462 
148 203 
148 264 
148 362 
148 376 
148 449 
149 283 
149 474 
151 213 
151 239 
151 270 
151 320 
151 469 
152 182 
152 217 
153 167 
153 298 
153 369 
153 372 
154 213 
154 225 
154 325 
154 435 
155 343 
155 350 
155 464 
156 200 
156 203 
156 215 
156 310 
156 329 
157 194 
157 253 
157 308 
157 324 
158 265 
158 277 
158 301 
158 317 
158 368 
159 240 
159 431 
160 269 
160 293 
160 340 
160 370 
163 184 
163 208 
163 233 
163 281 
163 291 
163 495 
165 244 
165 425 
166 188 
166 229 
166 281 
166 440 
166 449 
167 207 
167 339 
167 344 
167 349 
167 355 
167 356 
167 393 
167 417 
167 444 
168 231 
168 297 
169 179 
169 238 
169 278 
169 289 
169 315 
169 355 
171 184 
171 204 
171 230 
171 267 
171 301 
171 321 
171 362 
171 432 
171 466 
171 467 
171 494 
173 268 
173 487 
174 236 
174 359 
174 363 
174 397 
175 248 
175 264 
175 289 
175 297 
175 354 
175 383 
175 486 
176 253 
176 257 
176 280 
176 302 
177 208 
177 305 
178 182 
178 212 
178 345 
179 196 
179 408 
179 418 
179 481 
180 353 
181 198 
181 335 
183 223 
183 386 
183 401 
184 254 
184 436 
185 371 
185 378 
186 255 
186 311 
186 409 
187 189 
187 193 
187 206 
187 208 
187 346 
187 361 
188 424 
189 311 
189 333 
189 471 
190 260 
190 430 
192 199 
193 427 
194 246 
194 318 
194 328 
196 440 
197 219 
197 347 
197 492 
198 380 
200 276 
201 422 
202 484 
203 430 
205 232 
205 351 
205 471 
205 479 
206 316 
206 318 
206 364 
206 400 
206 423 
207 217 
207 296 
208 273 
208 365 
208 396 
209 225 
209 258 
210 356 
211 265 
212 479 
214 240 
214 290 
214 326 
214 417 
215 302 
215 463 
216 387 
218 221 
218 411 
219 246 
219 317 
219 438 
220 222 
220 272 
221 247 
221 405 
222 419 
224 408 
225 388 
227 338 
227 403 
227 404 
227 461 
228 311 
229 281 
229 372 
230 254 
230 271 
230 283 
230 303 
232 252 
232 259 
233 406 
234 380 
237 305 
237 341 
237 435 
238 336 
239 245 
239 262 
239 405 
240 252 
240 337 
241 379 
241 456 
241 467 
241 499 
242 303 
243 285 
243 320 
243 343 
244 471 
246 336 
248 395 
250 334 
253 298 
253 396 
254 293 
254 321 
254 402 
255 333 
255 355 
255 365 
255 482 
256 264 
256 360 
257 425 
258 419 
259 276 
260 385 
260 402 
260 486 
261 448 
262 299 
262 458 
263 334 
265 317 
266 319 
266 454 
267 274 
267 410 
271 454 
271 457 
272 279 
272 304 
272 373 
273 318 
273 470 
275 301 
275 341 
275 384 
275 406 
277 327 
277 393 
278 475 
282 307 
282 312 
282 415 
282 480 
283 322 
285 431 
287 434 
287 462 
289 375 
290 434 
292 407 
293 329 
293 480 
296 423 
296 460 
298 374 
298 462 
299 357 
299 434 
300 320 
301 308 
301 366 
301 399 
303 490 
306 424 
307 310 
307 352 
307 435 
308 390 
309 378 
310 396 
314 481 
315 328 
315 451 
316 387 
317 457 
318 382 
319 338 
319 347 
320 385 
320 389 
320 432 
322 342 
322 417 
324 490 
325 414 
326 361 
326 485 
328 335 
330 331 
330 353 
331 369 
331 399 
334 345 
335 383 
336 441 
336 469 
341 386 
341 470 
342 400 
342 446 
342 451 
342 488 
342 491 
342 496 
343 395 
343 422 
343 426 
343 433 
345 374 
347 360 
347 368 
347 398 
348 362 
348 481 
349 482 
350 445 
350 476 
351 399 
354 421 
355 392 
355 465 
355 468 
355 474 
356 439 
360 460 
361 405 
362 433 
364 449 
365 373 
365 395 
365 409 
366 444 
367 407 
368 469 
372 412 
372 437 
372 460 
373 400 
373 425 
376 464 
377 387 
379 392 
379 405 
381 418 
385 446 
388 401 
388 411 
388 438 
388 490 
392 469 
398 467 
407 468 
411 439 
412 420 
415 458 
417 446 
417 459 
421 442 
427 437 
427 450 
427 456 
427 463 
431 476 
436 444 
438 452 
441 464 
445 451 
449 492 
461 487 
463 474 
475 476 
477 487 
479 483 
481 483 
