false
false
500
1988
0 1 
0 3 
0 4 
0 5 
0 12 
0 14 
0 16 
0 19 
0 20 
0 24 
0 25 
0 27 
0 45 
0 52 
0 54 
0 55 
0 80 
0 83 
0 94 
0 104 
0 123 
0 126 
0 128 
0 129 
0 131 
0 154 
0 163 
0 169 
0 170 
0 173 
0 183 
0 185 
0 198 
0 229 
0 238 
0 280 
0 322 
0 328 
0 335 
0 346 
0 356 
0 364 
0 371 
0 374 
0 406 
0 439 
0 442 
0 481 
0 492 
1 2 
1 4 
1 5 
1 6 
1 7 
1 9 
1 11 
1 13 
1 18 
1 19 
1 21 
1 22 
1 24 
1 29 
1 33 
1 35 
1 36 
1 37 
1 38 
1 41 
1 42 
1 43 
1 47 
1 51 
1 61 
1 63 
1 67 
1 69 
1 76 
1 95 
1 100 
1 102 
1 103 
1 125 
1 127 
1 143 
1 144 
1 149 
1 151 
1 155 
1 161 
1 166 
1 167 
1 181 
1 187 
1 206 
1 213 
1 244 
1 256 
1 279 
1 288 
1 301 
1 316 
1 319 
1 333 
1 337 
1 340 
1 358 
1 370 
1 380 
1 396 
1 401 
1 434 
1 436 
1 443 
1 453 
1 462 
1 472 
1 483 
2 3 
2 4 
2 5 
2 6 
2 7 
2 8 
2 9 
2 10 
2 11 
2 12 
2 13 
2 21 
2 23 
2 30 
2 40 
2 69 
2 75 
2 85 
2 87 
2 115 
2 133 
2 135 
2 149 
2 158 
2 205 
2 222 
2 228 
2 229 
2 242 
2 265 
2 277 
2 292 
2 297 
2 302 
2 310 
2 403 
2 410 
2 421 
2 431 
2 476 
2 482 
2 496 
3 4 
3 6 
3 8 
3 10 
3 15 
3 26 
3 32 
3 36 
3 42 
3 51 
3 53 
3 77 
3 78 
3 94 
3 96 
3 110 
3 114 
3 116 
3 118 
3 127 
3 132 
3 147 
3 151 
3 169 
3 181 
3 185 
3 190 
3 192 
3 194 
3 203 
3 214 
3 217 
3 223 
3 237 
3 254 
3 287 
3 288 
3 297 
3 303 
3 370 
3 387 
3 395 
3 411 
3 420 
3 426 
3 427 
3 449 
3 456 
3 458 
3 495 
4 5 
4 6 
4 8 
4 12 
4 26 
4 28 
4 37 
4 51 
4 61 
4 86 
4 100 
4 102 
4 163 
4 174 
4 204 
4 213 
4 295 
4 311 
4 342 
4 360 
4 368 
4 474 
5 7 
5 10 
5 11 
5 15 
5 22 
5 27 
5 62 
5 67 
5 77 
5 107 
5 141 
5 147 
5 159 
5 166 
5 195 
5 243 
5 248 
5 281 
5 359 
5 389 
5 410 
5 416 
5 455 
6 7 
6 8 
6 33 
6 56 
6 139 
6 140 
6 152 
6 184 
6 245 
6 264 
6 314 
6 319 
6 349 
7 9 
7 10 
7 12 
7 15 
7 16 
7 17 
7 19 
7 22 
7 23 
7 28 
7 31 
7 40 
7 42 
7 46 
7 52 
7 60 
7 73 
7 89 
7 108 
7 134 
7 159 
7 210 
7 220 
7 228 
7 230 
7 250 
7 252 
7 281 
7 286 
7 291 
7 321 
7 341 
7 394 
7 411 
7 472 
7 474 
8 9 
8 15 
8 16 
8 20 
8 21 
8 23 
8 25 
8 27 
8 29 
8 33 
8 34 
8 35 
8 38 
8 40 
8 43 
8 45 
8 49 
8 52 
8 56 
8 57 
8 65 
8 66 
8 68 
8 80 
8 93 
8 111 
8 120 
8 122 
8 150 
8 159 
8 178 
8 188 
8 205 
8 227 
8 236 
8 238 
8 272 
8 304 
8 327 
8 333 
8 360 
8 369 
8 388 
8 401 
8 408 
8 412 
8 416 
8 418 
8 438 
8 443 
8 456 
8 485 
9 14 
9 25 
9 26 
9 58 
9 61 
9 66 
9 96 
9 142 
9 173 
9 176 
9 191 
9 197 
9 201 
9 219 
9 235 
9 251 
9 268 
9 276 
9 277 
9 288 
9 298 
9 299 
9 313 
9 318 
9 320 
9 378 
10 11 
10 13 
10 14 
10 17 
10 18 
10 20 
10 27 
10 28 
10 30 
10 31 
10 48 
10 51 
10 55 
10 56 
10 57 
10 62 
10 64 
10 70 
10 79 
10 81 
10 82 
10 101 
10 103 
10 105 
10 112 
10 118 
10 121 
10 133 
10 148 
10 157 
10 161 
10 168 
10 170 
10 172 
10 187 
10 199 
10 292 
10 293 
10 294 
10 297 
10 304 
10 308 
10 312 
10 329 
10 355 
10 379 
10 409 
10 415 
10 438 
10 441 
10 448 
10 456 
10 465 
10 468 
11 13 
11 20 
11 55 
11 75 
11 81 
11 82 
11 84 
11 93 
11 105 
11 153 
11 180 
11 185 
11 191 
11 216 
11 237 
11 287 
11 392 
12 14 
12 16 
12 17 
12 24 
12 25 
12 39 
12 48 
12 61 
12 67 
12 78 
12 113 
12 128 
12 177 
12 190 
12 195 
12 232 
12 254 
12 285 
12 291 
12 302 
12 341 
12 351 
12 392 
12 414 
12 416 
12 417 
12 431 
12 435 
12 475 
12 485 
13 19 
13 38 
13 39 
13 43 
13 46 
13 50 
13 57 
13 65 
13 79 
13 90 
13 111 
13 130 
13 137 
13 150 
13 164 
13 175 
13 193 
13 212 
13 215 
13 254 
13 283 
13 290 
13 308 
13 317 
13 324 
13 351 
13 373 
13 395 
13 402 
14 17 
14 22 
14 30 
14 58 
14 115 
14 132 
14 135 
14 137 
14 139 
14 142 
14 149 
14 207 
14 222 
14 248 
14 283 
14 292 
14 304 
14 348 
14 363 
14 369 
14 373 
14 394 
14 447 
15 18 
15 29 
15 45 
15 46 
15 47 
15 63 
15 77 
15 91 
15 96 
15 98 
15 126 
15 133 
15 134 
15 145 
15 151 
15 223 
15 231 
15 242 
15 247 
15 262 
15 264 
15 333 
15 363 
15 384 
15 392 
15 399 
15 426 
15 433 
15 468 
15 469 
15 492 
16 18 
16 21 
16 30 
16 32 
16 34 
16 44 
16 46 
16 47 
16 53 
16 64 
16 73 
16 75 
16 88 
16 102 
16 119 
16 129 
16 130 
16 167 
16 177 
16 188 
16 189 
16 208 
16 235 
16 236 
16 249 
16 275 
16 278 
16 280 
16 291 
16 298 
16 306 
16 318 
16 321 
16 324 
16 328 
16 337 
16 347 
16 354 
16 360 
16 382 
16 407 
16 451 
16 464 
16 469 
17 28 
17 35 
17 72 
17 76 
17 109 
17 110 
17 196 
17 221 
17 265 
17 281 
17 369 
17 434 
18 23 
18 33 
18 36 
18 42 
18 48 
18 78 
18 106 
18 120 
18 133 
18 139 
18 186 
18 198 
18 215 
18 222 
18 251 
18 259 
18 290 
18 324 
18 336 
18 346 
18 401 
18 405 
18 416 
18 439 
18 448 
18 461 
18 469 
18 482 
19 72 
19 78 
19 93 
19 170 
19 202 
19 340 
20 26 
20 29 
20 32 
20 35 
20 53 
20 56 
20 86 
20 87 
20 92 
20 97 
20 98 
20 129 
20 141 
20 211 
20 216 
20 221 
20 356 
20 390 
20 424 
20 460 
20 490 
21 24 
21 38 
21 41 
21 43 
21 44 
21 59 
21 152 
21 165 
21 176 
21 199 
21 210 
21 289 
21 310 
21 321 
21 362 
21 471 
22 32 
22 40 
22 41 
22 82 
22 95 
22 113 
22 120 
22 142 
22 148 
22 150 
22 162 
22 186 
22 215 
22 241 
22 278 
22 305 
22 383 
22 428 
22 470 
23 31 
23 36 
23 76 
23 81 
23 100 
23 110 
23 124 
23 162 
23 194 
23 221 
23 233 
23 258 
23 267 
23 312 
23 318 
23 342 
23 483 
24 37 
24 39 
24 65 
24 120 
24 127 
24 136 
24 145 
24 166 
24 180 
24 197 
24 218 
24 239 
24 242 
24 322 
24 331 
24 353 
24 354 
24 366 
24 377 
24 478 
24 493 
25 34 
25 49 
25 80 
25 282 
25 322 
26 108 
27 37 
27 44 
27 50 
27 57 
27 72 
27 74 
27 101 
27 117 
27 134 
27 137 
27 140 
27 145 
27 156 
27 175 
27 209 
27 222 
27 225 
27 227 
27 241 
27 246 
27 250 
27 259 
27 270 
27 396 
27 488 
27 499 
28 98 
28 179 
28 243 
29 31 
29 64 
29 71 
29 82 
29 123 
29 189 
29 213 
29 219 
29 269 
29 273 
29 330 
29 353 
29 429 
29 467 
30 39 
30 47 
30 64 
30 66 
30 87 
30 88 
30 92 
30 101 
30 116 
30 127 
30 169 
30 207 
30 294 
30 298 
30 307 
30 456 
30 499 
31 34 
31 54 
31 62 
31 63 
31 68 
31 83 
31 96 
31 103 
31 107 
31 119 
31 143 
31 150 
31 168 
31 171 
31 201 
31 239 
31 323 
31 349 
31 388 
31 396 
31 421 
31 455 
31 457 
31 489 
32 154 
32 163 
32 179 
32 182 
32 245 
32 259 
32 488 
32 498 
33 48 
33 49 
33 67 
33 89 
33 98 
33 140 
33 231 
33 264 
33 284 
33 365 
33 366 
33 468 
33 486 
34 398 
35 69 
35 87 
35 116 
35 123 
35 217 
35 324 
35 382 
35 451 
36 102 
36 194 
36 420 
37 60 
37 100 
37 101 
37 113 
37 116 
37 128 
37 146 
37 171 
37 182 
37 278 
37 367 
37 397 
37 478 
38 41 
38 65 
38 94 
38 104 
38 115 
38 235 
38 326 
38 398 
38 473 
39 68 
39 206 
39 363 
40 54 
40 70 
40 74 
40 77 
40 129 
40 224 
40 326 
40 346 
40 414 
40 466 
41 44 
41 50 
41 59 
41 60 
41 106 
41 151 
41 218 
41 232 
41 242 
41 298 
41 307 
41 410 
41 497 
42 45 
42 50 
42 59 
42 86 
42 89 
42 109 
42 139 
42 168 
42 220 
42 248 
42 296 
42 299 
42 317 
42 375 
42 390 
42 397 
42 430 
42 494 
43 71 
43 79 
43 119 
43 122 
43 274 
43 281 
43 283 
43 293 
43 343 
43 385 
43 440 
44 141 
44 200 
44 214 
44 269 
44 410 
44 477 
45 49 
45 54 
45 55 
45 60 
45 69 
45 73 
45 74 
45 83 
45 85 
45 113 
45 119 
45 147 
45 148 
45 149 
45 154 
45 155 
45 200 
45 220 
45 223 
45 224 
45 253 
45 268 
45 285 
45 346 
45 426 
46 63 
46 99 
46 174 
46 190 
46 194 
46 263 
46 329 
46 331 
46 349 
46 409 
46 437 
46 443 
47 53 
47 58 
47 90 
47 245 
47 258 
47 274 
47 431 
47 432 
47 449 
47 454 
48 52 
48 70 
48 74 
48 136 
48 176 
48 180 
48 320 
48 325 
49 90 
49 184 
49 204 
49 374 
49 481 
50 91 
50 327 
50 405 
51 103 
51 189 
51 427 
52 58 
52 70 
52 76 
52 97 
52 131 
52 140 
52 144 
52 154 
52 186 
52 196 
52 207 
52 233 
52 235 
52 272 
52 336 
52 375 
52 395 
52 457 
52 461 
53 99 
53 104 
53 107 
53 186 
53 198 
53 204 
53 311 
53 365 
53 371 
54 95 
54 97 
54 105 
54 117 
54 135 
54 205 
54 299 
54 310 
54 321 
54 408 
54 428 
54 467 
55 59 
55 68 
55 85 
55 160 
55 212 
55 226 
55 257 
55 338 
55 349 
55 368 
55 377 
55 398 
55 441 
55 493 
56 90 
56 108 
56 122 
56 168 
56 176 
56 183 
56 197 
56 198 
56 343 
56 347 
56 444 
56 454 
57 62 
57 79 
57 80 
57 91 
57 92 
57 94 
57 112 
57 118 
57 175 
57 218 
57 230 
57 247 
57 256 
57 279 
57 295 
57 320 
57 334 
57 344 
57 404 
57 413 
57 429 
57 484 
57 498 
58 81 
58 93 
58 110 
58 111 
58 114 
58 144 
58 162 
58 197 
58 429 
58 476 
59 72 
59 125 
59 280 
59 285 
59 332 
60 71 
60 88 
60 108 
60 135 
60 137 
60 148 
60 158 
60 189 
60 192 
60 234 
60 255 
60 379 
60 419 
60 424 
61 153 
61 246 
61 302 
61 344 
61 378 
61 390 
62 89 
62 115 
62 138 
62 179 
62 212 
62 232 
62 368 
62 432 
62 434 
62 440 
63 73 
63 104 
63 124 
63 130 
63 172 
63 255 
63 272 
63 315 
63 368 
63 386 
64 66 
64 92 
64 165 
64 177 
64 265 
64 455 
65 153 
65 185 
65 190 
65 363 
65 450 
66 84 
66 117 
66 138 
66 169 
66 174 
66 200 
66 217 
66 237 
66 300 
66 314 
66 345 
66 359 
66 489 
67 75 
67 125 
67 131 
67 144 
67 224 
67 267 
67 271 
67 275 
67 340 
67 444 
67 491 
68 71 
68 126 
68 157 
68 483 
69 114 
69 188 
69 193 
69 207 
69 227 
69 369 
69 384 
69 399 
70 97 
70 112 
70 132 
70 160 
70 178 
70 214 
70 234 
70 419 
71 109 
71 131 
71 146 
71 181 
71 211 
71 418 
72 203 
72 238 
72 323 
72 339 
73 277 
73 337 
73 380 
73 481 
74 361 
74 489 
75 84 
75 86 
75 224 
75 249 
75 269 
75 278 
75 327 
75 432 
76 99 
76 112 
76 175 
76 205 
76 244 
76 248 
76 251 
76 260 
76 276 
76 309 
76 318 
76 323 
76 429 
76 447 
76 495 
77 88 
77 123 
77 138 
77 173 
77 195 
77 356 
77 494 
78 85 
78 156 
78 171 
78 208 
79 83 
79 84 
79 91 
79 95 
79 121 
79 161 
79 170 
79 172 
79 218 
79 229 
79 316 
79 394 
79 442 
79 462 
79 476 
81 142 
81 178 
81 231 
81 267 
81 293 
81 361 
81 389 
81 434 
82 106 
82 159 
82 172 
82 193 
82 216 
83 136 
83 284 
83 365 
83 430 
84 124 
84 156 
84 211 
84 256 
84 364 
84 413 
84 423 
84 470 
85 217 
85 279 
85 472 
86 105 
86 121 
86 122 
86 239 
87 99 
87 196 
87 282 
87 418 
88 134 
88 334 
88 376 
88 425 
89 107 
89 117 
89 158 
89 209 
89 225 
89 398 
90 163 
90 182 
90 309 
90 444 
91 125 
91 427 
92 184 
92 273 
92 280 
92 289 
92 295 
92 314 
92 383 
94 199 
94 252 
94 284 
94 400 
94 422 
95 157 
95 183 
96 146 
96 187 
96 232 
96 371 
97 374 
98 138 
98 155 
98 184 
98 255 
98 289 
98 303 
98 350 
98 411 
99 106 
99 114 
99 124 
99 171 
99 200 
99 204 
99 211 
99 246 
99 465 
100 160 
100 294 
100 396 
101 109 
101 210 
101 475 
101 494 
102 206 
102 250 
102 315 
102 353 
102 367 
102 490 
103 143 
103 208 
103 301 
103 311 
104 332 
104 376 
105 147 
105 153 
105 220 
105 261 
105 299 
105 379 
105 382 
105 442 
106 121 
106 183 
106 219 
106 234 
106 478 
107 188 
107 191 
107 282 
107 301 
107 307 
107 344 
107 366 
107 379 
107 462 
108 111 
108 257 
108 310 
108 336 
108 479 
109 335 
109 388 
110 445 
111 118 
111 158 
111 266 
111 355 
111 436 
112 128 
112 156 
112 339 
112 350 
112 361 
112 404 
113 413 
113 470 
114 464 
115 246 
115 341 
115 386 
115 393 
115 414 
115 423 
115 489 
116 359 
117 187 
118 126 
118 152 
118 201 
118 253 
118 350 
118 441 
119 258 
119 291 
119 356 
120 228 
120 405 
121 241 
121 433 
122 179 
122 282 
122 351 
122 352 
122 355 
122 402 
123 295 
123 331 
124 155 
124 164 
125 132 
125 233 
125 448 
126 141 
126 177 
126 182 
126 196 
126 203 
126 213 
126 257 
126 287 
126 306 
126 406 
126 446 
127 238 
128 161 
128 202 
128 249 
128 300 
128 319 
128 380 
128 409 
129 130 
129 145 
129 193 
129 230 
129 250 
129 257 
129 275 
129 320 
129 348 
129 380 
130 225 
130 288 
130 491 
131 479 
132 160 
132 192 
132 335 
132 397 
133 157 
133 165 
133 240 
133 251 
133 260 
133 262 
134 136 
134 164 
134 206 
134 407 
135 146 
136 254 
137 165 
137 268 
137 391 
137 430 
137 473 
138 143 
138 166 
138 245 
138 273 
138 412 
138 459 
139 223 
139 451 
140 164 
140 240 
140 478 
141 178 
141 240 
141 326 
142 477 
143 256 
143 258 
143 261 
143 460 
144 201 
144 347 
144 357 
144 415 
144 464 
145 181 
145 430 
145 493 
146 191 
146 458 
147 167 
147 214 
147 305 
148 289 
149 152 
149 233 
149 378 
149 497 
150 244 
151 345 
152 174 
152 236 
152 265 
152 367 
152 385 
152 386 
152 439 
152 475 
155 287 
156 357 
156 445 
157 162 
157 180 
157 394 
157 445 
158 173 
158 237 
158 262 
158 343 
158 474 
158 483 
159 317 
159 384 
160 202 
160 253 
160 255 
160 332 
160 431 
161 325 
161 345 
161 412 
161 424 
162 311 
162 454 
163 202 
163 212 
164 226 
164 339 
164 495 
165 167 
165 338 
166 259 
167 209 
167 261 
167 303 
167 328 
167 342 
167 409 
168 199 
169 300 
169 385 
169 420 
170 215 
170 467 
171 192 
171 263 
171 270 
171 333 
171 362 
172 264 
172 373 
173 286 
173 373 
174 357 
174 486 
175 263 
175 267 
175 270 
175 381 
175 383 
175 447 
175 471 
175 472 
176 385 
176 465 
178 438 
179 439 
180 219 
180 226 
180 241 
180 271 
180 375 
181 244 
181 266 
181 312 
181 389 
181 415 
182 195 
182 221 
182 239 
182 240 
182 260 
182 262 
183 277 
183 317 
184 271 
184 303 
184 484 
185 313 
185 355 
186 343 
187 227 
187 308 
187 393 
188 314 
188 366 
189 350 
189 428 
189 459 
189 476 
190 243 
190 301 
190 307 
191 225 
191 230 
191 393 
192 296 
192 457 
193 208 
193 424 
193 482 
194 391 
196 371 
197 203 
197 228 
197 487 
198 216 
199 387 
200 294 
202 273 
202 286 
204 381 
204 388 
205 209 
205 367 
205 473 
206 382 
207 300 
207 353 
208 319 
208 348 
209 210 
209 306 
209 384 
209 453 
210 358 
210 423 
212 487 
213 266 
213 306 
213 308 
213 330 
214 272 
214 347 
214 399 
214 477 
215 229 
215 271 
215 357 
215 370 
215 470 
216 376 
216 404 
218 358 
218 471 
219 231 
219 275 
219 276 
219 437 
219 457 
219 465 
220 226 
220 247 
220 334 
220 427 
221 263 
221 329 
221 399 
222 393 
223 243 
223 400 
224 234 
224 420 
224 421 
226 236 
226 462 
227 284 
227 297 
227 454 
227 484 
228 352 
229 336 
229 440 
229 453 
229 460 
229 469 
230 261 
230 375 
231 252 
231 400 
231 443 
231 491 
232 252 
232 260 
232 447 
232 480 
233 249 
233 305 
233 407 
235 253 
236 389 
236 433 
236 437 
238 302 
238 340 
238 372 
240 372 
241 352 
241 425 
242 313 
242 331 
243 247 
243 326 
243 496 
244 327 
244 354 
244 474 
245 286 
245 330 
245 403 
245 488 
246 285 
247 387 
248 352 
249 316 
250 328 
250 432 
251 274 
251 316 
251 337 
251 341 
251 383 
251 444 
251 452 
251 466 
253 266 
253 269 
253 414 
253 490 
257 309 
259 268 
259 274 
259 313 
259 358 
259 362 
260 290 
261 359 
261 372 
261 378 
261 488 
262 270 
262 392 
263 283 
263 309 
263 381 
267 387 
267 464 
269 276 
270 435 
271 290 
271 296 
272 329 
272 435 
272 460 
273 305 
274 477 
276 279 
276 362 
277 325 
277 402 
280 338 
280 452 
281 315 
282 397 
283 296 
284 417 
285 292 
285 364 
286 322 
287 293 
287 304 
287 348 
287 487 
288 419 
288 495 
289 402 
290 330 
290 344 
290 376 
290 445 
290 475 
292 360 
293 361 
293 395 
293 493 
294 377 
294 412 
294 415 
295 365 
298 312 
300 422 
300 487 
301 325 
301 332 
301 386 
302 342 
302 408 
302 450 
303 496 
304 461 
305 315 
305 446 
306 490 
307 428 
308 339 
308 400 
308 436 
309 463 
310 452 
311 406 
312 419 
313 390 
314 338 
315 486 
316 335 
317 440 
317 466 
318 354 
319 334 
319 345 
319 374 
319 452 
321 323 
322 377 
322 405 
323 441 
323 450 
324 491 
326 459 
329 446 
330 422 
330 499 
331 417 
332 421 
332 463 
332 466 
334 499 
335 406 
335 417 
337 458 
338 381 
339 449 
339 461 
339 492 
341 364 
341 425 
341 450 
343 497 
344 372 
344 391 
346 351 
347 451 
351 403 
353 403 
353 438 
359 407 
360 481 
361 370 
361 433 
362 391 
363 404 
366 453 
367 435 
367 496 
369 463 
375 473 
381 455 
385 448 
386 484 
386 485 
387 437 
387 449 
388 446 
391 401 
391 408 
391 411 
394 480 
396 422 
396 482 
397 423 
398 471 
398 479 
400 418 
402 436 
405 413 
411 467 
412 458 
412 459 
420 425 
420 479 
425 426 
428 463 
430 498 
432 485 
439 442 
440 498 
450 468 
457 480 
461 494 
466 480 
483 486 
488 497 
489 492 
