false
false
500
1988
0 1 
0 3 
0 4 
0 5 
0 6 
0 16 
0 17 
0 18 
0 19 
0 28 
0 29 
0 31 
0 37 
0 46 
0 51 
0 64 
0 71 
0 76 
0 88 
0 90 
0 96 
0 99 
0 111 
0 116 
0 129 
0 146 
0 149 
0 173 
0 179 
0 185 
0 187 
0 223 
0 231 
0 243 
0 250 
0 259 
0 290 
0 297 
0 308 
0 337 
0 340 
0 342 
0 356 
0 379 
0 393 
0 409 
0 464 
1 2 
1 4 
1 5 
1 9 
1 11 
1 33 
1 34 
1 50 
1 55 
1 59 
1 67 
1 79 
1 87 
1 90 
1 108 
1 110 
1 131 
1 133 
1 154 
1 168 
1 178 
1 179 
1 194 
1 230 
1 233 
1 273 
1 280 
1 313 
1 334 
1 337 
1 371 
1 373 
1 376 
1 400 
1 428 
1 449 
2 3 
2 4 
2 5 
2 8 
2 9 
2 22 
2 24 
2 30 
2 32 
2 37 
2 39 
2 43 
2 44 
2 52 
2 53 
2 75 
2 84 
2 86 
2 99 
2 111 
2 130 
2 135 
2 143 
2 174 
2 198 
2 226 
2 241 
2 257 
2 258 
2 272 
2 275 
2 283 
2 308 
2 312 
2 329 
2 338 
2 341 
2 344 
2 353 
2 385 
2 397 
2 449 
2 459 
2 461 
2 489 
2 493 
3 4 
3 6 
3 7 
3 8 
3 9 
3 10 
3 11 
3 13 
3 16 
3 18 
3 25 
3 26 
3 27 
3 32 
3 33 
3 34 
3 39 
3 42 
3 43 
3 52 
3 56 
3 59 
3 61 
3 62 
3 63 
3 65 
3 74 
3 80 
3 86 
3 112 
3 115 
3 123 
3 125 
3 126 
3 128 
3 129 
3 135 
3 138 
3 140 
3 155 
3 162 
3 169 
3 184 
3 201 
3 205 
3 222 
3 223 
3 229 
3 232 
3 242 
3 245 
3 246 
3 264 
3 280 
3 284 
3 286 
3 326 
3 362 
3 377 
3 409 
3 435 
4 5 
4 6 
4 7 
4 11 
4 12 
4 14 
4 15 
4 19 
4 22 
4 37 
4 48 
4 54 
4 70 
4 71 
4 83 
4 91 
4 97 
4 101 
4 103 
4 105 
4 112 
4 118 
4 125 
4 136 
4 149 
4 156 
4 166 
4 177 
4 193 
4 243 
4 251 
4 260 
4 268 
4 277 
4 287 
4 298 
4 317 
4 324 
4 340 
4 349 
4 354 
4 369 
4 373 
4 403 
4 434 
4 448 
5 6 
5 7 
5 8 
5 10 
5 19 
5 23 
5 27 
5 35 
5 36 
5 42 
5 51 
5 54 
5 55 
5 63 
5 72 
5 78 
5 80 
5 95 
5 96 
5 109 
5 127 
5 148 
5 150 
5 160 
5 162 
5 165 
5 168 
5 173 
5 188 
5 193 
5 212 
5 215 
5 216 
5 245 
5 249 
5 274 
5 275 
5 286 
5 291 
5 319 
5 329 
5 331 
5 338 
5 347 
5 357 
5 368 
5 378 
5 461 
5 482 
6 7 
6 8 
6 10 
6 13 
6 22 
6 25 
6 34 
6 47 
6 49 
6 98 
6 104 
6 114 
6 122 
6 123 
6 152 
6 157 
6 161 
6 218 
6 220 
6 222 
6 239 
6 256 
6 263 
6 280 
6 326 
6 331 
6 374 
6 391 
6 434 
6 457 
6 475 
6 495 
7 15 
7 21 
7 26 
7 54 
7 66 
7 89 
7 126 
7 134 
7 150 
7 201 
7 225 
7 239 
7 261 
7 298 
7 315 
7 363 
7 408 
8 9 
8 10 
8 12 
8 13 
8 17 
8 18 
8 23 
8 25 
8 30 
8 33 
8 36 
8 39 
8 41 
8 54 
8 57 
8 58 
8 64 
8 67 
8 68 
8 70 
8 94 
8 105 
8 107 
8 120 
8 127 
8 162 
8 163 
8 173 
8 185 
8 204 
8 228 
8 230 
8 231 
8 236 
8 252 
8 262 
8 304 
8 305 
8 311 
8 342 
8 346 
8 352 
8 369 
8 395 
8 428 
8 469 
8 472 
9 11 
9 13 
9 14 
9 24 
9 29 
9 35 
9 45 
9 67 
9 81 
9 86 
9 92 
9 107 
9 108 
9 116 
9 123 
9 124 
9 126 
9 154 
9 155 
9 166 
9 175 
9 181 
9 183 
9 189 
9 192 
9 208 
9 213 
9 216 
9 252 
9 257 
9 261 
9 272 
9 344 
9 358 
9 387 
9 424 
9 444 
9 452 
9 466 
9 475 
9 491 
10 12 
10 15 
10 24 
10 28 
10 29 
10 35 
10 46 
10 48 
10 55 
10 87 
10 169 
10 172 
10 191 
10 211 
10 222 
10 337 
10 355 
10 413 
10 444 
10 459 
10 472 
10 497 
11 12 
11 14 
11 16 
11 18 
11 23 
11 28 
11 29 
11 30 
11 33 
11 37 
11 38 
11 66 
11 79 
11 92 
11 110 
11 113 
11 120 
11 124 
11 132 
11 133 
11 137 
11 143 
11 145 
11 153 
11 164 
11 165 
11 172 
11 179 
11 180 
11 187 
11 193 
11 198 
11 200 
11 209 
11 230 
11 237 
11 238 
11 247 
11 251 
11 255 
11 258 
11 284 
11 312 
11 316 
11 320 
11 325 
11 327 
11 332 
11 333 
11 334 
11 363 
11 364 
11 374 
11 393 
11 403 
11 410 
11 422 
11 433 
11 443 
11 469 
11 481 
11 499 
12 14 
12 20 
12 30 
12 31 
12 40 
12 44 
12 55 
12 56 
12 63 
12 68 
12 78 
12 89 
12 103 
12 112 
12 151 
12 174 
12 211 
12 245 
12 310 
12 350 
12 351 
12 354 
12 381 
12 413 
12 414 
12 425 
12 432 
12 441 
12 443 
12 448 
12 497 
12 498 
13 15 
13 17 
13 20 
13 21 
13 26 
13 28 
13 38 
13 42 
13 49 
13 66 
13 73 
13 76 
13 82 
13 87 
13 114 
13 117 
13 118 
13 135 
13 156 
13 157 
13 175 
13 178 
13 183 
13 185 
13 212 
13 214 
13 217 
13 236 
13 273 
13 275 
13 313 
13 318 
13 322 
13 367 
13 370 
13 387 
13 445 
13 448 
14 16 
14 21 
14 23 
14 27 
14 31 
14 32 
14 38 
14 40 
14 44 
14 59 
14 78 
14 83 
14 84 
14 95 
14 104 
14 109 
14 116 
14 122 
14 153 
14 196 
14 217 
14 270 
14 278 
14 285 
14 326 
14 329 
14 348 
14 361 
14 436 
14 442 
14 446 
14 483 
14 490 
15 17 
15 19 
15 20 
15 21 
15 25 
15 26 
15 36 
15 41 
15 44 
15 69 
15 100 
15 126 
15 151 
15 174 
15 195 
15 249 
15 250 
15 254 
15 267 
15 312 
15 390 
15 414 
15 418 
15 434 
15 484 
15 494 
16 22 
16 99 
16 121 
16 142 
16 145 
16 182 
16 200 
16 213 
16 248 
16 339 
16 347 
16 361 
16 426 
16 429 
16 436 
16 444 
16 445 
16 467 
16 471 
17 46 
17 56 
17 71 
17 75 
17 77 
17 106 
17 112 
17 154 
17 160 
17 176 
17 178 
17 202 
17 210 
17 223 
17 227 
17 288 
17 304 
17 319 
17 339 
17 371 
17 486 
17 497 
18 20 
18 47 
18 50 
18 53 
18 56 
18 78 
18 93 
18 102 
18 108 
18 119 
18 127 
18 136 
18 143 
18 188 
18 232 
18 270 
18 285 
18 290 
18 306 
18 307 
18 360 
18 365 
18 372 
18 383 
18 384 
18 417 
18 429 
18 440 
18 443 
18 489 
19 32 
19 35 
19 40 
19 196 
19 199 
19 269 
19 372 
19 483 
20 46 
20 50 
20 65 
20 68 
20 124 
20 177 
20 202 
20 204 
20 238 
20 394 
20 395 
21 31 
21 87 
21 263 
21 290 
21 485 
22 60 
22 113 
22 144 
22 162 
22 265 
22 284 
22 392 
22 401 
22 404 
23 24 
23 45 
23 49 
23 156 
23 171 
23 280 
23 307 
23 357 
23 411 
23 482 
24 27 
24 77 
24 264 
24 292 
24 357 
24 475 
25 45 
25 48 
25 53 
25 66 
25 82 
25 96 
25 130 
25 138 
25 147 
25 148 
25 186 
25 194 
25 196 
25 451 
25 473 
26 76 
26 80 
26 95 
26 404 
27 34 
27 40 
27 77 
27 111 
27 164 
27 242 
28 36 
28 88 
28 178 
28 237 
28 338 
28 341 
28 360 
28 388 
28 441 
29 283 
29 384 
30 85 
30 90 
30 103 
30 144 
30 450 
31 60 
31 71 
31 72 
31 83 
31 88 
31 142 
31 158 
31 309 
31 357 
31 389 
31 406 
32 39 
32 43 
32 50 
32 62 
32 64 
32 65 
32 68 
32 85 
32 104 
32 107 
32 111 
32 129 
32 147 
32 150 
32 152 
32 167 
32 182 
32 193 
32 197 
32 268 
32 295 
32 298 
32 302 
32 385 
32 424 
32 438 
33 48 
33 51 
33 73 
33 77 
33 84 
33 96 
33 97 
33 119 
33 122 
33 137 
33 140 
33 153 
33 157 
33 180 
33 186 
33 197 
33 204 
33 216 
33 218 
33 338 
33 346 
33 362 
33 453 
33 454 
33 463 
33 474 
33 480 
33 488 
33 492 
34 41 
34 53 
34 58 
34 82 
34 84 
34 101 
34 103 
34 113 
34 128 
34 163 
34 168 
34 181 
34 219 
34 222 
34 289 
34 296 
34 323 
34 359 
34 378 
34 437 
34 467 
35 52 
35 58 
35 93 
35 100 
35 160 
35 207 
35 215 
35 406 
36 38 
36 49 
36 51 
36 52 
36 57 
36 76 
36 81 
36 86 
36 125 
36 128 
36 132 
36 134 
36 135 
36 139 
36 154 
36 164 
36 165 
36 208 
36 267 
36 325 
36 344 
36 398 
36 456 
36 495 
37 58 
37 117 
37 151 
37 166 
37 196 
37 226 
37 256 
37 260 
37 276 
37 306 
37 381 
37 411 
37 455 
38 70 
38 72 
38 316 
38 332 
38 375 
38 409 
38 412 
38 499 
39 98 
39 148 
39 394 
40 41 
40 43 
40 47 
40 60 
40 131 
40 137 
40 208 
40 230 
40 353 
40 355 
40 362 
40 364 
40 427 
40 438 
40 477 
40 481 
41 42 
41 45 
41 95 
41 100 
41 130 
41 141 
41 159 
41 173 
41 209 
41 239 
41 254 
41 295 
41 301 
41 323 
41 446 
41 456 
42 74 
42 79 
42 89 
42 104 
42 115 
42 148 
42 182 
42 203 
42 316 
42 330 
42 368 
42 386 
42 405 
42 449 
42 464 
43 59 
43 376 
43 425 
43 494 
44 147 
44 189 
44 306 
44 307 
44 477 
45 47 
45 60 
45 98 
45 206 
45 274 
45 317 
45 374 
45 458 
46 63 
46 85 
46 94 
46 129 
46 191 
46 206 
46 220 
46 224 
46 257 
46 270 
46 311 
46 377 
46 407 
46 440 
46 482 
47 61 
47 64 
47 73 
47 79 
47 97 
47 146 
47 169 
47 198 
47 214 
47 260 
47 315 
47 367 
47 399 
47 420 
47 421 
47 425 
47 430 
47 478 
48 153 
48 158 
48 172 
48 253 
48 278 
48 327 
48 358 
48 447 
49 90 
49 109 
49 142 
50 82 
50 120 
50 130 
50 137 
50 141 
50 170 
50 220 
50 248 
50 315 
50 405 
50 427 
50 430 
50 460 
50 471 
51 69 
51 73 
51 271 
51 293 
51 402 
52 57 
52 91 
52 93 
52 122 
52 149 
52 205 
52 231 
52 235 
52 264 
52 272 
52 289 
52 300 
52 388 
52 394 
52 474 
52 480 
53 62 
53 89 
53 118 
53 152 
53 320 
53 478 
54 57 
54 61 
54 62 
54 113 
54 150 
54 169 
54 194 
54 203 
54 223 
54 241 
54 281 
54 289 
54 358 
54 366 
54 387 
54 411 
54 417 
54 427 
54 433 
54 457 
54 493 
55 70 
55 102 
55 355 
55 376 
55 378 
55 400 
55 408 
55 416 
56 119 
56 206 
56 219 
56 388 
56 465 
57 61 
57 74 
57 237 
57 303 
57 343 
57 443 
58 69 
58 75 
58 81 
58 83 
58 85 
58 131 
58 132 
58 133 
58 138 
58 139 
58 207 
58 210 
58 225 
58 269 
58 272 
58 293 
58 410 
58 412 
58 491 
58 496 
59 72 
59 101 
59 167 
59 344 
59 416 
59 435 
60 67 
60 100 
60 175 
60 250 
60 320 
60 345 
60 384 
60 432 
61 75 
61 119 
61 200 
62 121 
62 331 
62 430 
63 195 
63 221 
63 333 
63 449 
64 65 
64 102 
64 131 
64 140 
64 204 
64 342 
65 92 
65 307 
65 426 
67 69 
67 97 
67 106 
67 117 
67 175 
67 195 
67 337 
67 359 
67 367 
67 391 
67 420 
67 456 
67 473 
68 368 
68 369 
68 403 
69 132 
69 152 
69 180 
69 192 
69 224 
69 238 
69 244 
69 356 
69 376 
69 401 
70 467 
70 476 
71 81 
71 101 
71 190 
71 235 
71 276 
71 288 
71 301 
71 304 
71 422 
71 466 
72 102 
72 256 
72 300 
72 484 
73 74 
73 155 
73 186 
73 276 
73 305 
74 202 
75 170 
75 335 
76 105 
76 199 
76 265 
76 274 
76 298 
76 382 
77 80 
77 123 
77 141 
77 156 
77 166 
77 189 
77 190 
77 224 
77 228 
77 253 
77 392 
77 405 
77 432 
77 454 
78 105 
78 106 
78 109 
78 139 
78 159 
78 171 
78 401 
78 402 
78 412 
78 433 
79 92 
79 93 
79 144 
79 184 
79 199 
79 301 
79 364 
79 395 
79 424 
79 435 
79 439 
79 454 
79 489 
79 493 
80 94 
80 110 
80 161 
80 182 
80 221 
80 383 
80 415 
80 447 
80 451 
80 457 
81 91 
81 127 
81 183 
81 214 
81 380 
81 406 
81 437 
82 167 
82 303 
83 88 
83 234 
83 370 
83 389 
84 94 
84 118 
84 214 
84 243 
84 267 
84 426 
84 452 
85 133 
85 277 
85 328 
85 439 
86 143 
86 145 
86 163 
86 358 
87 98 
87 110 
87 136 
87 227 
87 262 
87 281 
87 412 
88 125 
89 117 
89 168 
89 318 
89 360 
89 419 
89 440 
89 465 
90 91 
90 116 
90 158 
90 210 
90 244 
90 265 
90 266 
90 281 
90 291 
90 296 
90 314 
90 351 
90 379 
90 382 
90 392 
90 407 
90 415 
90 436 
90 451 
90 478 
91 128 
91 134 
91 159 
91 161 
91 185 
91 191 
91 194 
91 197 
91 243 
91 271 
91 303 
91 309 
91 324 
91 326 
91 342 
91 346 
91 363 
91 420 
92 114 
92 253 
92 317 
92 341 
92 433 
92 476 
92 497 
93 108 
93 115 
93 142 
93 146 
93 171 
93 176 
93 207 
93 213 
93 267 
93 446 
93 450 
93 477 
94 99 
94 172 
94 190 
94 201 
94 209 
94 319 
94 345 
94 419 
96 140 
96 174 
96 246 
97 484 
98 249 
98 285 
98 347 
98 422 
99 177 
99 190 
99 232 
99 323 
99 339 
99 350 
100 139 
100 167 
100 255 
100 438 
100 468 
101 212 
101 250 
102 163 
102 259 
102 269 
102 294 
103 271 
104 114 
104 155 
104 220 
104 226 
104 313 
104 343 
104 402 
104 491 
105 106 
105 107 
105 176 
105 177 
105 231 
105 237 
105 240 
105 263 
105 282 
105 286 
105 301 
105 336 
105 381 
106 246 
106 257 
106 372 
106 498 
107 294 
107 373 
107 477 
108 199 
108 254 
108 340 
108 492 
109 136 
109 188 
109 228 
109 242 
109 273 
109 387 
109 418 
110 120 
110 121 
110 211 
110 226 
111 248 
111 262 
111 382 
111 470 
112 211 
112 354 
112 435 
113 115 
113 187 
113 293 
113 361 
113 427 
113 488 
114 372 
115 145 
115 165 
115 180 
115 192 
115 215 
115 253 
116 121 
116 189 
116 198 
116 225 
117 151 
117 197 
117 287 
117 385 
118 147 
118 158 
118 266 
119 183 
119 219 
119 491 
120 124 
121 346 
122 134 
122 141 
122 240 
122 241 
122 459 
123 161 
123 373 
124 233 
124 302 
124 371 
126 228 
126 456 
126 487 
127 205 
127 236 
127 262 
127 310 
127 363 
127 392 
127 410 
127 455 
129 138 
129 235 
129 294 
129 398 
130 362 
130 488 
131 157 
131 260 
131 365 
131 389 
131 402 
131 473 
131 496 
132 184 
132 224 
132 233 
132 306 
132 375 
132 379 
132 490 
134 159 
135 186 
135 215 
135 308 
135 348 
135 369 
135 483 
135 494 
136 203 
136 296 
137 208 
137 212 
137 264 
137 299 
137 478 
138 181 
138 330 
138 452 
139 218 
139 241 
139 410 
140 144 
140 192 
140 345 
140 424 
141 179 
141 258 
141 282 
141 383 
141 431 
141 470 
142 149 
142 176 
142 206 
142 216 
143 292 
143 318 
143 330 
143 353 
143 414 
143 460 
144 232 
144 315 
144 480 
145 146 
145 170 
146 207 
146 236 
147 184 
147 331 
147 351 
148 181 
148 292 
148 396 
150 249 
150 291 
151 239 
151 259 
152 219 
152 271 
152 336 
153 191 
153 235 
154 408 
155 283 
155 308 
157 336 
157 462 
158 160 
159 164 
159 293 
159 345 
159 350 
159 393 
160 353 
160 462 
161 201 
161 229 
161 251 
161 348 
162 171 
162 244 
162 276 
162 302 
162 311 
162 442 
163 310 
163 496 
164 170 
164 256 
164 282 
164 399 
164 423 
164 468 
165 375 
166 238 
166 252 
166 343 
167 203 
167 205 
167 314 
168 218 
168 225 
168 242 
168 291 
168 361 
168 450 
168 451 
168 493 
169 213 
169 254 
169 352 
170 297 
170 299 
170 417 
171 325 
171 374 
171 472 
172 492 
172 495 
174 188 
174 258 
174 302 
174 328 
174 349 
174 439 
176 288 
176 305 
178 259 
178 297 
179 347 
179 360 
180 187 
180 313 
180 460 
181 340 
181 377 
181 380 
181 385 
182 329 
182 371 
183 221 
183 384 
185 285 
185 419 
185 450 
185 461 
186 217 
187 202 
187 281 
187 370 
187 409 
187 423 
187 485 
188 217 
189 200 
189 221 
189 413 
189 464 
189 465 
192 255 
192 321 
192 343 
192 404 
192 416 
192 479 
192 487 
192 492 
193 195 
193 209 
194 247 
194 336 
194 367 
194 429 
194 436 
194 468 
195 314 
196 278 
196 325 
196 333 
196 423 
196 490 
197 227 
197 247 
197 328 
197 416 
198 386 
199 233 
200 322 
200 405 
200 408 
200 415 
201 277 
201 401 
201 467 
202 319 
202 323 
203 366 
203 368 
204 304 
205 227 
205 463 
206 379 
206 486 
207 229 
207 442 
207 463 
208 468 
209 210 
209 282 
209 292 
209 327 
209 377 
209 419 
209 455 
210 287 
210 390 
211 275 
212 290 
212 407 
213 309 
213 437 
214 268 
215 266 
215 279 
216 273 
216 396 
216 485 
217 244 
217 287 
217 300 
217 335 
217 350 
217 375 
217 382 
217 439 
217 480 
218 234 
218 245 
218 251 
218 489 
219 234 
219 359 
220 269 
220 279 
220 321 
220 334 
220 399 
223 240 
223 380 
223 400 
225 380 
227 229 
227 261 
227 471 
228 469 
229 334 
229 452 
230 265 
231 234 
231 299 
232 332 
232 479 
233 248 
233 365 
234 457 
234 463 
235 303 
235 312 
236 247 
236 255 
236 289 
236 309 
236 391 
236 396 
236 421 
236 473 
237 300 
237 305 
237 314 
239 240 
240 279 
240 422 
240 458 
241 246 
241 458 
242 274 
242 324 
242 335 
242 349 
243 261 
243 348 
243 355 
243 366 
243 499 
244 252 
244 288 
244 311 
244 321 
244 465 
245 279 
245 383 
246 268 
246 446 
246 498 
248 266 
248 466 
250 364 
251 390 
253 317 
253 470 
254 495 
256 295 
257 310 
258 277 
258 421 
259 418 
259 487 
260 351 
260 356 
260 393 
261 390 
262 263 
263 270 
263 322 
263 352 
264 481 
265 295 
266 297 
266 464 
267 354 
267 400 
267 420 
267 445 
271 286 
271 332 
271 458 
272 378 
272 389 
272 431 
274 318 
275 321 
275 421 
277 278 
277 284 
278 335 
278 462 
281 283 
281 415 
283 322 
287 296 
287 339 
289 294 
289 324 
290 403 
293 481 
295 397 
295 438 
297 299 
297 406 
297 431 
298 469 
299 333 
299 341 
299 455 
302 349 
302 411 
303 482 
303 490 
306 328 
306 370 
309 448 
310 442 
312 320 
312 396 
315 316 
315 440 
316 391 
316 447 
321 426 
322 397 
323 471 
326 327 
327 365 
327 395 
329 330 
329 359 
329 459 
330 483 
331 352 
332 397 
333 366 
336 472 
340 413 
341 423 
341 428 
343 460 
346 428 
347 485 
347 488 
348 381 
350 453 
351 356 
352 398 
356 430 
357 417 
359 418 
360 399 
362 429 
366 470 
368 404 
368 447 
369 431 
370 476 
374 487 
375 398 
376 388 
377 462 
377 474 
379 386 
381 386 
381 394 
382 441 
387 475 
387 494 
389 476 
392 407 
393 479 
394 453 
401 425 
401 444 
405 445 
406 437 
412 414 
417 432 
419 441 
425 461 
428 434 
428 453 
430 454 
432 486 
433 466 
436 474 
456 486 
462 498 
463 479 
466 496 
469 484 
472 499 
