false
false
500
1988
0 1 
0 3 
0 4 
0 5 
0 6 
0 7 
0 8 
0 9 
0 10 
0 16 
0 22 
0 25 
0 26 
0 29 
0 36 
0 38 
0 40 
0 41 
0 47 
0 48 
0 52 
0 53 
0 56 
0 59 
0 60 
0 71 
0 77 
0 82 
0 85 
0 87 
0 90 
0 91 
0 93 
0 105 
0 106 
0 111 
0 124 
0 132 
0 136 
0 137 
0 142 
0 143 
0 152 
0 154 
0 157 
0 158 
0 170 
0 179 
0 180 
0 185 
0 187 
0 189 
0 193 
0 206 
0 217 
0 232 
0 248 
0 265 
0 267 
0 296 
0 305 
0 352 
0 363 
0 364 
0 384 
0 395 
0 408 
0 428 
0 429 
0 433 
0 434 
0 435 
0 436 
0 463 
0 469 
0 499 
1 2 
1 4 
1 5 
1 7 
1 8 
1 10 
1 11 
1 20 
1 24 
1 27 
1 36 
1 47 
1 49 
1 55 
1 74 
1 80 
1 85 
1 98 
1 100 
1 101 
1 106 
1 128 
1 131 
1 149 
1 182 
1 183 
1 190 
1 223 
1 238 
1 240 
1 297 
1 300 
1 312 
1 366 
1 371 
1 375 
1 379 
1 415 
1 426 
1 440 
1 455 
2 3 
2 4 
2 5 
2 6 
2 7 
2 10 
2 13 
2 14 
2 15 
2 16 
2 18 
2 21 
2 23 
2 27 
2 28 
2 29 
2 34 
2 37 
2 39 
2 51 
2 59 
2 67 
2 68 
2 82 
2 98 
2 104 
2 108 
2 112 
2 117 
2 118 
2 130 
2 134 
2 135 
2 140 
2 151 
2 164 
2 174 
2 175 
2 183 
2 210 
2 211 
2 240 
2 271 
2 276 
2 279 
2 293 
2 304 
2 308 
2 310 
2 349 
2 361 
2 372 
2 373 
2 377 
2 395 
2 397 
2 439 
2 454 
3 4 
3 6 
3 7 
3 8 
3 9 
3 10 
3 11 
3 12 
3 13 
3 14 
3 17 
3 20 
3 23 
3 30 
3 33 
3 42 
3 43 
3 44 
3 60 
3 63 
3 68 
3 75 
3 78 
3 89 
3 90 
3 95 
3 96 
3 103 
3 109 
3 115 
3 123 
3 136 
3 138 
3 142 
3 146 
3 151 
3 163 
3 169 
3 170 
3 192 
3 211 
3 213 
3 214 
3 216 
3 222 
3 226 
3 233 
3 237 
3 239 
3 242 
3 259 
3 276 
3 302 
3 305 
3 332 
3 338 
3 345 
3 346 
3 381 
3 413 
3 419 
3 427 
3 437 
3 487 
4 5 
4 6 
4 8 
4 9 
4 14 
4 22 
4 35 
4 42 
4 53 
4 54 
4 71 
4 78 
4 79 
4 83 
4 92 
4 107 
4 111 
4 116 
4 119 
4 124 
4 138 
4 142 
4 149 
4 158 
4 172 
4 182 
4 201 
4 208 
4 213 
4 217 
4 223 
4 228 
4 232 
4 239 
4 254 
4 262 
4 281 
4 288 
4 306 
4 325 
4 328 
4 338 
4 350 
4 366 
4 395 
4 402 
4 421 
4 441 
4 451 
4 486 
4 496 
5 9 
5 11 
5 12 
5 13 
5 15 
5 22 
5 24 
5 35 
5 45 
5 54 
5 62 
5 92 
5 102 
5 121 
5 132 
5 172 
5 183 
5 203 
5 208 
5 231 
5 244 
5 297 
5 369 
5 414 
5 442 
5 461 
5 463 
5 481 
5 482 
5 495 
6 40 
6 61 
6 62 
6 70 
6 310 
6 329 
6 374 
6 483 
6 493 
7 11 
7 13 
7 14 
7 15 
7 17 
7 18 
7 21 
7 40 
7 46 
7 48 
7 49 
7 57 
7 58 
7 64 
7 72 
7 75 
7 105 
7 106 
7 121 
7 147 
7 162 
7 165 
7 226 
7 236 
7 273 
7 297 
7 314 
7 316 
7 372 
7 400 
7 422 
7 435 
8 12 
8 16 
8 19 
8 49 
8 53 
8 58 
8 87 
8 88 
8 91 
8 113 
8 123 
8 130 
8 132 
8 154 
8 156 
8 200 
8 212 
8 223 
8 227 
8 256 
8 275 
8 286 
8 294 
8 383 
8 398 
8 406 
8 440 
8 443 
8 470 
8 472 
8 494 
9 27 
9 28 
9 32 
9 41 
9 42 
9 45 
9 59 
9 65 
9 72 
9 78 
9 96 
9 110 
9 141 
9 145 
9 146 
9 149 
9 176 
9 205 
9 220 
9 228 
9 232 
9 245 
9 246 
9 252 
9 260 
9 285 
9 316 
9 357 
9 423 
9 466 
9 489 
10 17 
10 18 
10 20 
10 29 
10 41 
10 62 
10 84 
10 86 
10 99 
10 105 
10 113 
10 114 
10 120 
10 162 
10 172 
10 185 
10 186 
10 203 
10 214 
10 248 
10 321 
10 339 
10 355 
10 410 
10 414 
10 436 
10 448 
10 489 
11 12 
11 21 
11 22 
11 25 
11 31 
11 32 
11 34 
11 35 
11 37 
11 51 
11 59 
11 60 
11 98 
11 108 
11 115 
11 163 
11 202 
11 205 
11 207 
11 215 
11 221 
11 234 
11 257 
11 280 
11 282 
11 291 
11 312 
11 327 
11 333 
11 340 
11 343 
11 374 
11 386 
11 403 
11 443 
11 459 
11 475 
12 16 
12 17 
12 56 
12 148 
12 325 
12 358 
12 374 
12 387 
12 497 
13 15 
13 19 
13 24 
13 31 
13 44 
13 49 
13 66 
13 69 
13 88 
13 94 
13 125 
13 135 
13 140 
13 182 
13 185 
13 198 
13 212 
13 213 
13 243 
13 255 
13 324 
13 344 
13 345 
13 355 
13 375 
13 431 
14 19 
14 20 
14 24 
14 26 
14 31 
14 33 
14 44 
14 45 
14 73 
14 80 
14 86 
14 90 
14 92 
14 109 
14 115 
14 129 
14 139 
14 151 
14 162 
14 163 
14 176 
14 194 
14 210 
14 216 
14 219 
14 249 
14 252 
14 290 
14 306 
14 308 
14 325 
14 351 
14 360 
14 399 
14 401 
14 415 
14 432 
14 475 
14 481 
14 482 
14 491 
15 38 
15 45 
15 70 
15 94 
15 122 
15 131 
15 142 
15 200 
15 228 
15 251 
15 326 
15 329 
15 334 
15 336 
15 351 
15 354 
15 452 
15 458 
15 460 
16 19 
16 23 
16 25 
16 32 
16 36 
16 51 
16 55 
16 69 
16 76 
16 84 
16 89 
16 101 
16 104 
16 110 
16 159 
16 169 
16 171 
16 207 
16 209 
16 238 
16 269 
16 287 
16 322 
16 342 
16 343 
16 346 
16 358 
16 396 
16 407 
16 413 
16 424 
17 18 
17 27 
17 52 
17 67 
17 72 
17 96 
17 101 
17 114 
17 126 
17 153 
17 159 
17 165 
17 206 
17 207 
17 236 
17 247 
17 277 
17 278 
17 331 
17 364 
17 378 
17 383 
17 390 
17 448 
17 487 
17 497 
18 30 
18 107 
18 200 
18 209 
18 309 
18 342 
19 21 
19 23 
19 26 
19 28 
19 32 
19 35 
19 37 
19 42 
19 51 
19 56 
19 58 
19 61 
19 76 
19 77 
19 79 
19 91 
19 119 
19 122 
19 174 
19 178 
19 188 
19 235 
19 283 
19 305 
19 359 
19 368 
19 470 
19 472 
19 476 
20 25 
20 26 
20 28 
20 29 
20 30 
20 31 
20 39 
20 40 
20 43 
20 50 
20 83 
20 100 
20 102 
20 106 
20 110 
20 119 
20 164 
20 166 
20 178 
20 194 
20 199 
20 208 
20 241 
20 265 
20 299 
20 307 
20 354 
20 371 
20 379 
20 410 
20 424 
20 436 
20 464 
21 33 
21 52 
21 55 
21 81 
21 103 
21 118 
21 133 
21 143 
21 155 
21 157 
21 160 
21 189 
21 224 
21 230 
21 243 
21 290 
21 301 
21 346 
21 385 
21 389 
21 462 
22 34 
22 47 
22 127 
22 129 
22 161 
22 230 
22 283 
22 356 
22 391 
22 414 
22 477 
23 30 
23 33 
23 48 
23 52 
23 53 
23 61 
23 64 
23 71 
23 84 
23 112 
23 113 
23 131 
23 224 
23 295 
23 479 
24 37 
24 39 
24 112 
24 153 
24 195 
24 209 
24 212 
24 264 
24 272 
24 275 
24 317 
24 361 
24 485 
25 34 
25 46 
25 56 
25 64 
25 72 
25 74 
25 77 
25 118 
25 124 
25 152 
25 153 
25 155 
25 177 
25 214 
25 248 
25 285 
25 305 
25 370 
25 405 
25 415 
25 437 
26 46 
26 133 
26 218 
26 251 
26 339 
26 364 
26 382 
26 456 
27 38 
27 63 
27 70 
27 151 
27 175 
27 315 
27 402 
28 81 
28 201 
28 206 
28 248 
28 302 
28 317 
28 329 
28 348 
28 415 
28 427 
29 148 
29 180 
29 202 
29 323 
29 406 
29 421 
30 38 
30 44 
30 123 
30 150 
30 173 
30 270 
30 313 
30 320 
30 383 
31 43 
31 61 
31 65 
31 66 
31 74 
31 132 
31 135 
31 139 
31 143 
31 162 
31 168 
31 184 
31 185 
31 192 
31 202 
31 229 
31 271 
31 301 
31 362 
31 443 
31 448 
31 457 
32 43 
32 144 
32 298 
32 369 
33 54 
33 57 
33 108 
33 113 
33 156 
33 176 
33 179 
33 194 
33 211 
33 218 
33 266 
33 324 
33 337 
33 450 
33 498 
34 64 
34 126 
34 156 
34 157 
34 161 
34 212 
34 255 
34 256 
34 293 
34 330 
35 36 
35 39 
35 41 
35 121 
35 144 
35 174 
35 191 
35 210 
35 234 
35 296 
35 301 
35 386 
35 408 
35 409 
35 444 
35 447 
36 65 
36 90 
36 117 
36 184 
36 191 
36 286 
36 434 
37 50 
37 88 
37 102 
37 171 
37 175 
37 204 
37 312 
37 426 
38 46 
38 50 
38 55 
38 85 
38 164 
38 240 
38 390 
39 81 
39 85 
39 116 
39 141 
39 160 
39 221 
39 225 
39 418 
40 165 
40 198 
40 280 
40 289 
40 299 
40 330 
40 333 
40 411 
40 459 
41 48 
41 63 
41 66 
41 95 
41 103 
41 127 
41 219 
41 243 
41 296 
41 311 
41 392 
41 396 
41 423 
41 440 
41 464 
42 73 
42 145 
42 181 
42 193 
42 244 
42 277 
42 298 
42 355 
42 495 
43 63 
43 93 
43 112 
43 152 
43 184 
43 187 
43 220 
43 226 
43 287 
43 293 
43 311 
43 323 
43 371 
43 391 
43 408 
43 430 
43 489 
44 50 
44 57 
44 81 
44 92 
44 134 
44 138 
44 155 
44 156 
44 158 
44 198 
44 202 
44 219 
44 264 
44 266 
44 293 
44 300 
44 302 
44 314 
44 371 
44 432 
44 490 
45 47 
45 57 
45 103 
45 128 
45 187 
45 229 
45 434 
46 68 
46 75 
46 104 
46 124 
46 195 
46 205 
46 207 
46 258 
46 260 
46 265 
46 313 
46 404 
47 62 
47 67 
47 76 
47 122 
47 125 
47 129 
47 172 
47 180 
47 191 
47 193 
47 230 
47 241 
47 245 
47 250 
47 279 
47 290 
47 342 
47 366 
47 457 
47 474 
47 475 
48 67 
48 96 
48 130 
48 244 
48 283 
48 301 
48 365 
48 387 
48 393 
49 127 
49 198 
49 319 
49 492 
50 65 
50 247 
50 250 
50 284 
50 324 
50 396 
50 456 
50 491 
51 69 
51 150 
51 166 
51 241 
52 54 
52 66 
52 71 
52 93 
52 95 
52 179 
52 221 
52 282 
52 313 
52 322 
52 362 
52 491 
53 58 
53 68 
53 91 
53 99 
53 101 
53 120 
53 128 
53 178 
53 196 
53 256 
53 258 
53 316 
53 325 
53 346 
53 376 
53 446 
54 100 
54 114 
54 291 
54 312 
54 424 
54 446 
54 458 
55 73 
55 104 
55 261 
55 264 
55 268 
55 417 
56 154 
56 321 
57 60 
57 70 
57 73 
57 74 
57 83 
57 87 
57 100 
57 115 
57 135 
57 165 
57 224 
57 235 
57 237 
57 380 
57 396 
57 397 
57 438 
57 439 
57 446 
57 491 
58 79 
58 102 
58 105 
58 141 
58 263 
58 295 
58 344 
58 348 
58 361 
58 394 
59 227 
60 69 
60 76 
60 80 
60 204 
60 219 
60 243 
60 311 
60 339 
60 341 
60 370 
60 465 
61 78 
61 365 
61 377 
61 389 
61 435 
62 125 
63 75 
63 86 
63 117 
63 148 
63 195 
63 246 
63 281 
63 435 
63 488 
64 118 
64 121 
64 143 
64 153 
64 164 
64 166 
64 179 
64 235 
64 261 
64 286 
64 350 
64 356 
65 82 
65 83 
65 133 
65 274 
65 384 
65 421 
65 493 
66 97 
66 120 
66 139 
66 211 
66 247 
66 478 
67 87 
67 95 
67 137 
67 173 
67 254 
67 278 
67 309 
67 430 
67 448 
67 452 
67 480 
67 483 
68 146 
68 260 
68 427 
68 464 
69 77 
69 144 
69 470 
70 154 
70 257 
70 292 
70 363 
70 388 
70 438 
70 484 
71 79 
71 89 
71 108 
71 111 
71 125 
71 158 
71 197 
71 225 
71 242 
71 251 
71 259 
71 264 
71 272 
71 287 
71 327 
71 332 
71 355 
71 367 
71 429 
71 438 
72 84 
72 190 
72 320 
72 468 
73 80 
73 170 
73 204 
73 242 
73 349 
73 400 
73 419 
73 462 
74 82 
74 334 
75 141 
75 450 
76 94 
76 161 
76 188 
77 99 
77 157 
77 336 
77 416 
77 424 
77 451 
78 120 
78 137 
78 147 
78 155 
78 160 
78 197 
78 201 
78 234 
78 341 
78 381 
78 422 
78 425 
79 116 
79 122 
79 150 
79 327 
79 417 
79 466 
80 263 
81 86 
81 171 
81 227 
81 334 
81 353 
82 159 
82 225 
82 249 
83 348 
83 461 
84 88 
84 94 
84 194 
84 196 
84 218 
84 280 
84 343 
84 426 
85 117 
85 362 
86 97 
86 186 
86 369 
87 93 
87 159 
87 331 
87 339 
87 350 
87 359 
87 366 
88 89 
88 97 
88 145 
88 250 
88 284 
88 416 
88 466 
89 131 
89 203 
89 257 
89 269 
89 271 
89 317 
89 335 
89 358 
89 450 
89 460 
89 475 
89 484 
90 267 
91 97 
91 107 
91 144 
91 167 
91 216 
91 292 
91 342 
91 375 
92 109 
92 170 
92 388 
93 163 
94 134 
94 140 
94 235 
94 253 
94 261 
94 353 
94 378 
94 461 
94 467 
95 99 
95 133 
95 149 
95 150 
95 189 
95 206 
95 234 
95 237 
95 307 
95 330 
95 389 
95 411 
95 459 
95 476 
96 110 
96 189 
96 215 
96 233 
96 401 
96 417 
97 98 
97 127 
97 245 
97 256 
97 263 
97 336 
97 374 
97 416 
97 439 
98 203 
98 217 
100 107 
100 140 
100 152 
100 177 
100 220 
100 223 
100 230 
100 268 
100 328 
100 338 
100 406 
101 130 
101 181 
101 275 
101 499 
102 173 
102 188 
102 240 
102 402 
103 308 
103 320 
103 451 
104 109 
104 116 
104 416 
105 128 
105 136 
105 241 
105 273 
106 191 
106 192 
106 200 
106 238 
106 260 
106 300 
106 360 
106 364 
106 370 
107 126 
107 134 
107 214 
108 111 
108 129 
108 161 
108 181 
108 314 
108 326 
108 327 
108 348 
108 398 
108 449 
108 456 
108 469 
109 259 
109 357 
110 320 
110 468 
111 114 
111 167 
111 231 
112 197 
112 363 
112 368 
112 497 
113 137 
113 294 
113 303 
113 445 
113 462 
113 467 
114 126 
114 136 
114 197 
114 422 
114 429 
115 119 
115 147 
115 270 
115 321 
115 420 
115 479 
116 147 
116 166 
116 180 
116 222 
116 253 
116 269 
116 436 
117 123 
117 196 
117 222 
117 304 
117 381 
117 398 
117 410 
117 458 
117 465 
118 232 
118 329 
118 394 
119 296 
120 282 
120 315 
120 326 
120 333 
120 337 
120 376 
121 169 
121 215 
121 278 
121 354 
122 168 
122 181 
122 418 
122 477 
123 190 
123 291 
124 139 
124 463 
125 138 
125 171 
125 233 
125 259 
125 392 
125 418 
125 420 
126 160 
126 169 
126 182 
126 188 
126 204 
126 272 
126 328 
126 385 
126 409 
127 148 
128 168 
128 403 
128 408 
130 228 
130 332 
130 495 
131 319 
131 466 
132 272 
133 246 
134 173 
134 334 
134 434 
135 192 
135 255 
135 302 
135 400 
136 196 
136 268 
137 385 
137 494 
138 269 
139 229 
139 291 
140 145 
140 167 
140 237 
140 365 
140 379 
140 387 
140 404 
140 472 
141 309 
141 376 
141 377 
141 443 
142 184 
142 186 
142 208 
142 221 
142 236 
142 268 
142 382 
142 446 
142 460 
142 492 
143 183 
144 146 
144 176 
144 239 
144 258 
145 453 
146 303 
146 399 
148 199 
148 218 
148 229 
148 265 
148 280 
148 344 
149 210 
149 287 
149 351 
150 199 
150 226 
150 423 
151 177 
151 233 
151 289 
151 394 
152 174 
153 195 
153 278 
153 412 
153 444 
153 488 
157 385 
157 441 
158 186 
158 224 
158 238 
158 282 
158 292 
158 306 
159 187 
159 274 
159 398 
160 167 
160 199 
161 227 
161 267 
161 271 
161 276 
162 168 
162 231 
162 431 
163 175 
163 255 
163 279 
163 310 
163 314 
163 340 
163 445 
164 225 
164 244 
164 318 
165 215 
165 279 
165 285 
166 178 
166 322 
169 328 
169 341 
169 449 
170 300 
170 362 
171 177 
171 190 
171 292 
171 379 
171 444 
172 247 
172 467 
173 352 
173 380 
173 470 
174 205 
175 201 
175 217 
177 216 
177 220 
177 276 
179 275 
179 284 
179 297 
179 319 
179 391 
179 404 
179 426 
180 425 
180 455 
180 473 
181 261 
181 270 
181 372 
182 213 
182 387 
182 427 
182 478 
183 285 
183 313 
183 432 
183 471 
184 303 
184 318 
186 309 
186 337 
187 193 
187 349 
187 390 
187 481 
189 310 
189 336 
190 294 
190 304 
190 335 
190 340 
190 347 
190 401 
190 440 
191 239 
191 273 
191 420 
192 299 
193 484 
195 231 
195 236 
195 251 
195 324 
195 476 
196 380 
196 488 
197 266 
197 316 
197 331 
198 318 
199 222 
199 252 
199 254 
199 315 
199 428 
199 471 
200 262 
200 289 
200 295 
200 353 
200 360 
200 450 
200 453 
201 458 
202 242 
202 249 
202 284 
202 343 
202 389 
202 393 
202 431 
202 485 
202 492 
203 354 
204 447 
205 209 
205 246 
205 249 
205 405 
205 414 
205 428 
205 467 
206 262 
206 393 
206 482 
207 493 
208 304 
208 319 
209 254 
209 311 
209 337 
209 345 
209 403 
210 423 
211 245 
212 449 
213 447 
214 253 
214 257 
214 315 
214 358 
214 390 
214 411 
214 483 
215 281 
215 478 
216 281 
216 321 
218 277 
219 253 
220 288 
220 299 
220 323 
220 373 
221 283 
221 289 
222 381 
223 294 
225 323 
225 399 
227 250 
227 333 
228 274 
228 286 
228 307 
228 392 
229 288 
229 376 
229 401 
230 326 
230 331 
230 432 
230 485 
231 267 
231 290 
231 352 
231 433 
232 356 
232 455 
233 405 
234 460 
235 352 
235 392 
236 492 
237 306 
237 407 
238 298 
239 478 
240 273 
240 277 
240 368 
240 456 
240 473 
242 384 
242 404 
242 412 
244 487 
245 317 
245 344 
245 429 
245 437 
247 439 
247 481 
248 295 
249 252 
249 263 
249 400 
249 465 
251 266 
251 476 
253 335 
253 383 
254 382 
255 262 
255 318 
256 332 
257 258 
257 357 
257 360 
257 367 
257 410 
258 473 
262 335 
262 388 
262 452 
263 373 
263 483 
264 270 
264 430 
266 370 
267 442 
268 330 
270 459 
271 274 
271 461 
271 480 
272 497 
274 322 
274 418 
275 375 
275 378 
275 441 
275 454 
275 472 
275 490 
277 490 
278 425 
278 477 
279 365 
280 298 
281 445 
282 477 
283 288 
283 356 
283 380 
285 341 
285 347 
285 353 
285 393 
285 469 
288 455 
290 368 
290 405 
290 471 
292 496 
295 347 
295 386 
296 340 
299 303 
302 391 
302 411 
303 361 
305 307 
305 308 
307 377 
309 417 
309 464 
310 351 
310 471 
312 485 
315 350 
315 394 
317 359 
318 397 
320 412 
322 357 
322 407 
322 487 
324 454 
324 489 
325 445 
325 468 
326 421 
326 457 
326 468 
326 473 
330 338 
330 406 
332 345 
332 480 
332 494 
333 420 
333 433 
334 347 
334 378 
335 367 
337 349 
337 367 
337 498 
339 399 
339 498 
340 363 
340 397 
342 442 
342 499 
345 433 
346 372 
346 407 
346 422 
348 373 
349 403 
350 409 
351 359 
355 479 
356 388 
356 451 
358 452 
359 447 
359 465 
361 369 
361 474 
361 482 
362 425 
364 384 
365 409 
365 413 
365 437 
366 488 
369 382 
371 474 
372 386 
378 419 
380 441 
381 431 
383 442 
384 430 
384 484 
385 395 
385 402 
385 474 
388 428 
390 486 
391 413 
393 419 
393 495 
395 412 
400 453 
401 490 
402 486 
405 444 
406 463 
406 480 
409 457 
409 498 
410 496 
423 486 
427 438 
427 496 
429 449 
433 454 
438 493 
438 499 
442 469 
444 462 
448 453 
449 479 
491 494 
