false
false
500
1988
0 1 
0 3 
0 4 
0 5 
0 6 
0 7 
0 8 
0 9 
0 13 
0 14 
0 19 
0 20 
0 22 
0 24 
0 25 
0 30 
0 47 
0 52 
0 69 
0 77 
0 81 
0 83 
0 85 
0 86 
0 91 
0 93 
0 112 
0 138 
0 192 
0 231 
0 256 
0 259 
0 267 
0 270 
0 274 
0 281 
0 310 
0 311 
0 367 
0 373 
0 430 
0 435 
0 455 
1 2 
1 4 
1 6 
1 8 
1 10 
1 12 
1 13 
1 17 
1 21 
1 32 
1 41 
1 44 
1 59 
1 97 
1 115 
1 122 
1 129 
1 131 
1 133 
1 139 
1 144 
1 147 
1 155 
1 160 
1 165 
1 170 
1 176 
1 202 
1 214 
1 222 
1 248 
1 256 
1 262 
1 272 
1 274 
1 280 
1 400 
1 416 
1 425 
1 430 
1 433 
1 446 
1 456 
1 473 
1 485 
1 488 
2 3 
2 4 
2 5 
2 7 
2 16 
2 17 
2 21 
2 29 
2 34 
2 52 
2 53 
2 60 
2 62 
2 82 
2 85 
2 88 
2 104 
2 111 
2 114 
2 122 
2 144 
2 148 
2 157 
2 175 
2 192 
2 194 
2 218 
2 220 
2 226 
2 228 
2 244 
2 304 
2 312 
2 315 
2 323 
2 333 
2 339 
2 344 
2 358 
2 427 
2 440 
2 448 
3 4 
3 5 
3 7 
3 14 
3 17 
3 22 
3 23 
3 26 
3 31 
3 33 
3 40 
3 42 
3 58 
3 60 
3 68 
3 80 
3 82 
3 90 
3 103 
3 104 
3 119 
3 121 
3 146 
3 205 
3 211 
3 214 
3 231 
3 257 
3 271 
3 296 
3 305 
3 354 
3 399 
3 438 
3 442 
4 5 
4 6 
4 7 
4 10 
4 12 
4 18 
4 21 
4 34 
4 37 
4 38 
4 43 
4 47 
4 50 
4 52 
4 58 
4 79 
4 83 
4 92 
4 93 
4 96 
4 115 
4 134 
4 137 
4 139 
4 151 
4 160 
4 161 
4 177 
4 182 
4 186 
4 189 
4 200 
4 209 
4 216 
4 217 
4 238 
4 251 
4 262 
4 267 
4 300 
4 319 
4 321 
4 341 
4 375 
4 381 
4 383 
4 396 
4 401 
4 445 
4 446 
4 452 
4 461 
4 475 
4 499 
5 6 
5 8 
5 9 
5 14 
5 15 
5 16 
5 20 
5 27 
5 30 
5 31 
5 33 
5 34 
5 35 
5 45 
5 53 
5 55 
5 61 
5 64 
5 67 
5 68 
5 69 
5 71 
5 73 
5 74 
5 79 
5 89 
5 90 
5 116 
5 117 
5 124 
5 147 
5 153 
5 161 
5 166 
5 167 
5 178 
5 182 
5 183 
5 198 
5 200 
5 207 
5 210 
5 224 
5 229 
5 232 
5 233 
5 236 
5 244 
5 263 
5 284 
5 287 
5 294 
5 308 
5 336 
5 340 
5 349 
5 352 
5 366 
5 400 
5 434 
5 436 
5 443 
5 445 
5 448 
5 481 
5 487 
6 8 
6 9 
6 10 
6 11 
6 13 
6 15 
6 22 
6 23 
6 26 
6 34 
6 36 
6 43 
6 73 
6 79 
6 87 
6 96 
6 103 
6 104 
6 106 
6 110 
6 113 
6 130 
6 139 
6 148 
6 169 
6 174 
6 183 
6 216 
6 240 
6 271 
6 362 
6 368 
6 375 
6 395 
6 406 
6 426 
6 447 
6 463 
6 470 
7 13 
7 14 
7 16 
7 25 
7 26 
7 43 
7 44 
7 45 
7 59 
7 60 
7 70 
7 79 
7 83 
7 84 
7 123 
7 127 
7 148 
7 149 
7 169 
7 176 
7 180 
7 195 
7 216 
7 219 
7 251 
7 254 
7 266 
7 281 
7 293 
7 299 
7 312 
7 336 
7 337 
7 341 
7 349 
7 382 
7 425 
7 429 
7 447 
7 449 
7 454 
8 9 
8 10 
8 11 
8 15 
8 18 
8 19 
8 27 
8 32 
8 50 
8 54 
8 63 
8 66 
8 81 
8 86 
8 102 
8 103 
8 109 
8 128 
8 129 
8 138 
8 154 
8 174 
8 181 
8 238 
8 247 
8 252 
8 313 
8 369 
8 382 
8 399 
8 441 
9 11 
9 23 
9 55 
9 66 
9 134 
9 238 
9 300 
9 344 
9 438 
9 496 
10 11 
10 12 
10 15 
10 19 
10 28 
10 37 
10 38 
10 46 
10 47 
10 51 
10 53 
10 73 
10 89 
10 97 
10 101 
10 134 
10 142 
10 143 
10 150 
10 153 
10 174 
10 177 
10 192 
10 201 
10 202 
10 204 
10 206 
10 213 
10 240 
10 249 
10 270 
10 315 
10 319 
10 371 
10 385 
10 402 
11 12 
11 27 
11 36 
11 54 
11 62 
11 71 
11 99 
11 156 
11 160 
11 190 
11 196 
11 243 
11 288 
11 296 
11 309 
11 310 
11 398 
11 427 
11 442 
11 457 
12 20 
12 31 
12 42 
12 73 
12 171 
12 179 
12 334 
12 393 
12 414 
13 21 
13 46 
13 67 
13 69 
13 76 
13 87 
13 91 
13 119 
13 145 
13 154 
13 163 
13 175 
13 197 
13 198 
13 206 
13 222 
13 272 
13 325 
13 331 
13 349 
13 376 
13 426 
13 482 
14 24 
14 28 
14 33 
14 38 
14 57 
14 68 
14 126 
14 164 
14 183 
14 213 
14 226 
14 273 
14 280 
14 330 
14 360 
14 374 
14 399 
14 411 
14 419 
15 16 
15 18 
15 20 
15 36 
15 39 
15 48 
15 56 
15 57 
15 75 
15 101 
15 102 
15 106 
15 112 
15 135 
15 243 
15 246 
15 309 
15 316 
15 323 
15 330 
15 333 
15 341 
15 345 
15 355 
15 356 
15 363 
15 386 
15 446 
15 457 
16 17 
16 18 
16 25 
16 28 
16 29 
16 32 
16 35 
16 42 
16 46 
16 66 
16 71 
16 131 
16 133 
16 147 
16 151 
16 165 
16 176 
16 229 
16 239 
16 256 
16 317 
16 318 
16 386 
16 389 
16 471 
17 30 
17 60 
17 94 
17 121 
17 156 
17 158 
17 179 
17 208 
17 218 
17 381 
17 396 
17 424 
17 449 
17 473 
18 19 
18 22 
18 31 
18 33 
18 36 
18 118 
18 127 
18 191 
18 268 
18 342 
18 357 
18 405 
18 418 
18 421 
18 463 
19 24 
19 25 
19 26 
19 29 
19 39 
19 49 
19 56 
19 61 
19 64 
19 76 
19 78 
19 93 
19 105 
19 108 
19 131 
19 144 
19 146 
19 151 
19 159 
19 166 
19 181 
19 208 
19 211 
19 223 
19 240 
19 242 
19 245 
19 295 
19 303 
19 377 
19 437 
19 466 
20 29 
20 54 
20 98 
20 124 
20 125 
20 129 
20 141 
20 307 
20 333 
20 353 
21 23 
21 56 
21 110 
21 114 
21 123 
21 152 
21 182 
21 197 
21 214 
21 226 
21 251 
21 259 
21 271 
21 311 
21 354 
21 359 
21 361 
21 450 
22 30 
22 41 
22 45 
22 51 
22 66 
22 78 
22 81 
22 82 
22 95 
22 184 
22 191 
22 210 
22 212 
22 226 
22 257 
22 301 
22 313 
22 331 
22 449 
22 472 
23 24 
23 41 
23 43 
23 47 
23 52 
23 58 
23 70 
23 101 
23 105 
23 115 
23 120 
23 121 
23 125 
23 143 
23 152 
23 174 
23 218 
23 237 
23 318 
23 338 
23 357 
23 378 
23 388 
23 400 
23 407 
23 410 
23 440 
23 459 
23 466 
23 490 
23 494 
24 27 
24 41 
24 49 
24 108 
24 158 
24 279 
24 374 
24 394 
24 406 
24 407 
24 410 
24 425 
24 431 
24 444 
25 307 
25 383 
25 455 
26 28 
26 37 
26 39 
26 42 
26 67 
26 87 
26 94 
26 97 
26 102 
26 128 
26 142 
26 143 
26 158 
26 180 
26 188 
26 196 
26 201 
26 253 
26 352 
26 401 
26 455 
27 44 
27 74 
27 107 
27 167 
27 177 
27 262 
27 265 
27 289 
27 342 
27 408 
27 460 
28 40 
28 74 
28 95 
28 203 
28 215 
28 222 
28 269 
28 364 
28 429 
28 449 
29 32 
29 35 
29 45 
29 94 
29 100 
29 103 
29 130 
29 225 
29 258 
29 294 
29 360 
29 459 
30 100 
30 107 
30 110 
30 159 
30 179 
30 223 
30 227 
30 250 
31 401 
31 429 
32 35 
32 37 
32 114 
32 186 
32 266 
32 275 
32 290 
32 365 
32 493 
32 499 
33 150 
33 164 
33 279 
33 318 
33 336 
33 478 
33 491 
35 59 
35 107 
36 38 
36 39 
36 72 
36 124 
36 176 
36 227 
36 261 
36 300 
36 448 
36 489 
37 55 
37 61 
37 64 
37 71 
37 76 
37 77 
37 112 
37 121 
37 133 
37 202 
37 210 
37 263 
37 282 
37 306 
37 353 
37 374 
37 411 
38 40 
38 44 
38 50 
38 53 
38 54 
38 65 
38 72 
38 78 
38 98 
38 120 
38 159 
38 173 
38 181 
38 199 
38 245 
38 308 
38 356 
38 452 
38 472 
38 476 
38 492 
39 40 
39 57 
39 62 
39 111 
39 145 
39 152 
39 180 
39 242 
39 277 
39 284 
39 325 
39 327 
39 328 
39 330 
39 378 
39 379 
39 392 
39 413 
39 422 
39 436 
39 438 
39 450 
39 465 
39 489 
40 48 
40 287 
40 321 
41 65 
41 69 
41 80 
41 89 
41 161 
41 210 
41 292 
41 293 
41 297 
41 376 
41 412 
41 413 
42 49 
42 80 
42 81 
42 116 
42 129 
42 151 
42 155 
42 232 
42 278 
42 301 
42 384 
42 494 
43 48 
43 78 
43 90 
43 142 
43 362 
43 460 
43 486 
44 49 
44 51 
44 59 
44 91 
44 195 
44 351 
45 46 
45 234 
45 292 
46 193 
46 282 
46 385 
46 416 
46 469 
46 483 
47 48 
47 50 
47 55 
47 57 
47 61 
47 92 
47 133 
47 164 
47 186 
47 187 
47 224 
47 228 
47 264 
47 297 
47 366 
47 395 
47 424 
47 464 
48 56 
48 67 
48 93 
48 112 
48 132 
48 135 
48 136 
48 215 
48 232 
48 386 
49 63 
49 72 
49 74 
49 156 
49 164 
49 183 
49 276 
49 291 
49 355 
50 51 
50 332 
50 379 
50 482 
51 58 
51 94 
51 108 
51 114 
51 124 
51 140 
51 150 
51 201 
51 209 
51 219 
51 231 
51 272 
51 278 
51 311 
51 312 
51 321 
51 325 
51 336 
51 414 
51 443 
51 477 
51 478 
52 62 
52 70 
52 90 
52 91 
52 116 
52 155 
52 195 
52 241 
52 282 
52 320 
52 329 
52 389 
53 75 
53 84 
53 92 
53 119 
53 140 
53 141 
53 170 
53 198 
53 241 
53 267 
53 298 
53 371 
54 85 
54 126 
54 130 
54 132 
54 146 
54 230 
54 299 
54 439 
54 459 
55 65 
55 68 
55 70 
55 105 
55 153 
55 248 
55 250 
55 298 
55 344 
55 347 
55 368 
55 416 
56 98 
56 101 
56 122 
56 131 
56 132 
56 172 
56 184 
56 274 
56 280 
56 299 
56 316 
56 361 
56 418 
56 475 
57 115 
57 170 
57 185 
57 216 
57 444 
58 63 
58 83 
58 109 
58 166 
58 177 
58 194 
58 205 
58 294 
58 347 
58 389 
58 436 
59 77 
59 260 
59 273 
59 276 
60 116 
60 159 
60 229 
60 260 
60 384 
60 407 
60 434 
60 456 
60 499 
61 64 
61 65 
61 75 
61 123 
61 143 
61 144 
61 148 
61 199 
61 335 
61 358 
61 493 
62 63 
62 157 
62 165 
62 326 
63 130 
63 224 
63 328 
63 404 
63 418 
64 76 
64 104 
64 111 
64 135 
64 204 
64 212 
64 221 
64 252 
64 286 
64 295 
64 330 
64 460 
64 461 
65 72 
65 125 
65 432 
66 77 
66 85 
66 86 
66 167 
66 285 
67 95 
67 100 
67 458 
68 75 
68 120 
68 158 
68 190 
68 204 
68 207 
68 380 
68 391 
68 396 
68 468 
69 80 
69 82 
69 108 
69 128 
69 203 
69 208 
69 246 
69 325 
69 390 
69 456 
69 486 
70 84 
70 132 
70 154 
70 163 
70 227 
70 268 
70 314 
70 317 
70 337 
70 438 
70 442 
71 404 
72 84 
72 228 
72 363 
73 97 
74 95 
74 102 
74 109 
74 113 
74 137 
74 157 
74 208 
74 220 
74 297 
74 346 
74 370 
74 385 
74 388 
74 419 
74 432 
74 480 
75 86 
75 147 
75 167 
75 314 
75 420 
76 88 
76 192 
76 254 
76 261 
76 337 
76 439 
77 126 
77 169 
77 214 
77 254 
77 375 
77 405 
77 428 
77 442 
77 467 
78 117 
78 118 
78 149 
78 188 
78 201 
78 235 
78 274 
78 292 
78 293 
78 395 
78 415 
80 92 
80 138 
80 175 
80 266 
80 322 
80 383 
80 435 
80 443 
80 470 
81 89 
81 99 
81 168 
81 308 
81 343 
81 380 
82 88 
82 99 
82 365 
83 126 
83 171 
83 230 
83 236 
83 291 
83 475 
84 87 
84 98 
84 139 
84 269 
84 454 
85 113 
85 146 
85 233 
85 296 
85 459 
86 88 
86 138 
86 242 
86 259 
86 281 
86 409 
86 487 
87 99 
87 136 
87 145 
87 163 
87 165 
87 209 
87 335 
87 368 
87 388 
87 495 
88 100 
88 107 
88 187 
88 219 
88 233 
88 237 
88 252 
88 293 
88 326 
88 355 
88 433 
88 479 
88 483 
88 491 
89 218 
89 317 
89 402 
90 106 
90 196 
90 370 
90 377 
90 391 
90 393 
91 273 
91 360 
91 369 
91 432 
92 96 
92 185 
92 223 
92 253 
92 309 
92 359 
92 412 
92 435 
93 373 
93 418 
94 111 
94 127 
94 160 
94 168 
94 203 
94 211 
94 304 
94 462 
94 493 
95 96 
95 109 
95 150 
95 153 
95 191 
95 306 
95 328 
95 361 
95 439 
96 117 
96 154 
96 163 
96 184 
96 188 
96 217 
96 255 
96 405 
96 490 
97 118 
97 137 
97 170 
97 324 
98 123 
98 166 
98 173 
98 215 
98 264 
98 338 
98 340 
98 410 
98 465 
99 106 
99 122 
99 390 
99 400 
99 408 
100 199 
100 265 
100 419 
101 321 
101 359 
102 241 
102 372 
102 398 
102 468 
103 105 
103 145 
103 178 
103 193 
103 200 
103 230 
103 231 
103 236 
103 245 
103 314 
103 349 
103 369 
103 385 
103 419 
103 475 
104 127 
104 134 
104 171 
104 200 
104 235 
104 249 
104 250 
104 302 
104 338 
104 339 
104 394 
104 409 
104 485 
105 110 
105 149 
105 269 
105 304 
105 324 
105 373 
105 424 
106 113 
106 254 
106 289 
106 354 
106 397 
107 119 
107 195 
107 256 
107 270 
107 275 
107 287 
107 348 
107 356 
107 371 
107 406 
107 474 
108 120 
108 157 
108 205 
108 283 
108 319 
108 350 
108 376 
108 452 
109 118 
109 137 
109 152 
109 181 
109 204 
109 213 
109 237 
109 239 
109 258 
109 378 
109 420 
110 136 
110 140 
110 149 
110 196 
110 327 
110 345 
110 347 
110 363 
111 178 
111 202 
111 397 
112 125 
112 207 
112 302 
113 117 
113 172 
113 481 
114 227 
114 367 
114 403 
114 434 
114 484 
115 220 
115 290 
115 412 
116 193 
116 381 
116 457 
117 156 
117 343 
117 365 
117 491 
117 498 
118 286 
118 403 
118 430 
119 128 
119 168 
119 307 
119 372 
119 392 
119 421 
119 431 
119 439 
120 228 
120 313 
120 453 
121 141 
121 264 
121 322 
121 397 
121 462 
122 219 
122 327 
122 447 
123 135 
123 172 
123 217 
123 275 
123 392 
123 467 
124 234 
124 362 
124 426 
125 198 
125 327 
125 441 
126 168 
126 175 
126 194 
126 276 
126 387 
127 140 
127 255 
127 354 
127 494 
128 136 
128 142 
128 251 
128 302 
128 311 
128 351 
128 451 
128 461 
128 479 
129 173 
129 189 
129 213 
129 225 
129 298 
129 332 
129 415 
129 480 
131 162 
131 472 
131 477 
132 206 
132 244 
133 247 
133 259 
133 271 
133 295 
133 298 
133 339 
133 348 
134 255 
134 290 
134 302 
134 350 
134 428 
135 141 
135 206 
135 238 
135 372 
135 471 
136 247 
136 486 
137 187 
137 233 
137 243 
137 263 
137 329 
137 377 
137 469 
137 480 
138 246 
139 431 
140 283 
140 351 
140 478 
141 294 
142 194 
142 258 
142 331 
142 384 
143 182 
143 316 
144 185 
144 190 
145 169 
145 351 
145 383 
145 464 
147 162 
147 223 
147 426 
148 155 
148 162 
148 197 
148 209 
148 392 
149 333 
150 186 
150 225 
150 306 
151 173 
151 356 
153 179 
153 230 
153 372 
153 464 
153 499 
154 221 
154 235 
154 328 
154 402 
155 162 
155 178 
155 189 
155 239 
155 262 
155 320 
155 331 
156 172 
156 222 
156 260 
156 290 
156 362 
157 187 
158 161 
158 171 
158 188 
158 303 
158 461 
158 467 
160 193 
160 241 
160 360 
161 247 
161 279 
161 370 
161 384 
162 189 
163 221 
163 305 
163 329 
163 380 
163 476 
163 478 
164 212 
164 312 
164 341 
164 407 
164 408 
164 498 
165 190 
165 310 
165 445 
166 326 
166 471 
166 497 
167 184 
167 307 
167 353 
167 382 
167 451 
167 458 
169 236 
169 268 
170 180 
170 215 
170 273 
170 460 
171 257 
171 326 
171 393 
172 245 
172 303 
172 450 
172 477 
173 220 
173 250 
173 265 
174 197 
174 399 
175 497 
177 191 
177 260 
177 264 
177 297 
177 409 
178 224 
178 239 
178 276 
178 315 
178 355 
179 277 
180 211 
181 324 
181 468 
181 498 
182 249 
182 288 
182 388 
183 332 
183 402 
184 185 
184 344 
186 234 
186 263 
186 282 
186 289 
186 324 
186 334 
186 342 
187 346 
188 275 
189 363 
189 413 
189 474 
190 367 
191 340 
191 455 
191 469 
192 199 
192 207 
192 253 
192 255 
192 257 
192 288 
192 345 
192 366 
192 367 
193 235 
195 203 
195 212 
195 342 
195 474 
197 261 
197 265 
197 285 
198 292 
199 217 
199 329 
199 366 
199 470 
200 272 
201 423 
201 488 
202 205 
202 291 
203 244 
203 380 
205 237 
205 279 
205 286 
205 350 
205 371 
205 398 
205 422 
205 454 
207 479 
208 453 
208 473 
209 221 
209 283 
209 396 
210 225 
210 301 
210 305 
210 310 
210 339 
210 444 
210 473 
212 281 
212 381 
212 408 
214 242 
214 248 
214 280 
214 305 
214 352 
214 424 
214 483 
214 487 
215 308 
215 404 
215 481 
216 246 
216 285 
216 289 
216 313 
216 416 
217 234 
217 267 
217 411 
218 343 
218 370 
219 346 
220 252 
220 487 
220 494 
222 348 
223 249 
223 432 
224 277 
226 229 
227 428 
227 436 
228 232 
228 243 
228 369 
229 415 
229 454 
230 261 
230 278 
230 359 
230 435 
230 495 
231 364 
231 458 
232 240 
232 253 
232 286 
232 403 
232 496 
234 277 
234 364 
234 444 
235 248 
235 268 
235 278 
235 334 
236 335 
237 437 
238 323 
238 466 
239 357 
241 285 
241 379 
241 483 
242 269 
242 317 
242 320 
242 386 
242 393 
243 266 
243 422 
243 498 
244 258 
244 352 
245 319 
247 284 
248 375 
249 440 
250 299 
251 320 
251 387 
252 287 
254 430 
255 401 
256 288 
256 347 
258 270 
258 334 
258 450 
260 474 
260 492 
261 291 
261 485 
262 300 
262 304 
264 346 
264 476 
265 323 
265 343 
265 361 
266 497 
267 309 
268 296 
268 322 
268 406 
269 303 
269 427 
270 318 
270 337 
271 301 
271 390 
271 414 
272 394 
274 398 
275 283 
275 404 
275 433 
276 306 
277 405 
278 284 
278 315 
280 423 
280 425 
280 441 
281 348 
281 453 
282 378 
282 447 
282 488 
285 314 
286 453 
291 358 
292 368 
294 295 
295 335 
295 451 
296 376 
296 433 
297 322 
297 417 
298 316 
299 431 
299 470 
300 417 
300 477 
301 409 
303 397 
304 434 
305 373 
307 387 
307 441 
308 495 
313 332 
313 391 
314 357 
314 387 
314 389 
316 353 
317 340 
318 496 
320 338 
321 391 
323 411 
323 448 
326 390 
330 420 
330 463 
335 466 
336 345 
336 403 
338 486 
339 350 
340 377 
340 489 
343 462 
345 358 
347 374 
348 417 
350 365 
352 465 
354 415 
355 364 
357 379 
359 490 
359 496 
363 413 
363 421 
364 427 
365 479 
367 412 
367 423 
368 394 
368 472 
368 489 
368 493 
369 482 
371 382 
371 421 
373 423 
374 414 
378 482 
379 437 
380 395 
383 495 
387 422 
387 465 
387 471 
388 492 
392 420 
393 429 
394 491 
396 443 
400 484 
403 428 
404 451 
405 485 
406 410 
407 456 
408 463 
409 445 
413 437 
415 417 
416 464 
417 469 
420 490 
421 446 
424 484 
428 440 
440 457 
442 458 
449 452 
449 462 
451 481 
453 468 
456 488 
459 480 
460 492 
462 467 
463 497 
469 476 
481 484 
