false
false
500
1988
0 1 
0 3 
0 4 
0 5 
0 6 
0 7 
0 9 
0 10 
0 11 
0 12 
0 13 
0 14 
0 18 
0 24 
0 25 
0 28 
0 29 
0 31 
0 33 
0 34 
0 35 
0 36 
0 39 
0 40 
0 45 
0 47 
0 51 
0 53 
0 55 
0 62 
0 63 
0 72 
0 73 
0 76 
0 79 
0 89 
0 98 
0 105 
0 111 
0 112 
0 124 
0 127 
0 135 
0 136 
0 141 
0 150 
0 151 
0 169 
0 170 
0 174 
0 183 
0 193 
0 214 
0 216 
0 254 
0 266 
0 271 
0 276 
0 286 
0 290 
0 304 
0 315 
0 318 
0 331 
0 355 
0 358 
0 359 
0 361 
0 362 
0 375 
0 380 
0 425 
0 442 
0 452 
0 467 
0 484 
0 495 
1 2 
1 4 
1 8 
1 16 
1 37 
1 95 
1 155 
1 165 
1 219 
1 394 
1 419 
1 426 
2 3 
2 4 
2 5 
2 7 
2 8 
2 10 
2 11 
2 12 
2 13 
2 15 
2 19 
2 21 
2 22 
2 23 
2 26 
2 28 
2 29 
2 31 
2 35 
2 41 
2 44 
2 45 
2 47 
2 51 
2 56 
2 71 
2 73 
2 74 
2 88 
2 89 
2 90 
2 93 
2 96 
2 100 
2 106 
2 109 
2 114 
2 119 
2 123 
2 126 
2 128 
2 131 
2 132 
2 137 
2 141 
2 144 
2 147 
2 148 
2 161 
2 171 
2 176 
2 179 
2 182 
2 199 
2 200 
2 202 
2 209 
2 210 
2 214 
2 222 
2 227 
2 238 
2 243 
2 252 
2 256 
2 258 
2 268 
2 275 
2 284 
2 305 
2 308 
2 311 
2 346 
2 353 
2 371 
2 384 
2 407 
2 410 
2 414 
2 435 
2 447 
2 457 
2 475 
2 489 
2 492 
2 497 
3 4 
3 5 
3 6 
3 7 
3 10 
3 12 
3 16 
3 19 
3 21 
3 26 
3 32 
3 33 
3 38 
3 42 
3 43 
3 44 
3 48 
3 49 
3 50 
3 53 
3 58 
3 61 
3 65 
3 67 
3 73 
3 76 
3 78 
3 83 
3 86 
3 87 
3 91 
3 96 
3 114 
3 122 
3 143 
3 170 
3 172 
3 181 
3 184 
3 201 
3 203 
3 209 
3 211 
3 214 
3 215 
3 218 
3 220 
3 241 
3 251 
3 269 
3 273 
3 289 
3 300 
3 303 
3 353 
3 368 
3 373 
3 383 
3 437 
3 473 
3 494 
4 5 
4 6 
4 24 
4 39 
4 46 
4 48 
4 60 
4 62 
4 71 
4 99 
4 104 
4 108 
4 120 
4 123 
4 125 
4 137 
4 144 
4 178 
4 185 
4 205 
4 228 
4 265 
4 277 
4 281 
4 309 
4 331 
4 360 
4 387 
4 391 
4 403 
4 436 
4 443 
4 466 
5 6 
5 8 
5 9 
5 11 
5 13 
5 17 
5 23 
5 24 
5 26 
5 31 
5 42 
5 43 
5 50 
5 52 
5 64 
5 78 
5 80 
5 81 
5 87 
5 105 
5 139 
5 157 
5 169 
5 197 
5 205 
5 226 
5 240 
5 261 
5 265 
5 292 
5 293 
5 301 
5 311 
5 382 
5 415 
5 425 
5 459 
5 469 
5 475 
5 476 
6 7 
6 8 
6 14 
6 17 
6 18 
6 20 
6 27 
6 42 
6 49 
6 50 
6 51 
6 54 
6 56 
6 60 
6 68 
6 79 
6 85 
6 134 
6 146 
6 152 
6 154 
6 163 
6 165 
6 166 
6 184 
6 187 
6 191 
6 192 
6 204 
6 207 
6 244 
6 254 
6 263 
6 273 
6 280 
6 302 
6 323 
6 342 
6 349 
6 352 
6 366 
6 380 
6 385 
6 386 
6 408 
6 454 
6 459 
6 477 
7 9 
7 11 
7 16 
7 20 
7 22 
7 32 
7 75 
7 76 
7 94 
7 100 
7 111 
7 112 
7 126 
7 131 
7 140 
7 149 
7 190 
7 227 
7 234 
7 236 
7 255 
7 258 
7 269 
7 301 
7 334 
7 339 
7 355 
7 377 
7 406 
7 420 
7 424 
7 444 
7 460 
7 470 
7 485 
8 9 
8 10 
8 12 
8 14 
8 16 
8 20 
8 21 
8 29 
8 31 
8 32 
8 38 
8 46 
8 47 
8 55 
8 60 
8 68 
8 69 
8 71 
8 81 
8 91 
8 92 
8 104 
8 112 
8 114 
8 120 
8 132 
8 143 
8 158 
8 162 
8 181 
8 221 
8 225 
8 237 
8 240 
8 250 
8 264 
8 272 
8 287 
8 293 
8 300 
8 303 
8 319 
8 328 
8 338 
8 343 
8 365 
8 385 
8 462 
8 479 
8 481 
9 14 
9 18 
9 21 
9 36 
9 70 
9 79 
9 85 
9 95 
9 110 
9 115 
9 117 
9 145 
9 167 
9 177 
9 180 
9 206 
9 287 
9 315 
9 318 
9 320 
9 332 
9 341 
9 345 
9 362 
9 396 
9 428 
9 440 
9 485 
10 35 
10 39 
10 57 
10 59 
10 60 
10 90 
10 108 
10 127 
10 151 
10 193 
10 195 
10 208 
10 239 
10 261 
10 288 
10 295 
10 347 
10 364 
10 381 
10 497 
11 15 
11 17 
11 22 
11 57 
11 76 
11 86 
11 88 
11 102 
11 104 
11 131 
11 142 
11 146 
11 153 
11 173 
11 180 
11 216 
11 223 
11 227 
11 231 
11 243 
11 261 
11 304 
11 328 
11 355 
11 405 
11 408 
11 431 
11 440 
11 486 
12 13 
12 15 
12 18 
12 20 
12 37 
12 91 
12 166 
12 201 
12 348 
12 364 
13 22 
13 27 
13 28 
13 30 
13 32 
13 37 
13 45 
13 52 
13 65 
13 70 
13 95 
13 102 
13 135 
13 148 
13 151 
13 176 
13 180 
13 210 
13 211 
13 215 
13 275 
13 341 
13 359 
13 384 
13 409 
13 412 
13 428 
13 438 
13 446 
13 465 
13 482 
14 15 
14 17 
14 19 
14 26 
14 36 
14 38 
14 40 
14 58 
14 66 
14 101 
14 107 
14 132 
14 138 
14 169 
14 174 
14 185 
14 189 
14 212 
14 222 
14 235 
14 260 
14 281 
14 284 
14 291 
14 297 
14 336 
14 376 
14 409 
14 453 
14 481 
15 25 
15 30 
15 44 
15 66 
15 69 
15 75 
15 77 
15 80 
15 82 
15 90 
15 97 
15 103 
15 110 
15 121 
15 125 
15 154 
15 157 
15 159 
15 184 
15 199 
15 208 
15 225 
15 232 
15 239 
15 291 
15 295 
15 301 
15 366 
15 374 
15 387 
15 390 
15 392 
15 404 
15 428 
15 430 
15 432 
15 435 
15 464 
15 467 
15 468 
15 491 
16 33 
16 41 
16 89 
16 113 
16 122 
16 164 
16 376 
17 23 
17 25 
17 29 
17 34 
17 36 
17 43 
17 50 
17 53 
17 61 
17 64 
17 81 
17 92 
17 103 
17 113 
17 167 
17 169 
17 172 
17 221 
17 240 
17 260 
17 278 
17 300 
17 323 
17 349 
17 368 
17 396 
17 400 
17 403 
17 414 
17 472 
18 19 
18 35 
18 45 
18 54 
18 171 
18 189 
18 249 
18 266 
18 267 
18 369 
18 391 
18 454 
19 24 
19 28 
19 55 
19 61 
19 82 
19 160 
19 203 
19 219 
19 323 
19 427 
19 457 
19 461 
20 23 
20 38 
20 46 
20 47 
20 48 
20 52 
20 63 
20 64 
20 65 
20 72 
20 74 
20 84 
20 102 
20 103 
20 135 
20 151 
20 156 
20 160 
20 162 
20 212 
20 217 
20 219 
20 230 
20 251 
20 259 
20 282 
20 310 
20 336 
20 354 
20 358 
20 409 
20 410 
20 453 
20 468 
21 27 
21 75 
21 77 
21 81 
21 118 
21 176 
21 207 
21 353 
21 366 
21 467 
21 471 
21 489 
22 195 
22 203 
22 235 
22 310 
22 419 
23 27 
23 39 
23 125 
23 132 
23 137 
23 152 
23 179 
23 188 
23 201 
23 217 
23 292 
23 297 
23 377 
23 397 
23 433 
23 437 
23 443 
23 447 
23 464 
23 468 
24 25 
24 30 
24 41 
24 84 
24 107 
24 136 
24 158 
24 165 
24 167 
24 283 
24 284 
24 300 
24 309 
24 372 
24 378 
24 414 
25 34 
25 196 
25 233 
25 390 
25 416 
25 421 
25 424 
26 49 
26 57 
26 83 
26 84 
26 85 
26 97 
26 227 
26 343 
26 363 
26 476 
27 33 
27 43 
27 49 
27 110 
27 112 
27 130 
27 134 
27 171 
27 175 
27 231 
27 319 
27 320 
27 334 
27 370 
27 372 
27 386 
27 391 
27 413 
28 37 
28 46 
28 101 
28 126 
28 128 
28 141 
28 175 
28 177 
28 246 
28 259 
28 276 
28 378 
28 390 
28 445 
28 469 
29 30 
29 44 
29 51 
29 52 
29 63 
29 95 
29 96 
29 111 
29 115 
29 122 
29 145 
29 173 
29 187 
29 197 
29 202 
29 203 
29 209 
29 229 
29 321 
29 335 
29 341 
29 364 
29 379 
29 385 
29 394 
29 411 
29 439 
29 488 
30 74 
30 75 
30 120 
30 185 
31 48 
31 87 
31 89 
31 116 
31 138 
31 195 
31 291 
31 331 
31 479 
32 34 
32 88 
32 124 
32 127 
32 142 
32 153 
32 162 
32 238 
32 263 
32 368 
32 371 
32 424 
33 59 
33 92 
33 180 
33 190 
33 271 
33 306 
33 473 
33 486 
33 492 
34 40 
34 77 
34 163 
34 285 
34 302 
34 355 
34 375 
35 266 
35 447 
36 40 
36 66 
36 67 
36 72 
36 82 
36 86 
36 88 
36 105 
36 113 
36 206 
36 215 
36 262 
36 354 
36 416 
36 446 
37 41 
37 62 
37 98 
37 119 
37 143 
37 225 
37 336 
37 395 
37 405 
37 411 
38 70 
38 105 
38 107 
38 139 
38 186 
38 225 
38 333 
38 349 
38 418 
39 80 
39 367 
39 398 
39 499 
40 42 
40 54 
40 62 
40 71 
40 85 
40 102 
40 106 
40 109 
40 111 
40 164 
40 192 
40 200 
40 202 
40 350 
40 356 
40 424 
41 125 
41 289 
41 317 
41 345 
42 58 
42 65 
42 68 
42 87 
42 93 
42 94 
42 117 
42 161 
42 166 
42 175 
42 213 
42 219 
42 249 
42 333 
43 155 
43 223 
43 226 
43 229 
43 403 
43 412 
44 214 
44 257 
44 326 
44 334 
45 54 
45 57 
45 100 
45 133 
45 234 
45 311 
45 370 
45 429 
45 490 
46 53 
46 56 
46 59 
46 83 
46 158 
46 236 
46 242 
46 246 
46 327 
46 362 
47 69 
47 133 
47 171 
47 252 
47 478 
48 59 
48 118 
48 235 
48 273 
48 388 
49 78 
49 94 
49 116 
49 128 
49 147 
49 149 
49 153 
49 177 
49 178 
49 189 
49 228 
49 257 
49 262 
49 302 
49 303 
49 325 
49 402 
49 435 
49 436 
49 474 
49 496 
50 92 
50 113 
50 123 
50 152 
50 197 
50 213 
50 269 
50 274 
50 280 
50 295 
50 310 
50 354 
50 418 
50 433 
50 438 
51 68 
51 93 
51 134 
51 138 
51 205 
51 224 
51 245 
51 321 
51 335 
51 454 
51 488 
51 497 
52 55 
52 58 
52 63 
52 126 
52 161 
52 182 
52 381 
52 392 
53 67 
53 80 
53 110 
53 121 
53 155 
53 281 
53 308 
53 451 
54 61 
54 67 
54 170 
54 361 
55 56 
55 186 
55 194 
55 301 
55 313 
55 360 
55 433 
56 78 
56 124 
56 298 
56 325 
56 446 
56 451 
56 487 
57 84 
57 161 
57 276 
57 347 
57 371 
57 434 
57 440 
58 101 
58 160 
58 166 
58 218 
58 248 
58 253 
58 276 
58 288 
58 381 
59 77 
59 204 
59 222 
59 383 
59 393 
60 72 
60 93 
60 124 
60 146 
60 155 
60 174 
60 242 
60 277 
60 279 
60 375 
60 459 
60 463 
60 493 
61 100 
61 317 
61 351 
61 413 
61 436 
61 482 
62 86 
62 117 
62 143 
62 144 
62 187 
62 373 
62 394 
62 445 
62 469 
62 484 
62 491 
63 64 
63 172 
63 184 
63 319 
63 330 
63 433 
64 66 
64 103 
64 106 
64 129 
64 159 
64 314 
64 422 
64 426 
64 450 
64 460 
64 495 
64 497 
65 69 
65 73 
65 188 
65 356 
65 415 
65 431 
66 79 
66 233 
66 238 
66 264 
66 299 
66 357 
66 376 
66 390 
66 419 
67 97 
67 107 
67 119 
67 162 
67 230 
67 248 
67 278 
67 337 
67 480 
67 483 
68 74 
68 98 
68 99 
68 121 
68 140 
68 200 
68 212 
68 247 
68 257 
68 317 
68 379 
68 486 
68 487 
69 70 
69 94 
69 108 
69 191 
69 220 
69 224 
69 259 
69 306 
69 329 
69 357 
69 456 
69 477 
70 239 
70 303 
71 97 
71 129 
71 196 
71 210 
71 268 
71 269 
72 82 
72 83 
72 228 
72 265 
72 281 
72 402 
72 425 
72 452 
73 230 
74 139 
74 363 
74 464 
75 116 
75 150 
75 156 
75 159 
75 163 
75 178 
75 286 
75 292 
75 326 
75 378 
75 406 
76 99 
76 129 
76 130 
76 190 
76 232 
76 241 
76 338 
76 384 
76 401 
77 90 
77 109 
77 158 
77 179 
77 211 
77 275 
77 425 
77 446 
77 462 
78 139 
78 191 
78 247 
78 352 
78 392 
78 401 
78 459 
79 130 
79 164 
79 232 
79 307 
79 327 
79 417 
80 168 
80 278 
80 457 
81 98 
81 194 
81 198 
81 233 
81 322 
81 437 
82 141 
82 389 
83 130 
83 140 
83 179 
83 181 
83 202 
83 285 
83 298 
83 314 
83 358 
83 367 
85 142 
85 204 
86 91 
86 136 
86 357 
87 120 
87 142 
87 167 
87 176 
87 257 
87 285 
87 463 
88 136 
88 318 
88 347 
88 439 
89 96 
89 114 
89 154 
89 175 
89 256 
89 302 
89 395 
89 444 
90 108 
90 135 
90 146 
90 147 
90 159 
90 193 
90 441 
90 444 
90 463 
91 115 
91 306 
91 499 
92 115 
92 223 
92 240 
92 251 
92 279 
92 328 
93 118 
93 278 
93 324 
93 401 
93 442 
93 451 
94 129 
94 262 
94 317 
94 417 
95 296 
95 313 
96 99 
96 109 
96 145 
96 152 
96 173 
96 287 
96 296 
96 314 
96 322 
96 368 
96 422 
97 116 
97 133 
97 394 
98 101 
98 192 
98 206 
98 218 
98 282 
98 430 
98 471 
99 104 
99 121 
99 149 
99 172 
99 186 
99 242 
99 339 
99 377 
100 157 
100 267 
100 358 
100 452 
100 454 
101 183 
101 237 
101 372 
102 144 
102 157 
102 191 
102 244 
102 323 
102 344 
102 388 
102 398 
102 448 
103 209 
103 254 
104 117 
104 194 
104 218 
104 220 
104 237 
104 283 
104 348 
104 371 
104 457 
104 475 
105 106 
105 140 
105 236 
105 277 
106 294 
107 118 
107 192 
107 196 
107 206 
107 221 
107 260 
107 307 
107 338 
107 423 
107 432 
107 466 
108 123 
108 377 
109 138 
109 147 
109 154 
109 173 
109 232 
110 245 
110 290 
110 324 
110 342 
110 496 
113 145 
113 196 
113 198 
113 345 
114 189 
114 267 
114 293 
114 437 
114 441 
114 458 
114 460 
115 165 
115 391 
116 131 
116 148 
116 398 
117 252 
117 253 
117 487 
118 119 
118 134 
118 201 
118 292 
118 474 
119 148 
119 231 
119 253 
119 256 
119 284 
120 122 
120 160 
120 248 
120 270 
120 379 
120 417 
120 427 
120 466 
120 480 
120 493 
121 133 
121 213 
121 342 
122 168 
122 183 
122 399 
123 128 
123 153 
123 163 
123 194 
123 313 
123 340 
124 127 
124 239 
124 271 
124 404 
124 452 
125 208 
125 261 
125 322 
125 369 
126 198 
126 222 
127 250 
127 267 
127 305 
127 419 
127 463 
128 482 
129 137 
129 149 
129 200 
129 229 
129 234 
129 251 
129 297 
129 349 
129 382 
129 393 
129 415 
130 307 
132 228 
132 494 
133 356 
133 496 
134 197 
134 241 
134 242 
134 327 
134 346 
134 370 
134 399 
134 427 
135 170 
135 183 
135 318 
135 328 
135 330 
135 342 
135 365 
135 404 
135 407 
135 438 
135 498 
136 365 
136 445 
137 263 
138 212 
138 216 
138 270 
138 356 
138 385 
138 469 
139 156 
139 480 
140 315 
140 460 
141 213 
141 244 
141 346 
141 416 
142 150 
143 150 
143 453 
144 234 
144 282 
144 295 
144 329 
144 389 
144 407 
144 423 
145 199 
145 249 
145 271 
145 279 
145 350 
145 480 
146 156 
146 367 
147 174 
147 217 
147 229 
147 253 
147 373 
147 411 
147 418 
147 420 
147 448 
148 190 
148 393 
149 223 
149 231 
149 332 
149 338 
149 451 
150 178 
150 220 
150 348 
150 395 
151 243 
151 264 
151 304 
152 296 
152 429 
154 207 
154 335 
154 420 
154 426 
154 447 
155 299 
155 329 
157 195 
157 290 
157 309 
157 468 
158 186 
158 237 
159 168 
159 182 
160 275 
160 431 
161 277 
161 331 
161 344 
161 414 
162 168 
162 379 
163 164 
164 245 
164 388 
164 399 
164 434 
164 458 
164 483 
165 205 
165 406 
165 416 
166 246 
166 262 
166 341 
166 345 
166 350 
167 188 
167 258 
167 280 
167 297 
167 312 
167 334 
167 335 
167 380 
167 404 
167 471 
167 475 
168 185 
168 224 
168 250 
169 472 
171 268 
171 282 
171 289 
171 307 
171 310 
171 351 
171 397 
172 398 
173 177 
174 182 
174 187 
174 226 
174 254 
174 455 
177 246 
177 294 
177 298 
178 320 
178 422 
179 193 
179 283 
179 290 
179 423 
180 181 
180 308 
180 325 
180 449 
180 456 
181 339 
182 207 
182 243 
182 322 
182 378 
183 210 
183 217 
185 188 
185 198 
185 255 
185 258 
185 343 
185 401 
185 439 
185 485 
186 388 
187 204 
187 263 
187 422 
188 216 
188 426 
189 211 
190 309 
190 315 
190 348 
191 230 
191 333 
192 208 
192 241 
192 255 
192 386 
192 392 
193 199 
193 224 
193 321 
194 274 
194 466 
194 476 
195 236 
196 450 
196 465 
199 326 
199 383 
200 233 
200 285 
203 221 
203 286 
203 321 
204 250 
205 215 
205 245 
205 273 
205 332 
205 472 
205 498 
207 298 
208 249 
209 244 
209 311 
209 313 
209 455 
210 247 
210 314 
210 482 
214 450 
216 226 
217 247 
217 272 
217 372 
217 400 
217 402 
217 435 
217 458 
217 494 
218 339 
218 376 
219 259 
220 360 
221 294 
221 494 
221 499 
222 235 
222 270 
222 337 
222 351 
222 352 
223 283 
223 421 
224 324 
224 423 
225 448 
227 238 
227 265 
227 382 
229 367 
230 256 
230 291 
230 319 
231 255 
231 400 
233 274 
233 430 
235 324 
235 418 
235 486 
237 370 
237 389 
239 252 
240 264 
240 286 
240 427 
242 266 
242 272 
242 289 
242 306 
242 351 
242 411 
243 248 
243 270 
243 296 
243 412 
244 288 
244 316 
244 346 
244 485 
245 280 
245 336 
245 359 
245 369 
246 299 
246 316 
246 337 
246 374 
246 415 
246 490 
247 340 
247 445 
248 287 
248 384 
248 491 
250 327 
251 421 
252 305 
252 361 
253 299 
255 293 
257 260 
257 316 
257 326 
258 272 
258 362 
258 440 
258 471 
259 343 
260 308 
260 386 
261 279 
261 473 
262 294 
262 330 
262 347 
262 374 
262 453 
263 406 
264 357 
264 413 
264 483 
265 268 
265 316 
265 397 
265 479 
266 312 
266 361 
267 274 
267 329 
267 382 
267 461 
268 410 
269 489 
270 366 
271 305 
271 312 
271 332 
273 381 
274 405 
275 396 
275 455 
276 493 
277 304 
278 429 
278 449 
280 288 
280 442 
287 340 
287 470 
287 478 
287 484 
287 492 
288 350 
288 353 
289 352 
289 412 
289 495 
290 344 
291 470 
292 312 
292 476 
292 492 
295 389 
297 360 
298 403 
304 320 
304 488 
305 441 
306 330 
306 399 
307 450 
307 498 
309 408 
310 395 
311 365 
312 491 
314 397 
314 478 
315 325 
315 369 
316 363 
316 462 
317 333 
317 496 
322 410 
323 474 
324 337 
324 340 
324 490 
325 354 
325 439 
326 364 
326 407 
327 375 
328 428 
330 443 
330 449 
332 363 
333 374 
336 467 
337 344 
340 402 
348 483 
350 462 
355 383 
358 359 
358 436 
359 393 
359 432 
360 495 
361 400 
363 380 
364 373 
364 405 
364 449 
364 464 
366 387 
368 481 
370 413 
371 387 
372 408 
372 484 
373 396 
374 442 
375 470 
378 434 
379 432 
379 458 
380 479 
382 441 
388 438 
388 473 
388 478 
390 472 
392 434 
393 421 
394 474 
398 409 
398 430 
398 431 
398 493 
399 420 
401 477 
404 461 
407 417 
414 488 
415 456 
416 443 
417 465 
422 429 
431 444 
431 461 
439 489 
440 448 
445 456 
445 481 
448 490 
449 455 
449 465 
452 477 
458 498 
460 499 
473 487 
