false
false
500
1988
0 1 
0 3 
0 4 
0 7 
0 8 
0 9 
0 13 
0 15 
0 16 
0 25 
0 27 
0 31 
0 37 
0 45 
0 47 
0 56 
0 78 
0 87 
0 103 
0 105 
0 107 
0 111 
0 130 
0 133 
0 136 
0 141 
0 149 
0 175 
0 184 
0 209 
0 239 
0 247 
0 260 
0 266 
0 267 
0 296 
0 330 
0 366 
0 369 
0 376 
0 378 
0 443 
0 444 
0 450 
0 468 
1 2 
1 4 
1 5 
1 7 
1 10 
1 13 
1 28 
1 38 
1 43 
1 49 
1 64 
1 68 
1 71 
1 75 
1 86 
1 122 
1 151 
1 165 
1 173 
1 176 
1 185 
1 186 
1 193 
1 204 
1 206 
1 209 
1 215 
1 234 
1 254 
1 274 
1 292 
1 319 
1 395 
1 399 
1 400 
1 413 
1 431 
1 447 
1 489 
1 495 
2 3 
2 4 
2 5 
2 6 
2 8 
2 9 
2 12 
2 17 
2 20 
2 22 
2 25 
2 34 
2 39 
2 41 
2 42 
2 44 
2 47 
2 51 
2 53 
2 58 
2 62 
2 68 
2 69 
2 70 
2 72 
2 75 
2 77 
2 84 
2 90 
2 96 
2 112 
2 116 
2 119 
2 137 
2 145 
2 155 
2 157 
2 159 
2 190 
2 208 
2 214 
2 222 
2 254 
2 266 
2 273 
2 290 
2 295 
2 301 
2 312 
2 319 
2 322 
2 341 
2 353 
2 365 
2 366 
2 371 
2 416 
2 424 
2 431 
2 452 
2 458 
2 466 
2 476 
2 483 
2 487 
2 495 
3 4 
3 5 
3 6 
3 7 
3 9 
3 13 
3 16 
3 19 
3 20 
3 24 
3 26 
3 31 
3 40 
3 45 
3 46 
3 48 
3 72 
3 82 
3 86 
3 109 
3 121 
3 125 
3 137 
3 163 
3 170 
3 172 
3 180 
3 183 
3 205 
3 207 
3 222 
3 225 
3 271 
3 292 
3 311 
3 313 
3 332 
3 333 
3 340 
3 345 
3 347 
3 358 
3 380 
3 392 
3 404 
3 423 
3 451 
3 454 
3 459 
3 497 
4 5 
4 6 
4 8 
4 12 
4 18 
4 22 
4 24 
4 28 
4 33 
4 37 
4 49 
4 51 
4 57 
4 60 
4 66 
4 77 
4 78 
4 80 
4 89 
4 96 
4 124 
4 128 
4 129 
4 130 
4 148 
4 175 
4 198 
4 211 
4 215 
4 235 
4 236 
4 255 
4 287 
4 293 
4 298 
4 308 
4 310 
4 312 
4 319 
4 355 
4 356 
4 362 
4 369 
4 386 
4 400 
4 402 
4 404 
4 408 
4 420 
4 448 
4 471 
5 6 
5 10 
5 11 
5 12 
5 14 
5 16 
5 20 
5 21 
5 26 
5 30 
5 34 
5 37 
5 44 
5 46 
5 47 
5 53 
5 56 
5 59 
5 63 
5 64 
5 80 
5 88 
5 105 
5 113 
5 115 
5 116 
5 121 
5 130 
5 139 
5 160 
5 168 
5 169 
5 177 
5 179 
5 184 
5 208 
5 216 
5 223 
5 229 
5 244 
5 263 
5 265 
5 277 
5 279 
5 294 
5 309 
5 321 
5 327 
5 335 
5 337 
5 342 
5 347 
5 349 
5 352 
5 354 
5 364 
5 385 
5 391 
5 417 
5 421 
5 435 
5 473 
5 475 
5 488 
6 7 
6 8 
6 9 
6 10 
6 11 
6 12 
6 14 
6 15 
6 19 
6 25 
6 33 
6 36 
6 37 
6 40 
6 41 
6 51 
6 59 
6 62 
6 71 
6 90 
6 92 
6 93 
6 95 
6 100 
6 104 
6 114 
6 117 
6 133 
6 146 
6 148 
6 156 
6 166 
6 171 
6 179 
6 181 
6 184 
6 192 
6 202 
6 203 
6 212 
6 215 
6 216 
6 257 
6 264 
6 266 
6 270 
6 301 
6 309 
6 325 
6 329 
6 336 
6 337 
6 354 
6 371 
6 388 
6 394 
6 395 
6 401 
6 405 
6 427 
6 434 
6 444 
6 457 
6 461 
6 467 
6 472 
6 489 
6 498 
7 13 
7 14 
7 21 
7 23 
7 26 
7 44 
7 45 
7 46 
7 50 
7 61 
7 68 
7 76 
7 85 
7 131 
7 135 
7 139 
7 156 
7 185 
7 190 
7 206 
7 221 
7 229 
7 269 
7 271 
7 283 
7 290 
7 370 
7 398 
7 411 
7 425 
7 441 
7 455 
7 496 
8 11 
8 23 
8 24 
8 26 
8 27 
8 52 
8 62 
8 76 
8 106 
8 118 
8 131 
8 144 
8 149 
8 154 
8 159 
8 169 
8 188 
8 230 
8 241 
8 255 
8 256 
8 296 
8 297 
8 310 
8 316 
8 319 
8 360 
8 398 
8 449 
8 496 
9 10 
9 11 
9 21 
9 29 
9 32 
9 49 
9 54 
9 83 
9 101 
9 105 
9 106 
9 108 
9 114 
9 132 
9 162 
9 195 
9 210 
9 244 
9 301 
9 320 
9 346 
9 359 
9 393 
9 399 
9 419 
9 438 
9 465 
9 484 
10 15 
10 16 
10 65 
10 107 
10 131 
10 136 
10 147 
10 149 
10 169 
10 171 
10 180 
10 216 
10 272 
10 427 
10 440 
10 491 
11 15 
11 17 
11 19 
11 35 
11 58 
11 88 
11 119 
11 135 
11 187 
11 247 
11 258 
11 323 
11 343 
11 350 
11 374 
11 381 
12 17 
12 18 
12 22 
12 23 
12 27 
12 48 
12 56 
12 112 
12 116 
12 137 
12 140 
12 142 
12 146 
12 162 
12 194 
12 214 
12 239 
12 248 
12 267 
12 269 
12 368 
12 397 
12 409 
12 414 
13 14 
13 19 
13 20 
13 28 
13 31 
13 32 
13 34 
13 36 
13 42 
13 46 
13 57 
13 58 
13 66 
13 70 
13 91 
13 103 
13 104 
13 114 
13 124 
13 157 
13 175 
13 178 
13 200 
13 204 
13 227 
13 241 
13 243 
13 257 
13 261 
13 279 
13 289 
13 315 
13 326 
13 333 
13 345 
13 348 
13 356 
13 357 
13 373 
13 375 
13 384 
13 390 
13 393 
13 396 
13 407 
13 429 
13 430 
13 437 
13 479 
13 493 
14 17 
14 39 
14 44 
14 94 
14 111 
14 125 
14 126 
14 143 
14 149 
14 193 
14 246 
14 260 
14 280 
14 300 
14 322 
14 329 
14 338 
14 398 
14 434 
14 488 
15 25 
15 29 
15 32 
15 33 
15 35 
15 41 
15 51 
15 55 
15 63 
15 74 
15 90 
15 101 
15 108 
15 180 
15 227 
15 228 
15 233 
15 270 
15 286 
15 322 
15 399 
15 404 
15 416 
15 436 
15 445 
15 450 
16 18 
16 42 
16 94 
16 97 
16 113 
16 134 
16 140 
16 158 
16 165 
16 166 
16 177 
16 250 
16 283 
16 286 
16 313 
16 328 
17 18 
17 38 
17 49 
17 65 
17 80 
17 94 
17 100 
17 102 
17 135 
17 153 
17 178 
17 199 
17 208 
17 212 
17 237 
17 403 
18 21 
18 30 
18 50 
18 83 
18 85 
18 108 
18 150 
18 240 
18 259 
18 389 
19 43 
19 66 
19 89 
19 96 
19 102 
19 141 
19 186 
19 272 
19 278 
19 294 
19 299 
19 350 
19 361 
19 362 
19 368 
19 402 
19 422 
19 432 
20 23 
20 24 
20 30 
20 34 
20 59 
20 60 
20 63 
20 69 
20 70 
20 72 
20 74 
20 76 
20 77 
20 80 
20 86 
20 87 
20 91 
20 95 
20 106 
20 110 
20 115 
20 119 
20 134 
20 139 
20 170 
20 188 
20 192 
20 208 
20 213 
20 226 
20 227 
20 238 
20 241 
20 248 
20 301 
20 308 
20 321 
20 346 
20 387 
20 421 
20 424 
20 429 
20 444 
20 446 
20 451 
20 463 
20 478 
20 489 
20 490 
20 499 
21 22 
21 33 
21 52 
21 71 
21 82 
21 94 
21 110 
21 147 
21 175 
21 210 
21 234 
21 305 
21 307 
21 326 
21 330 
21 334 
21 403 
21 433 
21 436 
21 437 
21 490 
22 29 
22 57 
22 69 
22 79 
22 87 
22 104 
22 106 
22 109 
22 127 
22 145 
22 181 
22 223 
22 226 
22 245 
22 260 
22 443 
22 453 
22 493 
23 28 
23 39 
23 42 
23 60 
23 61 
23 67 
23 81 
23 98 
23 102 
23 118 
23 187 
23 232 
23 262 
23 276 
23 280 
23 300 
23 307 
23 318 
23 323 
23 373 
23 380 
23 410 
23 435 
23 467 
23 495 
24 30 
24 31 
24 36 
24 43 
24 54 
24 60 
24 65 
24 124 
24 196 
24 275 
24 332 
24 481 
25 45 
25 61 
25 67 
25 68 
25 112 
25 153 
25 161 
25 164 
25 189 
25 218 
25 242 
25 273 
25 460 
26 27 
26 29 
26 48 
26 54 
26 129 
26 176 
26 179 
26 218 
26 230 
26 353 
26 484 
27 35 
27 38 
27 40 
27 72 
27 96 
27 120 
27 125 
27 145 
27 152 
27 163 
27 231 
27 342 
27 357 
27 359 
27 365 
27 377 
27 388 
27 397 
27 438 
27 478 
28 40 
28 41 
28 50 
28 59 
28 93 
28 97 
28 113 
28 114 
28 119 
28 121 
28 133 
28 222 
28 251 
28 263 
28 281 
28 292 
28 295 
28 297 
28 314 
28 326 
28 374 
28 414 
28 461 
28 477 
28 479 
28 480 
28 484 
29 36 
29 102 
29 223 
29 414 
30 47 
30 490 
31 32 
31 38 
31 48 
31 63 
31 67 
31 160 
31 167 
31 249 
31 281 
31 308 
31 359 
31 391 
31 401 
31 410 
31 449 
32 88 
32 252 
33 52 
33 53 
33 55 
33 65 
33 73 
33 77 
33 79 
33 91 
33 98 
33 134 
33 138 
33 142 
33 157 
33 164 
33 235 
33 242 
33 268 
33 285 
33 298 
33 302 
33 303 
33 368 
33 373 
33 375 
33 382 
33 394 
33 410 
33 415 
33 456 
34 35 
34 163 
35 64 
35 76 
35 194 
35 328 
35 376 
36 56 
36 67 
36 75 
36 129 
36 201 
36 324 
36 406 
36 424 
36 426 
36 492 
37 39 
37 61 
37 169 
37 207 
37 211 
37 235 
37 386 
37 442 
38 136 
38 141 
38 194 
38 234 
38 243 
38 331 
38 366 
39 43 
39 86 
39 92 
39 93 
39 134 
39 182 
39 191 
39 276 
39 316 
39 409 
39 457 
39 469 
40 66 
40 89 
40 99 
40 103 
40 118 
40 127 
40 128 
40 254 
40 331 
40 426 
40 454 
40 462 
40 478 
41 50 
41 75 
41 78 
41 85 
41 115 
41 159 
41 178 
41 197 
41 236 
41 383 
42 54 
42 290 
42 293 
42 306 
42 367 
42 461 
43 88 
43 142 
43 400 
44 55 
44 92 
44 103 
44 110 
44 171 
44 221 
44 239 
44 259 
44 264 
44 349 
44 355 
44 483 
45 53 
45 87 
45 132 
45 174 
45 285 
45 315 
45 344 
45 357 
45 441 
45 462 
45 493 
46 62 
46 164 
47 112 
47 117 
47 148 
47 167 
47 296 
47 374 
48 52 
48 74 
48 104 
48 194 
48 239 
48 300 
49 57 
49 73 
49 101 
49 123 
49 147 
49 273 
49 288 
49 398 
49 491 
50 164 
50 204 
50 215 
50 253 
50 262 
50 346 
51 79 
51 105 
51 128 
51 138 
51 219 
51 284 
51 285 
51 344 
51 431 
51 452 
52 55 
52 73 
52 95 
52 97 
52 99 
52 109 
52 120 
52 237 
52 296 
52 299 
52 382 
52 450 
52 472 
52 480 
53 70 
53 81 
53 83 
53 90 
53 122 
53 157 
53 334 
53 378 
54 224 
54 243 
54 498 
55 58 
55 71 
55 81 
55 117 
55 122 
55 146 
55 156 
55 190 
55 195 
55 272 
55 282 
55 286 
55 291 
55 302 
55 341 
55 360 
55 363 
55 387 
55 439 
56 84 
56 92 
56 100 
56 128 
56 144 
56 181 
56 203 
56 217 
56 287 
56 365 
56 453 
57 81 
57 84 
57 113 
57 147 
57 170 
57 181 
57 256 
57 318 
57 335 
57 383 
57 405 
57 422 
57 436 
57 494 
57 497 
58 74 
58 99 
58 197 
58 314 
58 446 
59 82 
59 108 
59 265 
59 351 
59 353 
60 91 
60 98 
60 148 
60 152 
60 162 
60 165 
60 199 
60 207 
60 359 
61 64 
61 79 
61 133 
61 158 
61 212 
61 227 
61 244 
61 266 
61 305 
61 317 
61 324 
61 437 
62 155 
62 161 
62 189 
62 232 
62 257 
62 274 
62 291 
62 309 
62 354 
63 320 
63 356 
63 370 
63 447 
64 69 
64 182 
64 187 
64 246 
64 323 
64 347 
65 89 
65 95 
65 98 
65 99 
65 285 
65 331 
65 417 
65 424 
65 425 
65 438 
65 447 
65 448 
66 151 
66 264 
66 378 
66 384 
66 483 
67 150 
67 154 
67 193 
67 322 
68 78 
68 109 
68 145 
68 201 
69 82 
69 83 
69 100 
69 151 
69 238 
69 251 
69 271 
69 329 
69 340 
69 462 
69 472 
70 123 
70 155 
70 177 
70 216 
70 256 
70 395 
70 412 
70 447 
71 73 
71 97 
71 117 
71 226 
71 233 
71 264 
71 388 
72 107 
72 110 
72 146 
72 192 
72 442 
73 84 
73 167 
73 191 
73 272 
73 279 
74 124 
74 268 
74 275 
74 287 
75 123 
75 243 
75 305 
75 441 
75 475 
76 473 
77 328 
77 463 
78 418 
79 142 
79 167 
79 229 
79 253 
80 101 
80 152 
80 153 
80 188 
80 277 
80 384 
80 433 
80 449 
81 85 
81 127 
81 166 
81 220 
81 311 
81 343 
81 423 
81 429 
81 446 
81 474 
82 116 
82 140 
82 155 
82 172 
82 279 
82 297 
82 304 
82 413 
82 477 
83 205 
83 281 
83 431 
83 491 
84 121 
84 122 
84 202 
84 213 
84 247 
84 318 
84 394 
84 464 
85 201 
85 217 
85 278 
85 288 
85 372 
85 432 
86 151 
86 259 
86 280 
86 293 
86 327 
86 468 
87 111 
87 120 
87 201 
87 210 
87 291 
87 304 
87 323 
87 343 
87 389 
88 126 
88 258 
88 314 
88 365 
88 443 
88 456 
88 470 
89 93 
89 351 
90 139 
90 177 
90 207 
90 462 
91 156 
91 495 
92 107 
92 224 
92 249 
92 470 
93 131 
93 136 
93 196 
93 200 
93 249 
93 389 
94 129 
94 135 
94 140 
94 168 
94 270 
95 160 
95 217 
95 345 
95 440 
96 152 
96 176 
96 202 
96 397 
96 470 
97 336 
98 268 
98 385 
98 455 
98 458 
100 304 
100 426 
101 168 
101 210 
101 297 
101 308 
101 409 
102 115 
102 123 
102 143 
102 183 
102 198 
102 200 
102 223 
102 464 
102 481 
103 144 
103 295 
103 346 
103 349 
103 385 
103 406 
104 162 
104 165 
105 161 
105 193 
105 287 
106 111 
106 150 
106 220 
106 420 
106 460 
107 195 
107 341 
107 387 
107 389 
107 451 
108 120 
108 185 
108 427 
109 481 
110 163 
110 233 
110 252 
110 260 
110 379 
111 130 
111 178 
111 231 
112 118 
112 267 
112 276 
112 289 
112 360 
113 127 
113 143 
113 184 
113 203 
113 298 
113 460 
113 477 
114 125 
114 173 
114 435 
115 138 
115 186 
116 173 
116 185 
116 224 
116 238 
116 245 
116 248 
116 379 
116 430 
117 143 
117 170 
117 182 
117 218 
117 240 
117 440 
118 240 
118 244 
118 299 
118 376 
118 482 
118 485 
119 126 
119 132 
119 199 
120 158 
120 358 
120 432 
121 214 
121 445 
122 304 
122 396 
122 409 
123 180 
123 232 
124 192 
124 280 
124 312 
125 126 
125 132 
125 158 
125 174 
125 364 
125 369 
126 377 
126 408 
126 469 
127 356 
127 455 
127 486 
128 154 
128 159 
128 198 
128 206 
128 261 
128 354 
128 414 
128 438 
128 468 
129 231 
129 412 
129 481 
130 251 
132 137 
132 176 
132 197 
132 257 
132 311 
132 324 
133 338 
133 400 
134 141 
134 205 
134 219 
134 263 
134 299 
135 138 
135 144 
135 172 
135 228 
135 237 
135 255 
135 428 
135 465 
138 166 
138 348 
138 428 
138 466 
138 480 
139 212 
139 228 
139 289 
139 454 
140 150 
140 242 
140 295 
140 453 
141 188 
141 224 
141 254 
141 384 
141 419 
141 428 
141 465 
142 273 
142 403 
143 191 
143 253 
143 275 
143 312 
144 189 
144 205 
144 217 
144 281 
144 289 
144 317 
144 351 
144 372 
144 381 
144 459 
145 225 
145 231 
145 236 
145 402 
145 430 
146 174 
146 190 
146 195 
146 258 
146 292 
146 313 
147 187 
147 300 
147 458 
148 351 
149 213 
150 153 
150 154 
150 172 
150 375 
150 379 
150 406 
151 160 
151 461 
151 496 
152 209 
152 228 
152 248 
153 182 
153 191 
153 221 
153 256 
153 488 
154 171 
154 407 
156 161 
156 168 
156 179 
156 196 
156 221 
156 251 
156 316 
156 344 
156 418 
156 444 
158 197 
158 209 
158 404 
158 434 
159 219 
159 407 
160 200 
160 211 
160 307 
162 186 
162 189 
162 237 
162 278 
162 430 
163 247 
163 261 
163 330 
163 363 
163 492 
164 202 
164 337 
164 345 
165 278 
165 474 
166 335 
166 472 
167 265 
167 310 
167 325 
168 173 
168 321 
168 339 
169 203 
169 236 
170 174 
170 230 
170 321 
170 480 
173 276 
174 196 
174 369 
175 262 
176 416 
177 183 
177 261 
177 267 
177 275 
177 435 
178 315 
178 364 
178 385 
178 388 
178 392 
178 419 
178 479 
179 183 
179 220 
179 336 
179 339 
179 417 
180 283 
180 303 
181 220 
181 370 
181 433 
182 372 
182 497 
183 250 
183 253 
184 199 
184 259 
184 360 
184 439 
185 211 
185 324 
185 336 
185 494 
187 213 
187 302 
187 327 
187 475 
188 372 
189 198 
189 418 
190 274 
190 432 
191 225 
191 241 
191 428 
193 262 
194 258 
194 263 
194 277 
195 234 
195 327 
195 377 
195 469 
196 218 
196 226 
196 383 
196 405 
199 318 
200 206 
200 240 
200 246 
200 294 
200 366 
201 332 
201 425 
202 204 
202 233 
202 238 
202 315 
202 422 
202 494 
204 334 
204 340 
204 469 
204 485 
205 225 
205 268 
205 379 
205 423 
206 214 
206 230 
206 294 
206 423 
207 246 
207 250 
207 252 
209 245 
209 339 
209 347 
210 219 
210 242 
210 250 
210 271 
210 352 
210 367 
210 402 
210 467 
211 452 
212 222 
212 235 
214 390 
214 407 
215 245 
215 309 
215 381 
216 331 
216 342 
216 376 
216 425 
217 368 
217 405 
218 386 
218 449 
219 269 
219 298 
219 342 
220 358 
220 482 
221 232 
221 252 
221 293 
221 429 
222 302 
222 370 
222 390 
224 338 
225 288 
225 352 
225 383 
225 475 
225 496 
226 229 
226 282 
226 339 
226 357 
226 374 
227 326 
227 367 
227 436 
228 325 
230 446 
231 249 
231 284 
231 286 
232 270 
232 411 
232 433 
232 466 
233 306 
233 380 
233 492 
235 317 
236 459 
237 255 
238 355 
238 387 
240 306 
241 361 
241 412 
241 487 
243 329 
244 320 
245 277 
245 487 
247 332 
248 393 
249 380 
250 410 
250 464 
251 338 
251 352 
252 269 
252 394 
252 491 
253 274 
253 325 
255 290 
255 303 
255 314 
255 316 
255 348 
255 456 
255 468 
256 373 
256 452 
256 471 
256 499 
257 320 
257 485 
258 284 
258 420 
259 310 
259 427 
260 265 
260 348 
260 477 
261 333 
261 474 
263 463 
264 355 
265 371 
266 426 
266 456 
266 467 
267 288 
267 343 
267 470 
268 362 
268 397 
268 448 
269 337 
269 392 
270 291 
271 307 
271 391 
271 453 
273 420 
274 333 
274 419 
274 476 
275 341 
276 399 
276 471 
277 421 
278 282 
278 313 
278 486 
278 492 
279 282 
280 408 
281 284 
281 306 
282 283 
282 393 
284 416 
285 328 
285 377 
288 303 
289 417 
291 411 
292 353 
292 396 
292 403 
292 499 
294 415 
295 317 
296 361 
297 382 
298 335 
299 413 
301 483 
302 305 
302 371 
303 311 
304 330 
304 363 
306 411 
306 415 
307 422 
309 457 
309 497 
311 460 
311 476 
313 367 
314 364 
315 415 
317 334 
317 390 
318 465 
321 340 
322 401 
322 443 
323 421 
324 482 
325 463 
325 493 
327 362 
328 395 
329 349 
331 344 
332 358 
332 437 
333 363 
333 439 
333 466 
333 498 
335 361 
335 413 
336 350 
336 392 
337 375 
338 487 
343 350 
344 486 
345 484 
348 486 
349 386 
350 451 
353 396 
353 418 
353 439 
355 450 
357 381 
360 457 
363 448 
367 482 
371 458 
372 406 
375 378 
375 408 
380 382 
381 442 
382 391 
385 441 
385 494 
386 454 
390 455 
393 445 
395 490 
396 401 
399 464 
401 474 
402 459 
403 434 
409 412 
418 471 
418 489 
428 478 
430 445 
437 473 
438 440 
438 473 
439 442 
442 499 
461 498 
464 485 
464 488 
469 479 
473 476 
