false
false
500
1988
0 1 
0 3 
0 4 
0 6 
0 8 
0 14 
0 16 
0 18 
0 22 
0 23 
0 32 
0 35 
0 57 
0 58 
0 69 
0 72 
0 86 
0 102 
0 112 
0 127 
0 155 
0 170 
0 184 
0 199 
0 233 
0 236 
0 275 
0 301 
0 325 
0 326 
0 343 
0 345 
0 455 
0 467 
0 481 
0 483 
1 2 
1 4 
1 5 
1 6 
1 7 
1 12 
1 15 
1 16 
1 17 
1 19 
1 20 
1 21 
1 31 
1 32 
1 38 
1 39 
1 43 
1 45 
1 46 
1 51 
1 52 
1 53 
1 54 
1 55 
1 71 
1 73 
1 78 
1 83 
1 90 
1 91 
1 93 
1 96 
1 104 
1 106 
1 110 
1 120 
1 125 
1 136 
1 140 
1 141 
1 143 
1 149 
1 151 
1 155 
1 156 
1 157 
1 161 
1 170 
1 183 
1 202 
1 210 
1 211 
1 220 
1 222 
1 235 
1 236 
1 238 
1 242 
1 256 
1 259 
1 270 
1 273 
1 294 
1 305 
1 309 
1 328 
1 353 
1 356 
1 357 
1 364 
1 365 
1 382 
1 400 
1 422 
1 424 
1 435 
1 452 
1 464 
1 469 
1 488 
1 490 
1 492 
1 496 
2 3 
2 4 
2 5 
2 6 
2 8 
2 9 
2 11 
2 14 
2 16 
2 17 
2 22 
2 25 
2 29 
2 32 
2 35 
2 45 
2 55 
2 56 
2 59 
2 69 
2 76 
2 79 
2 83 
2 97 
2 105 
2 107 
2 115 
2 119 
2 123 
2 146 
2 152 
2 161 
2 166 
2 201 
2 205 
2 216 
2 222 
2 242 
2 263 
2 280 
2 282 
2 288 
2 301 
2 308 
2 321 
2 333 
2 339 
2 342 
2 346 
2 357 
2 362 
2 376 
2 385 
2 388 
2 417 
2 453 
2 466 
2 474 
2 493 
3 4 
3 5 
3 7 
3 9 
3 10 
3 13 
3 17 
3 18 
3 20 
3 22 
3 24 
3 25 
3 26 
3 27 
3 28 
3 34 
3 38 
3 41 
3 42 
3 54 
3 63 
3 64 
3 65 
3 66 
3 69 
3 87 
3 90 
3 91 
3 94 
3 99 
3 105 
3 108 
3 114 
3 129 
3 140 
3 152 
3 157 
3 167 
3 182 
3 191 
3 198 
3 199 
3 206 
3 221 
3 226 
3 238 
3 243 
3 253 
3 260 
3 275 
3 278 
3 299 
3 301 
3 303 
3 304 
3 310 
3 320 
3 326 
3 335 
3 349 
3 361 
3 397 
3 399 
3 402 
3 406 
3 433 
3 450 
3 461 
3 462 
3 469 
3 481 
3 495 
4 5 
4 8 
4 9 
4 10 
4 13 
4 19 
4 23 
4 25 
4 26 
4 27 
4 29 
4 30 
4 32 
4 33 
4 36 
4 38 
4 40 
4 49 
4 57 
4 68 
4 76 
4 77 
4 78 
4 85 
4 90 
4 93 
4 138 
4 146 
4 149 
4 156 
4 159 
4 164 
4 172 
4 174 
4 184 
4 187 
4 191 
4 217 
4 235 
4 243 
4 249 
4 251 
4 271 
4 291 
4 296 
4 301 
4 346 
4 348 
4 359 
4 364 
4 373 
4 381 
4 405 
4 425 
4 431 
4 436 
4 450 
4 451 
4 463 
4 477 
4 484 
5 6 
5 7 
5 14 
5 19 
5 21 
5 24 
5 28 
5 31 
5 36 
5 40 
5 61 
5 63 
5 80 
5 81 
5 103 
5 114 
5 144 
5 145 
5 151 
5 163 
5 165 
5 179 
5 187 
5 190 
5 196 
5 203 
5 204 
5 206 
5 207 
5 213 
5 216 
5 224 
5 242 
5 249 
5 251 
5 262 
5 283 
5 299 
5 323 
5 324 
5 335 
5 341 
5 346 
5 358 
5 367 
5 403 
5 408 
5 438 
5 439 
5 451 
5 458 
5 470 
5 471 
5 478 
5 480 
5 486 
6 7 
6 8 
6 9 
6 10 
6 12 
6 18 
6 25 
6 27 
6 31 
6 33 
6 37 
6 49 
6 50 
6 60 
6 94 
6 104 
6 113 
6 116 
6 119 
6 141 
6 160 
6 195 
6 206 
6 207 
6 224 
6 245 
6 272 
6 302 
6 350 
6 390 
6 408 
6 449 
6 494 
6 496 
7 11 
7 12 
7 13 
7 16 
7 20 
7 24 
7 27 
7 33 
7 44 
7 47 
7 51 
7 52 
7 73 
7 82 
7 84 
7 89 
7 113 
7 116 
7 118 
7 120 
7 137 
7 144 
7 152 
7 192 
7 217 
7 247 
7 264 
7 278 
7 293 
7 296 
7 330 
7 350 
7 360 
7 362 
7 372 
7 398 
7 399 
7 404 
7 405 
7 438 
7 458 
7 460 
7 476 
8 10 
8 11 
8 12 
8 14 
8 15 
8 29 
8 31 
8 37 
8 42 
8 43 
8 48 
8 71 
8 82 
8 88 
8 99 
8 128 
8 130 
8 134 
8 138 
8 160 
8 179 
8 211 
8 215 
8 236 
8 240 
8 262 
8 270 
8 287 
8 289 
8 291 
8 302 
8 305 
8 313 
8 344 
8 424 
8 446 
8 465 
9 11 
9 13 
9 15 
9 62 
9 68 
9 70 
9 76 
9 77 
9 83 
9 85 
9 98 
9 114 
9 126 
9 149 
9 153 
9 172 
9 200 
9 216 
9 226 
9 258 
9 289 
9 311 
9 400 
9 404 
9 409 
9 412 
9 427 
9 437 
9 464 
9 488 
10 26 
10 44 
10 95 
10 225 
10 254 
10 268 
10 293 
10 331 
10 349 
10 420 
11 15 
11 30 
11 36 
11 59 
11 116 
11 117 
11 127 
11 133 
11 168 
11 173 
11 218 
11 312 
11 329 
11 368 
11 371 
11 380 
11 389 
11 394 
11 395 
11 441 
12 37 
12 39 
12 100 
12 152 
12 153 
12 270 
12 322 
12 390 
13 21 
13 24 
13 30 
13 40 
13 44 
13 57 
13 61 
13 66 
13 74 
13 80 
13 84 
13 88 
13 127 
13 135 
13 137 
13 158 
13 168 
13 177 
13 182 
13 208 
13 230 
13 289 
13 319 
13 332 
13 334 
13 336 
13 337 
13 351 
13 355 
13 366 
13 383 
13 460 
13 469 
14 39 
14 46 
14 47 
14 60 
14 85 
14 111 
14 175 
14 180 
14 378 
14 386 
14 415 
14 440 
15 17 
15 18 
15 21 
15 50 
15 51 
15 80 
15 108 
15 145 
15 174 
15 175 
15 177 
15 180 
15 203 
15 256 
15 304 
15 354 
15 359 
15 360 
15 373 
15 386 
15 407 
15 435 
16 26 
16 28 
16 29 
16 37 
16 93 
16 107 
16 108 
16 122 
16 143 
16 162 
16 190 
16 197 
16 208 
16 231 
16 315 
16 340 
16 375 
16 406 
16 412 
16 482 
17 19 
17 30 
17 34 
17 44 
17 67 
17 135 
17 186 
17 307 
18 20 
18 41 
18 42 
18 58 
18 70 
18 72 
18 102 
18 106 
18 110 
18 147 
18 169 
18 173 
18 252 
18 260 
18 279 
18 294 
18 318 
18 339 
18 354 
18 422 
19 28 
19 34 
19 43 
19 45 
19 47 
19 48 
19 49 
19 59 
19 76 
19 139 
19 184 
19 276 
19 303 
19 310 
19 317 
19 405 
20 23 
20 33 
20 48 
20 52 
20 64 
20 65 
20 81 
20 101 
20 105 
20 148 
20 189 
20 193 
20 198 
20 212 
20 227 
20 228 
20 254 
20 261 
20 271 
20 295 
20 308 
20 310 
20 327 
20 336 
20 356 
20 385 
20 430 
21 22 
21 23 
21 38 
21 58 
21 120 
21 131 
21 305 
21 424 
22 66 
22 74 
22 128 
22 134 
22 143 
22 174 
22 247 
22 314 
22 338 
22 342 
23 41 
23 62 
23 63 
23 73 
23 87 
23 96 
23 97 
23 120 
23 138 
23 150 
23 195 
23 265 
23 334 
23 368 
23 398 
23 419 
23 445 
23 480 
24 36 
24 39 
24 71 
24 77 
24 89 
24 96 
24 98 
24 102 
24 115 
24 136 
24 146 
24 167 
24 209 
24 261 
24 278 
24 313 
24 314 
24 386 
24 389 
24 455 
24 458 
25 35 
25 43 
25 45 
25 46 
25 53 
25 67 
25 70 
25 82 
25 84 
25 112 
25 132 
25 288 
25 313 
25 357 
25 377 
25 411 
25 417 
25 436 
25 448 
25 455 
25 463 
25 493 
25 494 
26 56 
26 68 
26 91 
26 131 
26 148 
26 173 
26 210 
26 377 
26 407 
26 412 
27 53 
27 111 
27 365 
27 489 
28 34 
28 168 
28 243 
28 255 
28 284 
28 487 
29 42 
29 51 
29 64 
29 72 
29 84 
29 92 
29 98 
29 103 
29 107 
29 122 
29 132 
29 165 
29 179 
29 185 
29 188 
29 228 
29 237 
29 262 
29 300 
29 314 
29 329 
29 364 
29 470 
30 40 
30 81 
30 150 
30 157 
30 181 
30 228 
30 271 
30 367 
30 426 
30 479 
31 125 
31 207 
31 218 
31 327 
31 425 
32 35 
32 46 
32 49 
32 75 
32 79 
32 83 
32 92 
32 115 
32 159 
32 224 
32 225 
32 241 
32 277 
32 376 
33 48 
33 59 
33 90 
33 133 
33 179 
33 186 
33 193 
33 240 
33 248 
33 263 
33 353 
33 372 
33 429 
33 431 
33 459 
34 61 
34 237 
34 263 
34 286 
34 306 
34 409 
35 63 
35 75 
35 117 
35 147 
35 220 
35 288 
35 414 
35 490 
37 124 
37 227 
37 299 
37 324 
37 363 
37 397 
37 491 
38 344 
38 443 
38 491 
38 494 
39 161 
39 265 
40 41 
40 50 
40 52 
40 54 
40 65 
40 71 
40 86 
40 88 
40 92 
40 149 
40 164 
40 166 
40 195 
40 260 
40 264 
40 285 
40 312 
40 330 
40 333 
40 366 
40 375 
40 440 
40 465 
40 466 
40 472 
40 495 
41 54 
41 89 
41 103 
41 121 
41 138 
41 151 
41 165 
41 176 
41 215 
41 231 
41 256 
41 317 
41 419 
41 453 
41 461 
41 497 
42 50 
42 101 
42 122 
42 181 
42 192 
42 217 
42 251 
42 284 
42 350 
42 434 
43 68 
43 74 
43 80 
43 105 
43 113 
43 131 
43 150 
43 183 
43 199 
43 211 
43 223 
43 230 
43 246 
43 261 
43 360 
43 371 
43 374 
43 376 
43 491 
44 87 
44 118 
44 192 
44 198 
44 228 
44 284 
44 316 
44 397 
44 398 
44 499 
45 47 
45 60 
45 78 
45 123 
45 129 
45 173 
45 398 
45 462 
46 55 
46 56 
46 62 
46 89 
46 124 
46 143 
46 214 
46 219 
46 328 
47 70 
47 79 
47 94 
47 240 
47 318 
48 53 
48 56 
48 73 
48 106 
48 109 
48 189 
48 207 
48 223 
48 285 
48 311 
48 317 
48 389 
48 415 
48 457 
48 463 
49 95 
49 118 
49 125 
49 130 
49 191 
49 407 
49 445 
50 61 
50 67 
50 100 
50 144 
50 165 
50 174 
50 175 
50 215 
50 282 
50 392 
50 396 
50 448 
50 472 
51 58 
51 60 
51 85 
51 117 
51 131 
51 145 
51 176 
51 183 
51 185 
51 205 
51 212 
51 234 
51 368 
51 374 
51 442 
51 448 
51 486 
52 55 
52 74 
52 86 
52 99 
52 112 
52 119 
52 142 
52 153 
52 155 
52 194 
52 198 
52 222 
52 251 
52 275 
52 297 
52 307 
52 332 
52 366 
52 376 
52 401 
52 410 
53 62 
53 202 
53 358 
53 428 
53 492 
54 57 
54 96 
54 102 
54 119 
54 209 
54 214 
54 238 
54 290 
54 360 
54 389 
54 396 
54 407 
54 414 
55 67 
55 171 
55 196 
55 273 
55 306 
55 309 
55 435 
56 75 
56 82 
56 124 
56 151 
56 156 
56 213 
56 269 
56 313 
56 395 
57 115 
57 139 
57 154 
57 193 
57 199 
57 201 
57 324 
57 363 
57 368 
57 428 
57 449 
58 78 
58 79 
58 109 
58 117 
58 129 
58 154 
58 157 
58 219 
58 257 
58 293 
58 300 
58 303 
58 337 
58 384 
58 408 
58 442 
58 449 
59 130 
59 159 
59 163 
59 171 
59 210 
59 333 
59 355 
60 97 
60 148 
60 167 
60 262 
60 304 
60 359 
60 390 
60 411 
60 453 
60 455 
60 485 
61 64 
61 66 
61 77 
61 99 
61 133 
61 141 
61 277 
61 283 
61 290 
61 297 
61 300 
61 369 
61 438 
61 480 
62 65 
62 168 
62 266 
62 380 
63 334 
64 95 
64 123 
64 130 
64 162 
64 208 
64 344 
65 264 
65 295 
65 400 
66 69 
66 365 
67 72 
67 147 
67 180 
67 196 
67 232 
67 272 
67 306 
67 380 
67 391 
67 454 
68 103 
68 166 
68 201 
69 81 
69 137 
69 147 
69 229 
69 233 
69 322 
69 381 
70 75 
70 94 
70 110 
70 187 
70 192 
70 224 
70 269 
70 295 
70 322 
70 432 
71 87 
71 97 
71 113 
71 139 
71 142 
71 170 
71 223 
71 308 
71 352 
71 366 
71 370 
71 377 
71 422 
72 121 
72 156 
72 164 
72 169 
72 373 
72 467 
72 495 
73 86 
73 125 
73 154 
73 308 
73 316 
73 323 
73 334 
73 488 
74 92 
74 142 
74 209 
74 267 
75 146 
76 231 
76 325 
76 382 
76 402 
77 88 
77 132 
77 353 
78 93 
78 128 
78 135 
78 158 
79 176 
79 436 
79 454 
79 496 
80 95 
80 259 
81 246 
82 122 
82 318 
82 461 
83 213 
83 304 
83 429 
84 104 
84 187 
84 303 
84 370 
85 124 
85 127 
85 178 
85 186 
85 258 
85 263 
85 357 
85 385 
85 391 
85 460 
85 485 
86 91 
86 98 
86 108 
86 153 
86 229 
86 276 
86 297 
86 323 
86 499 
87 112 
87 118 
87 246 
87 489 
88 100 
88 109 
88 126 
88 202 
88 204 
88 205 
88 351 
88 427 
89 384 
89 492 
90 100 
90 101 
90 109 
90 235 
90 374 
90 429 
91 101 
91 116 
91 150 
91 188 
91 194 
91 218 
91 222 
91 223 
91 281 
91 338 
91 381 
91 384 
91 479 
91 499 
92 104 
92 177 
92 202 
92 258 
92 343 
92 453 
93 215 
93 275 
93 342 
93 347 
94 107 
94 312 
94 378 
94 397 
94 401 
94 457 
94 467 
95 159 
95 204 
95 281 
95 363 
96 163 
96 225 
97 347 
97 361 
98 140 
98 184 
98 204 
98 206 
98 216 
98 244 
98 266 
98 302 
98 486 
99 114 
99 162 
99 302 
99 310 
99 340 
100 106 
100 111 
100 286 
100 320 
101 133 
101 164 
101 172 
101 211 
101 257 
101 274 
101 345 
102 121 
102 166 
102 190 
102 239 
102 286 
102 362 
103 203 
103 229 
103 254 
103 393 
103 458 
104 158 
104 200 
104 221 
104 235 
105 126 
105 298 
106 110 
106 126 
106 182 
106 190 
106 260 
106 272 
106 292 
106 341 
106 393 
106 439 
106 479 
107 121 
107 175 
107 256 
107 365 
107 421 
107 439 
108 111 
108 137 
108 197 
108 227 
108 232 
108 319 
108 477 
108 484 
109 255 
110 177 
110 213 
110 278 
110 329 
110 423 
110 444 
110 477 
112 167 
112 245 
113 194 
113 284 
113 298 
113 327 
113 369 
113 492 
114 205 
114 210 
114 218 
114 300 
114 332 
114 447 
114 456 
115 123 
115 180 
115 200 
115 331 
115 387 
115 410 
116 196 
116 221 
116 282 
117 128 
117 144 
117 209 
117 240 
117 241 
117 244 
117 280 
117 289 
117 359 
117 461 
118 136 
118 249 
118 267 
118 283 
118 445 
118 446 
118 467 
119 140 
119 141 
119 171 
119 203 
119 219 
119 298 
119 338 
119 395 
119 403 
119 418 
119 488 
120 129 
120 136 
121 134 
121 142 
121 155 
122 135 
122 191 
122 279 
122 307 
122 311 
123 132 
123 378 
124 134 
124 162 
124 172 
124 281 
124 314 
125 367 
126 148 
126 169 
126 244 
126 265 
126 446 
127 185 
127 195 
127 237 
127 381 
127 387 
128 189 
128 268 
128 277 
128 364 
128 379 
129 186 
129 253 
129 266 
129 347 
130 145 
130 178 
130 217 
130 230 
131 387 
131 411 
132 219 
132 268 
132 428 
132 480 
133 139 
133 214 
133 252 
133 325 
133 331 
133 456 
134 161 
135 273 
135 296 
135 418 
136 305 
136 495 
138 234 
138 315 
138 316 
138 375 
140 239 
140 433 
140 442 
140 462 
141 239 
141 417 
142 169 
142 377 
143 154 
143 181 
143 268 
143 348 
143 404 
143 491 
144 404 
144 476 
144 479 
145 231 
145 252 
145 318 
145 351 
145 430 
146 226 
146 234 
146 321 
146 341 
146 440 
146 466 
147 254 
147 394 
147 413 
147 431 
148 468 
149 158 
149 160 
149 183 
149 188 
149 212 
149 264 
149 371 
149 406 
149 423 
149 470 
149 478 
150 430 
150 478 
151 225 
151 287 
151 421 
151 427 
152 160 
153 221 
154 343 
155 171 
155 257 
155 306 
155 483 
157 348 
158 181 
158 232 
158 239 
158 283 
158 321 
158 331 
158 345 
158 438 
159 170 
159 188 
159 201 
159 236 
159 382 
159 493 
160 220 
160 250 
160 349 
160 354 
160 487 
161 178 
161 237 
161 348 
161 423 
161 432 
162 163 
162 244 
163 280 
163 340 
164 408 
165 214 
165 298 
165 378 
165 394 
165 473 
166 253 
166 315 
166 353 
167 355 
168 182 
168 339 
168 413 
168 430 
168 436 
168 452 
168 466 
170 229 
170 292 
170 293 
170 415 
170 447 
170 454 
170 472 
171 189 
171 259 
171 266 
171 337 
171 347 
171 370 
171 418 
172 246 
173 276 
173 456 
174 197 
174 212 
174 399 
174 414 
175 176 
175 248 
175 340 
176 178 
176 326 
176 390 
178 194 
178 386 
179 234 
179 255 
179 450 
181 220 
181 344 
182 193 
182 226 
182 248 
182 258 
182 269 
182 391 
182 498 
183 227 
183 299 
183 459 
184 185 
184 197 
184 388 
185 349 
186 401 
188 322 
188 338 
188 379 
189 232 
189 327 
189 329 
189 350 
189 418 
189 428 
189 459 
190 200 
190 238 
190 277 
190 294 
190 402 
190 481 
193 361 
195 241 
195 429 
196 291 
197 247 
198 290 
198 369 
198 383 
198 393 
199 241 
199 352 
199 358 
201 233 
201 271 
201 405 
201 434 
202 208 
202 245 
202 294 
202 315 
202 464 
203 272 
203 280 
203 282 
203 309 
203 351 
203 468 
205 257 
206 384 
206 497 
208 274 
208 441 
208 459 
211 346 
211 383 
211 476 
211 478 
212 250 
212 287 
212 475 
214 247 
214 292 
214 489 
215 253 
216 230 
218 249 
219 324 
220 243 
221 242 
221 270 
221 326 
222 248 
222 250 
222 336 
223 233 
223 273 
223 297 
223 309 
223 421 
224 261 
224 274 
224 380 
224 391 
224 474 
224 482 
225 325 
225 341 
225 421 
225 441 
226 250 
226 372 
227 255 
227 267 
227 481 
228 316 
228 413 
228 416 
230 245 
230 317 
230 498 
231 320 
233 288 
233 434 
234 279 
234 437 
234 496 
235 265 
235 409 
235 419 
236 252 
236 482 
237 296 
237 464 
237 468 
238 269 
238 285 
239 394 
240 420 
241 328 
241 494 
242 396 
244 267 
244 274 
244 339 
245 441 
245 471 
246 445 
247 312 
247 452 
247 475 
248 490 
249 484 
250 387 
253 259 
253 287 
253 292 
253 406 
253 449 
254 332 
254 356 
255 358 
255 499 
257 276 
257 343 
257 345 
257 425 
258 472 
259 416 
260 321 
261 444 
263 285 
263 323 
263 335 
263 383 
264 311 
265 295 
265 371 
265 379 
265 482 
266 476 
268 291 
268 333 
268 374 
269 279 
270 281 
270 328 
270 446 
270 474 
270 485 
272 473 
274 319 
278 352 
278 354 
279 286 
279 290 
280 375 
281 361 
284 493 
285 307 
285 369 
286 330 
286 415 
288 416 
289 330 
290 444 
293 355 
295 400 
297 336 
300 367 
300 435 
301 320 
307 396 
307 468 
308 319 
308 393 
308 471 
309 362 
309 392 
309 395 
310 411 
313 379 
314 434 
317 443 
318 352 
318 392 
318 440 
320 497 
321 335 
322 442 
323 420 
324 427 
324 432 
324 485 
327 337 
329 401 
330 342 
330 483 
331 457 
332 388 
332 439 
334 363 
334 403 
335 416 
336 420 
337 487 
338 409 
340 462 
341 451 
342 356 
345 447 
347 419 
347 437 
349 385 
350 433 
351 426 
353 388 
353 403 
353 456 
354 451 
355 373 
356 460 
357 370 
357 477 
358 372 
358 489 
359 399 
359 444 
360 392 
362 498 
363 463 
366 412 
367 402 
372 426 
373 490 
374 382 
374 498 
375 475 
377 423 
378 484 
379 437 
381 431 
381 471 
386 473 
387 414 
387 443 
388 425 
388 443 
391 410 
391 432 
392 470 
393 422 
397 410 
398 417 
399 486 
409 447 
410 448 
411 413 
411 474 
411 487 
413 483 
414 424 
416 465 
417 426 
425 450 
426 465 
427 433 
432 457 
438 454 
445 452 
447 473 
448 475 
465 469 
490 497 
