false
false
500
1988
0 1 
0 3 
0 4 
0 5 
0 6 
0 7 
0 8 
0 10 
0 12 
0 13 
0 14 
0 15 
0 17 
0 24 
0 25 
0 26 
0 28 
0 29 
0 43 
0 44 
0 45 
0 50 
0 51 
0 57 
0 61 
0 63 
0 74 
0 75 
0 77 
0 78 
0 88 
0 89 
0 90 
0 96 
0 98 
0 101 
0 112 
0 120 
0 121 
0 122 
0 125 
0 126 
0 129 
0 130 
0 137 
0 138 
0 139 
0 144 
0 156 
0 162 
0 164 
0 167 
0 172 
0 177 
0 178 
0 181 
0 182 
0 183 
0 198 
0 203 
0 210 
0 221 
0 222 
0 223 
0 243 
0 248 
0 250 
0 255 
0 258 
0 281 
0 283 
0 296 
0 309 
0 326 
0 328 
0 329 
0 332 
0 342 
0 346 
0 350 
0 366 
0 372 
0 375 
0 381 
0 384 
0 395 
0 399 
0 400 
0 404 
0 410 
0 411 
0 420 
0 427 
0 429 
0 440 
0 444 
0 456 
0 460 
0 468 
0 478 
0 493 
1 2 
1 4 
1 5 
1 7 
1 8 
1 9 
1 10 
1 16 
1 20 
1 23 
1 24 
1 27 
1 29 
1 33 
1 37 
1 38 
1 43 
1 49 
1 52 
1 58 
1 61 
1 68 
1 69 
1 70 
1 81 
1 84 
1 91 
1 106 
1 126 
1 155 
1 204 
1 205 
1 210 
1 217 
1 228 
1 257 
1 263 
1 274 
1 315 
1 323 
1 329 
1 340 
1 356 
1 369 
1 409 
1 430 
1 468 
1 475 
2 3 
2 4 
2 6 
2 12 
2 13 
2 17 
2 21 
2 22 
2 27 
2 31 
2 35 
2 39 
2 41 
2 42 
2 47 
2 64 
2 73 
2 81 
2 88 
2 99 
2 124 
2 168 
2 177 
2 193 
2 237 
2 259 
2 276 
2 294 
2 298 
2 305 
2 327 
2 395 
2 406 
2 417 
2 455 
2 465 
2 475 
3 4 
3 5 
3 16 
3 24 
3 42 
3 57 
3 59 
3 75 
3 82 
3 83 
3 103 
3 105 
3 116 
3 139 
3 143 
3 163 
3 171 
3 173 
3 176 
3 189 
3 201 
3 219 
3 220 
3 264 
3 475 
4 5 
4 6 
4 7 
4 9 
4 11 
4 12 
4 13 
4 17 
4 18 
4 19 
4 21 
4 25 
4 28 
4 30 
4 33 
4 34 
4 38 
4 40 
4 41 
4 44 
4 47 
4 48 
4 52 
4 53 
4 57 
4 60 
4 84 
4 85 
4 86 
4 92 
4 95 
4 99 
4 107 
4 114 
4 117 
4 123 
4 125 
4 147 
4 158 
4 163 
4 170 
4 171 
4 187 
4 189 
4 191 
4 192 
4 194 
4 195 
4 222 
4 228 
4 230 
4 232 
4 239 
4 245 
4 248 
4 279 
4 282 
4 304 
4 315 
4 327 
4 334 
4 336 
4 344 
4 347 
4 408 
4 420 
4 439 
4 441 
4 449 
4 457 
4 458 
4 473 
4 498 
5 6 
5 13 
5 14 
5 15 
5 19 
5 23 
5 24 
5 29 
5 33 
5 37 
5 40 
5 48 
5 51 
5 60 
5 69 
5 72 
5 74 
5 78 
5 85 
5 97 
5 104 
5 117 
5 120 
5 134 
5 154 
5 167 
5 181 
5 185 
5 189 
5 195 
5 199 
5 211 
5 214 
5 223 
5 224 
5 242 
5 245 
5 247 
5 272 
5 297 
5 303 
5 321 
5 328 
5 348 
5 349 
5 380 
5 381 
5 392 
5 395 
5 442 
5 454 
6 7 
6 8 
6 9 
6 10 
6 11 
6 12 
6 14 
6 17 
6 23 
6 28 
6 30 
6 49 
6 59 
6 61 
6 67 
6 74 
6 76 
6 79 
6 99 
6 104 
6 152 
6 156 
6 162 
6 167 
6 204 
6 214 
6 233 
6 279 
6 320 
6 324 
6 347 
6 353 
6 361 
6 364 
6 368 
6 375 
6 379 
6 401 
6 413 
6 439 
6 441 
6 472 
7 8 
7 16 
7 20 
7 31 
7 36 
7 45 
7 59 
7 62 
7 64 
7 67 
7 73 
7 80 
7 84 
7 105 
7 108 
7 109 
7 113 
7 115 
7 117 
7 120 
7 123 
7 125 
7 127 
7 150 
7 161 
7 201 
7 220 
7 222 
7 224 
7 252 
7 284 
7 288 
7 302 
7 320 
7 325 
7 343 
7 352 
7 393 
7 425 
7 446 
7 473 
8 9 
8 10 
8 11 
8 19 
8 20 
8 21 
8 22 
8 34 
8 36 
8 44 
8 49 
8 56 
8 65 
8 66 
8 77 
8 78 
8 95 
8 100 
8 130 
8 132 
8 135 
8 136 
8 150 
8 161 
8 165 
8 166 
8 171 
8 175 
8 198 
8 199 
8 202 
8 203 
8 234 
8 243 
8 244 
8 256 
8 259 
8 268 
8 297 
8 311 
8 326 
8 378 
8 454 
8 486 
8 489 
8 490 
8 498 
9 14 
9 26 
9 39 
9 135 
9 284 
9 301 
9 330 
9 398 
9 484 
10 11 
10 16 
10 31 
10 35 
10 37 
10 47 
10 70 
10 93 
10 101 
10 132 
10 137 
10 143 
10 174 
10 175 
10 222 
10 245 
10 315 
10 403 
10 438 
10 463 
10 467 
11 29 
11 53 
11 60 
11 62 
11 116 
11 124 
11 128 
11 129 
11 158 
11 161 
11 165 
11 217 
11 268 
11 302 
11 304 
11 319 
11 339 
11 362 
11 374 
12 18 
12 54 
12 88 
12 107 
12 145 
12 178 
12 344 
12 493 
13 15 
13 18 
13 22 
13 46 
13 86 
13 121 
13 122 
13 161 
13 244 
13 300 
13 488 
14 15 
14 18 
14 22 
14 23 
14 25 
14 30 
14 67 
14 77 
14 81 
14 102 
14 104 
14 194 
14 204 
14 209 
14 305 
14 307 
14 362 
15 20 
15 36 
15 39 
15 55 
15 70 
15 79 
15 83 
15 104 
15 116 
15 118 
15 128 
15 157 
15 188 
15 213 
15 273 
15 287 
15 333 
15 345 
15 355 
15 384 
15 425 
15 466 
15 472 
16 102 
16 155 
16 166 
16 183 
16 258 
16 287 
16 345 
16 379 
16 395 
16 453 
16 499 
17 19 
17 21 
17 26 
17 30 
17 32 
17 38 
17 51 
17 56 
17 58 
17 82 
17 89 
17 114 
17 120 
17 140 
17 142 
17 148 
17 166 
17 167 
17 182 
17 200 
17 234 
17 241 
17 267 
17 275 
17 276 
17 280 
17 354 
17 389 
17 390 
17 392 
17 414 
17 470 
17 473 
17 479 
18 35 
18 41 
18 44 
18 76 
18 79 
18 85 
18 91 
18 98 
18 128 
18 134 
18 178 
18 197 
18 220 
18 251 
18 255 
18 269 
18 323 
18 417 
18 484 
18 488 
19 27 
19 31 
19 41 
19 80 
19 83 
19 128 
19 148 
19 153 
19 190 
19 193 
19 211 
19 215 
19 260 
19 318 
20 32 
20 47 
20 51 
20 56 
20 64 
20 70 
20 73 
20 79 
20 130 
20 131 
20 208 
20 214 
20 216 
20 220 
20 228 
20 274 
20 309 
20 343 
20 417 
20 419 
21 36 
21 63 
21 71 
21 86 
21 118 
21 168 
21 171 
21 172 
21 264 
21 267 
21 277 
21 316 
21 343 
21 345 
21 364 
21 422 
21 479 
22 28 
22 32 
22 38 
22 53 
22 55 
22 69 
22 75 
22 76 
22 81 
22 91 
22 101 
22 110 
22 116 
22 123 
22 133 
22 164 
22 181 
22 278 
22 286 
22 287 
22 290 
22 316 
22 329 
22 376 
22 401 
22 476 
22 492 
23 25 
23 27 
23 45 
23 49 
23 93 
23 98 
23 113 
23 136 
23 139 
23 168 
23 218 
23 239 
23 249 
23 268 
23 296 
23 340 
23 363 
23 426 
23 435 
23 462 
23 494 
24 26 
24 40 
24 43 
24 52 
24 53 
24 54 
24 113 
24 119 
24 123 
24 125 
24 160 
24 162 
24 181 
24 200 
24 202 
24 205 
24 217 
24 257 
24 270 
24 279 
24 293 
24 344 
24 363 
24 365 
24 419 
24 420 
24 425 
24 451 
24 478 
24 483 
24 487 
24 499 
25 43 
25 58 
25 66 
25 90 
25 96 
25 102 
25 107 
25 122 
25 133 
25 135 
25 159 
25 160 
25 185 
25 194 
25 201 
25 210 
25 229 
25 298 
25 342 
25 380 
25 389 
25 406 
25 449 
25 462 
25 477 
26 39 
26 163 
26 169 
26 232 
26 403 
27 42 
27 54 
27 71 
27 153 
27 208 
27 372 
27 396 
27 398 
27 409 
27 485 
28 34 
28 46 
28 52 
28 59 
28 69 
28 110 
28 111 
28 154 
28 175 
28 205 
28 206 
28 207 
28 285 
28 332 
28 401 
28 449 
29 122 
29 156 
29 179 
29 203 
29 229 
29 320 
29 350 
29 381 
29 431 
29 490 
30 32 
30 33 
30 82 
30 97 
30 143 
30 144 
30 259 
30 266 
30 324 
30 383 
31 60 
31 61 
31 90 
31 101 
31 112 
31 147 
31 152 
31 165 
31 185 
31 342 
32 34 
32 37 
32 46 
32 71 
32 80 
32 108 
32 121 
32 174 
32 359 
33 172 
33 186 
33 235 
33 293 
33 397 
34 35 
34 48 
34 135 
34 157 
34 164 
34 170 
34 221 
34 264 
34 282 
34 284 
34 322 
34 338 
34 353 
34 357 
35 93 
35 149 
35 331 
35 341 
35 408 
35 450 
35 455 
35 460 
35 472 
36 45 
36 158 
36 169 
36 179 
36 186 
36 192 
36 265 
36 348 
36 385 
36 469 
37 131 
37 170 
37 252 
37 301 
37 438 
37 481 
38 40 
38 42 
38 50 
38 58 
38 65 
38 91 
38 103 
38 187 
38 296 
38 297 
38 309 
38 317 
38 339 
38 368 
38 381 
38 382 
38 405 
38 486 
38 491 
39 152 
39 170 
39 178 
39 476 
40 48 
40 50 
40 67 
40 75 
40 95 
40 108 
40 118 
40 160 
40 173 
40 212 
40 221 
40 354 
41 50 
41 87 
41 141 
41 154 
41 239 
41 308 
41 339 
41 399 
41 496 
42 55 
42 68 
42 111 
42 124 
42 127 
42 182 
42 191 
42 203 
42 211 
42 235 
42 277 
42 294 
42 295 
42 351 
42 424 
42 480 
43 46 
43 62 
43 76 
43 124 
43 197 
43 263 
43 409 
43 458 
44 100 
44 105 
44 106 
44 115 
44 119 
44 212 
44 328 
44 348 
44 414 
45 180 
45 320 
45 347 
45 350 
45 392 
45 412 
45 447 
45 491 
46 107 
46 402 
46 475 
47 63 
47 80 
47 97 
47 209 
47 465 
47 473 
48 146 
48 366 
48 402 
48 422 
48 469 
49 55 
49 56 
49 73 
49 85 
49 94 
49 106 
49 114 
49 115 
49 138 
49 151 
49 168 
49 227 
49 231 
49 236 
49 238 
49 240 
49 271 
49 274 
49 288 
49 355 
49 371 
49 386 
49 412 
49 427 
49 430 
49 459 
49 480 
50 62 
50 151 
50 234 
50 250 
50 260 
50 268 
50 321 
50 353 
50 390 
50 431 
50 444 
50 452 
51 66 
51 92 
51 157 
51 251 
51 345 
51 421 
52 54 
52 71 
52 72 
52 249 
52 299 
52 385 
53 63 
53 65 
53 68 
53 74 
53 82 
53 90 
53 98 
53 136 
53 141 
53 145 
53 159 
53 190 
53 202 
53 219 
53 226 
53 232 
53 247 
53 265 
53 286 
53 305 
53 310 
53 341 
53 346 
53 394 
53 404 
53 410 
53 413 
53 426 
53 436 
53 446 
53 454 
53 471 
53 479 
53 494 
54 64 
54 72 
54 84 
54 87 
54 103 
54 113 
54 206 
54 213 
54 291 
54 339 
54 374 
54 407 
54 436 
55 57 
55 386 
55 415 
55 477 
56 68 
56 126 
56 140 
56 218 
56 227 
56 337 
56 356 
57 72 
57 99 
57 274 
57 445 
57 452 
58 89 
58 109 
58 131 
58 159 
58 223 
58 356 
58 358 
58 391 
58 496 
59 97 
59 142 
59 219 
59 241 
59 387 
59 477 
60 66 
60 77 
60 87 
60 106 
60 119 
60 126 
60 137 
60 138 
60 144 
60 229 
60 266 
60 281 
60 358 
60 363 
60 447 
60 450 
60 492 
61 176 
61 199 
61 206 
61 207 
61 465 
62 65 
62 86 
62 147 
62 253 
62 254 
62 310 
62 313 
62 387 
62 442 
63 94 
63 166 
63 169 
63 352 
63 369 
64 87 
64 88 
64 96 
64 148 
64 183 
64 185 
64 242 
64 265 
64 273 
64 333 
64 367 
64 372 
64 376 
64 396 
64 403 
64 404 
64 422 
64 429 
64 436 
64 438 
65 94 
65 149 
65 155 
65 164 
65 219 
65 238 
65 273 
65 332 
66 133 
66 329 
66 472 
67 132 
67 134 
67 158 
67 160 
67 282 
67 287 
67 305 
67 414 
68 112 
68 193 
68 264 
68 301 
68 341 
68 387 
68 427 
69 176 
69 215 
69 285 
69 291 
69 303 
69 317 
69 407 
70 83 
70 153 
70 175 
70 212 
70 238 
70 292 
70 361 
70 369 
70 388 
70 396 
70 437 
71 100 
71 231 
71 252 
72 196 
72 295 
72 313 
72 358 
72 439 
73 78 
73 312 
73 330 
73 355 
73 366 
73 367 
73 415 
73 428 
73 433 
73 489 
75 247 
75 302 
75 327 
75 499 
76 151 
76 233 
76 333 
76 418 
77 157 
77 324 
77 402 
78 333 
79 93 
79 176 
79 297 
79 433 
80 134 
80 184 
80 277 
80 332 
81 111 
81 141 
81 250 
81 254 
81 314 
82 96 
82 155 
82 193 
82 240 
82 261 
82 300 
82 330 
82 405 
82 431 
82 463 
82 477 
83 100 
83 112 
83 209 
83 331 
83 375 
84 92 
84 94 
84 349 
84 494 
85 92 
85 154 
85 209 
85 309 
85 321 
85 433 
85 455 
86 89 
86 95 
86 180 
86 226 
86 244 
86 256 
86 306 
86 448 
87 103 
87 129 
87 132 
87 136 
87 196 
87 253 
87 257 
87 263 
87 270 
87 325 
87 375 
87 383 
87 433 
87 495 
88 243 
89 105 
89 118 
89 140 
89 153 
89 262 
89 306 
89 357 
89 370 
89 393 
90 198 
90 256 
90 418 
91 117 
91 271 
91 397 
91 461 
92 147 
92 212 
92 289 
92 298 
92 453 
93 102 
93 109 
93 133 
93 145 
93 146 
93 174 
93 184 
93 188 
93 204 
93 226 
93 280 
93 302 
93 335 
93 336 
93 337 
93 338 
93 372 
93 374 
94 119 
94 200 
94 244 
94 311 
94 378 
95 131 
95 188 
95 225 
95 299 
95 394 
95 397 
95 445 
96 142 
97 110 
97 205 
97 249 
97 273 
97 290 
97 401 
97 452 
97 476 
98 215 
98 237 
98 245 
98 441 
98 459 
98 460 
99 108 
99 109 
99 110 
99 130 
99 149 
99 151 
99 266 
99 272 
99 289 
99 334 
99 427 
100 230 
101 111 
101 383 
101 434 
102 173 
102 177 
102 187 
102 190 
102 235 
102 260 
102 281 
102 325 
102 384 
102 429 
102 464 
103 138 
103 247 
103 406 
103 426 
103 431 
104 121 
104 292 
104 306 
105 115 
105 159 
105 169 
105 173 
105 207 
105 254 
105 283 
105 415 
105 492 
106 216 
107 127 
107 295 
107 414 
108 195 
108 331 
108 456 
109 368 
109 489 
110 187 
110 240 
110 252 
110 253 
110 262 
110 265 
110 272 
110 409 
112 114 
112 150 
112 179 
112 202 
112 217 
112 371 
113 307 
114 356 
114 451 
115 182 
115 271 
115 366 
116 127 
116 137 
116 144 
116 146 
116 314 
116 416 
116 487 
117 347 
117 493 
118 478 
120 142 
120 214 
120 292 
120 438 
120 492 
122 179 
122 423 
123 129 
123 234 
123 304 
124 177 
124 186 
124 192 
124 242 
124 323 
124 376 
124 400 
124 480 
125 149 
125 259 
125 266 
125 388 
126 143 
126 194 
126 335 
127 240 
127 267 
127 276 
127 292 
127 365 
127 418 
127 467 
127 470 
127 491 
128 180 
128 255 
128 388 
128 461 
129 141 
129 312 
129 391 
130 386 
130 496 
131 216 
131 485 
132 251 
132 262 
132 371 
132 373 
132 489 
133 163 
133 294 
133 408 
134 139 
134 148 
134 184 
134 218 
134 231 
134 236 
134 246 
134 269 
134 291 
134 312 
134 316 
134 326 
134 337 
134 362 
134 365 
134 377 
134 404 
134 448 
134 464 
135 140 
135 150 
135 269 
135 307 
135 323 
135 394 
136 213 
136 225 
136 421 
137 146 
137 156 
137 208 
137 224 
137 262 
137 277 
137 278 
137 303 
137 490 
138 390 
140 196 
140 440 
141 174 
141 225 
141 250 
141 285 
141 369 
142 211 
142 230 
142 236 
142 249 
142 289 
142 373 
143 162 
143 481 
144 145 
144 248 
144 258 
144 315 
144 378 
144 384 
144 403 
144 426 
144 488 
144 498 
145 186 
145 233 
145 290 
145 303 
145 344 
145 423 
146 314 
146 367 
146 417 
146 420 
146 463 
149 152 
149 189 
149 197 
149 236 
149 311 
149 348 
149 370 
150 310 
150 318 
150 429 
151 235 
153 180 
153 188 
153 216 
153 257 
153 261 
153 288 
153 461 
154 231 
155 241 
156 350 
157 207 
157 278 
157 354 
157 430 
158 293 
159 191 
161 210 
162 430 
162 456 
162 464 
163 405 
163 421 
164 165 
164 192 
164 321 
164 377 
165 200 
165 243 
165 304 
165 357 
165 360 
166 208 
166 450 
167 184 
167 196 
167 199 
167 351 
167 390 
167 444 
167 467 
167 496 
168 183 
168 191 
168 218 
168 261 
168 413 
168 474 
169 197 
169 308 
170 172 
170 195 
170 198 
170 227 
170 254 
170 272 
170 377 
170 379 
170 469 
171 226 
171 336 
171 355 
171 463 
172 399 
172 435 
172 447 
172 466 
172 468 
173 419 
173 490 
174 449 
175 206 
176 238 
177 215 
177 336 
178 352 
179 230 
179 276 
179 296 
179 306 
179 405 
179 462 
180 225 
181 190 
181 312 
181 343 
181 371 
182 241 
182 271 
183 251 
185 279 
185 319 
185 360 
185 361 
186 232 
187 237 
187 282 
188 351 
188 418 
189 322 
189 368 
189 481 
190 201 
190 346 
190 370 
191 213 
191 310 
191 412 
191 484 
192 299 
193 253 
193 275 
193 280 
193 367 
193 398 
193 432 
193 436 
193 443 
194 288 
194 360 
195 227 
196 228 
196 382 
196 460 
197 408 
198 300 
198 469 
198 471 
199 340 
200 437 
201 237 
201 316 
201 442 
202 233 
202 451 
203 229 
203 398 
203 400 
203 471 
204 263 
204 299 
204 334 
204 474 
206 246 
206 476 
207 239 
207 246 
207 280 
207 432 
207 467 
208 221 
208 283 
208 393 
208 410 
208 416 
208 462 
210 389 
211 289 
212 440 
213 223 
213 242 
213 295 
213 453 
213 498 
215 335 
216 248 
216 286 
216 380 
216 388 
217 284 
217 357 
219 335 
219 399 
219 439 
219 458 
220 422 
221 407 
221 423 
221 497 
222 318 
223 224 
223 346 
223 359 
224 380 
225 260 
226 256 
226 385 
226 470 
227 258 
227 362 
227 432 
229 269 
229 275 
230 311 
230 437 
232 278 
235 465 
236 267 
236 379 
236 479 
237 353 
238 246 
239 291 
240 270 
240 281 
240 290 
240 423 
240 482 
241 374 
242 328 
243 319 
243 428 
244 393 
248 447 
249 261 
249 275 
249 317 
249 322 
249 352 
252 293 
252 327 
252 358 
253 338 
253 442 
254 255 
254 364 
256 286 
256 318 
256 389 
258 351 
258 415 
259 445 
260 270 
261 425 
262 285 
262 446 
263 370 
265 432 
267 448 
268 308 
269 301 
269 373 
270 434 
271 298 
271 428 
272 359 
272 443 
273 283 
273 434 
274 342 
276 313 
276 441 
277 391 
278 331 
279 313 
279 322 
285 326 
285 377 
285 428 
285 457 
286 294 
286 308 
286 485 
287 434 
288 300 
292 413 
294 359 
296 324 
298 360 
298 363 
298 470 
299 354 
299 478 
304 330 
304 376 
305 307 
305 459 
306 317 
306 338 
311 314 
311 394 
313 378 
313 396 
313 446 
315 325 
317 364 
317 412 
317 466 
317 480 
318 319 
318 334 
318 361 
318 397 
318 411 
318 486 
323 464 
324 337 
326 349 
327 454 
329 340 
329 407 
330 349 
331 341 
331 456 
335 443 
340 443 
341 483 
342 461 
342 474 
343 471 
347 495 
348 457 
348 485 
349 385 
349 424 
353 373 
354 410 
354 495 
356 424 
356 444 
358 365 
360 382 
363 382 
364 392 
366 416 
366 445 
368 481 
376 452 
377 383 
377 458 
377 499 
378 411 
378 457 
379 487 
380 387 
380 482 
381 386 
381 400 
383 391 
384 494 
388 459 
388 487 
389 416 
389 483 
390 402 
390 468 
392 497 
394 450 
395 406 
395 419 
395 421 
395 435 
395 448 
396 488 
397 495 
399 411 
401 424 
403 482 
404 451 
406 453 
407 435 
409 437 
409 466 
417 474 
418 455 
422 440 
445 497 
446 491 
446 497 
447 486 
452 493 
460 484 
471 482 
477 483 
