false
false
500
1988
0 1 
0 3 
0 4 
0 5 
0 8 
0 11 
0 13 
0 14 
0 16 
0 17 
0 37 
0 38 
0 45 
0 50 
0 56 
0 60 
0 97 
0 108 
0 124 
0 127 
0 129 
0 144 
0 148 
0 174 
0 196 
0 206 
0 219 
0 221 
0 253 
0 257 
0 285 
0 288 
0 301 
0 337 
0 417 
1 2 
1 4 
1 5 
1 6 
1 7 
1 9 
1 28 
1 29 
1 43 
1 56 
1 59 
1 64 
1 67 
1 87 
1 95 
1 98 
1 109 
1 110 
1 131 
1 149 
1 151 
1 153 
1 165 
1 177 
1 181 
1 209 
1 218 
1 222 
1 257 
1 258 
1 261 
1 270 
1 275 
1 359 
1 373 
1 387 
1 390 
1 401 
1 447 
1 462 
1 471 
1 499 
2 3 
2 4 
2 7 
2 8 
2 9 
2 10 
2 11 
2 15 
2 19 
2 21 
2 23 
2 26 
2 27 
2 32 
2 38 
2 42 
2 44 
2 50 
2 54 
2 55 
2 62 
2 63 
2 71 
2 77 
2 85 
2 86 
2 88 
2 89 
2 104 
2 105 
2 110 
2 120 
2 123 
2 126 
2 140 
2 154 
2 164 
2 167 
2 179 
2 186 
2 194 
2 202 
2 222 
2 239 
2 261 
2 264 
2 272 
2 274 
2 312 
2 321 
2 331 
2 338 
2 346 
2 356 
2 357 
2 365 
2 367 
2 388 
2 390 
2 421 
2 422 
2 428 
2 436 
2 457 
2 465 
2 481 
2 483 
3 4 
3 5 
3 6 
3 8 
3 9 
3 11 
3 12 
3 13 
3 14 
3 15 
3 16 
3 17 
3 20 
3 23 
3 24 
3 27 
3 35 
3 37 
3 41 
3 43 
3 47 
3 49 
3 59 
3 60 
3 66 
3 68 
3 69 
3 86 
3 88 
3 104 
3 108 
3 121 
3 122 
3 128 
3 136 
3 146 
3 183 
3 197 
3 207 
3 209 
3 212 
3 237 
3 261 
3 262 
3 271 
3 279 
3 287 
3 294 
3 303 
3 321 
3 326 
3 332 
3 333 
3 345 
3 350 
3 356 
3 362 
3 372 
3 376 
3 386 
3 391 
3 393 
3 415 
3 452 
3 454 
3 460 
3 479 
3 489 
3 490 
4 5 
4 6 
4 7 
4 24 
4 27 
4 30 
4 33 
4 41 
4 65 
4 73 
4 78 
4 85 
4 99 
4 100 
4 108 
4 112 
4 134 
4 135 
4 151 
4 190 
4 201 
4 246 
4 268 
4 274 
4 297 
4 301 
4 310 
4 313 
4 351 
4 355 
4 363 
4 383 
4 385 
4 397 
4 403 
4 411 
4 421 
4 427 
4 456 
4 495 
5 6 
5 7 
5 8 
5 9 
5 10 
5 11 
5 12 
5 13 
5 14 
5 16 
5 18 
5 19 
5 21 
5 23 
5 24 
5 25 
5 30 
5 32 
5 34 
5 36 
5 38 
5 41 
5 48 
5 49 
5 52 
5 53 
5 56 
5 58 
5 62 
5 65 
5 72 
5 74 
5 76 
5 79 
5 83 
5 86 
5 94 
5 108 
5 136 
5 141 
5 144 
5 150 
5 153 
5 156 
5 161 
5 162 
5 169 
5 172 
5 175 
5 178 
5 180 
5 202 
5 210 
5 241 
5 243 
5 248 
5 263 
5 269 
5 273 
5 287 
5 307 
5 316 
5 347 
5 389 
5 408 
5 411 
5 436 
5 437 
5 439 
5 453 
5 455 
5 476 
5 477 
6 22 
6 33 
6 40 
6 48 
6 57 
6 69 
6 75 
6 119 
6 148 
6 152 
6 181 
6 210 
6 224 
6 233 
6 236 
6 256 
6 302 
6 323 
6 380 
6 430 
7 10 
7 13 
7 18 
7 19 
7 21 
7 25 
7 30 
7 31 
7 35 
7 36 
7 40 
7 44 
7 51 
7 65 
7 71 
7 78 
7 84 
7 86 
7 93 
7 96 
7 98 
7 114 
7 133 
7 134 
7 137 
7 145 
7 166 
7 168 
7 169 
7 177 
7 182 
7 201 
7 211 
7 213 
7 220 
7 223 
7 225 
7 227 
7 235 
7 313 
7 324 
7 346 
7 354 
7 389 
7 391 
7 420 
7 438 
7 453 
7 462 
7 463 
7 464 
7 472 
7 494 
8 14 
8 20 
8 28 
8 34 
8 40 
8 44 
8 55 
8 60 
8 75 
8 105 
8 109 
8 112 
8 115 
8 130 
8 193 
8 207 
8 213 
8 215 
8 230 
8 243 
8 258 
8 296 
8 305 
8 320 
8 325 
8 338 
8 349 
8 372 
8 402 
8 428 
8 460 
8 467 
8 472 
8 478 
9 10 
9 15 
9 17 
9 18 
9 19 
9 22 
9 26 
9 32 
9 33 
9 46 
9 51 
9 64 
9 82 
9 91 
9 94 
9 96 
9 99 
9 110 
9 129 
9 139 
9 159 
9 188 
9 189 
9 209 
9 212 
9 234 
9 244 
9 258 
9 261 
9 306 
9 315 
9 316 
9 317 
9 326 
9 343 
9 368 
9 385 
9 412 
9 416 
9 432 
9 449 
9 468 
9 475 
10 12 
10 29 
10 48 
10 61 
10 93 
10 113 
10 120 
10 121 
10 136 
10 140 
10 150 
10 163 
10 173 
10 183 
10 194 
10 223 
10 240 
10 280 
10 294 
10 299 
10 321 
10 329 
10 382 
10 391 
10 405 
10 459 
10 474 
10 479 
10 496 
10 498 
11 12 
11 31 
11 36 
11 38 
11 43 
11 78 
11 80 
11 101 
11 141 
11 144 
11 149 
11 172 
11 191 
11 219 
11 246 
11 346 
11 398 
11 416 
11 443 
11 470 
11 473 
11 496 
12 15 
12 18 
12 21 
12 22 
12 28 
12 31 
12 40 
12 44 
12 53 
12 56 
12 63 
12 69 
12 84 
12 95 
12 105 
12 133 
12 135 
12 139 
12 149 
12 157 
12 167 
12 173 
12 179 
12 200 
12 202 
12 214 
12 222 
12 227 
12 275 
12 318 
12 319 
12 345 
12 364 
12 447 
12 465 
12 469 
12 497 
13 16 
13 17 
13 24 
13 34 
13 43 
13 45 
13 49 
13 83 
13 87 
13 90 
13 94 
13 113 
13 117 
13 129 
13 132 
13 174 
13 175 
13 183 
13 184 
13 264 
13 283 
13 295 
13 300 
13 333 
13 353 
13 357 
13 368 
13 429 
13 442 
13 447 
13 459 
13 482 
13 488 
13 494 
13 498 
14 28 
14 54 
14 88 
14 98 
14 126 
14 222 
14 286 
14 339 
14 363 
14 438 
14 486 
15 42 
15 91 
15 127 
15 149 
15 231 
15 269 
15 292 
15 315 
15 316 
15 385 
16 20 
16 22 
16 27 
16 32 
16 33 
16 35 
16 57 
16 58 
16 64 
16 68 
16 99 
16 113 
16 122 
16 128 
16 129 
16 171 
16 178 
16 197 
16 199 
16 209 
16 214 
16 224 
16 243 
16 256 
16 290 
16 325 
16 326 
16 327 
16 450 
16 485 
17 20 
17 25 
17 55 
17 59 
17 61 
17 76 
17 79 
17 80 
17 106 
17 147 
17 161 
17 182 
17 188 
17 194 
17 229 
17 244 
17 301 
17 315 
17 369 
17 373 
17 401 
17 409 
17 427 
17 449 
17 492 
17 495 
18 39 
18 42 
18 102 
18 118 
18 133 
18 145 
18 185 
18 197 
18 226 
18 249 
18 266 
18 305 
18 325 
18 407 
18 408 
18 454 
19 25 
19 51 
19 74 
19 81 
19 91 
19 120 
19 134 
19 157 
19 227 
19 334 
19 351 
20 26 
20 45 
20 63 
20 142 
20 225 
20 232 
20 333 
20 414 
20 446 
20 498 
21 23 
21 47 
21 62 
21 68 
21 77 
21 126 
21 155 
21 187 
21 205 
21 262 
21 366 
21 401 
21 408 
21 435 
21 456 
22 31 
22 45 
22 64 
22 90 
22 93 
22 105 
22 115 
22 123 
22 124 
22 282 
22 309 
22 335 
22 381 
22 448 
23 50 
23 141 
23 148 
23 189 
23 203 
23 299 
23 329 
23 376 
23 413 
23 424 
23 491 
24 26 
24 58 
24 70 
24 114 
24 125 
24 241 
24 284 
24 420 
24 474 
25 39 
25 48 
25 57 
25 61 
25 67 
25 72 
25 89 
25 112 
25 132 
25 164 
25 208 
25 224 
25 247 
25 292 
25 298 
25 299 
25 300 
25 317 
25 344 
25 352 
25 356 
25 381 
25 402 
25 414 
25 434 
25 467 
25 486 
25 488 
26 29 
26 37 
26 39 
26 42 
26 46 
26 52 
26 53 
26 61 
26 70 
26 71 
26 97 
26 107 
26 117 
26 156 
26 165 
26 229 
26 308 
26 345 
26 347 
26 360 
26 383 
26 395 
26 430 
26 437 
27 29 
27 35 
27 41 
27 52 
27 57 
27 67 
27 72 
27 81 
27 118 
27 158 
27 162 
27 179 
27 186 
27 198 
27 244 
27 251 
27 288 
27 307 
27 324 
27 328 
27 351 
27 410 
27 418 
27 452 
27 499 
28 39 
28 87 
28 95 
28 109 
28 116 
28 123 
28 152 
28 153 
28 220 
28 225 
28 226 
28 259 
28 382 
28 411 
28 439 
29 30 
29 36 
29 46 
29 47 
29 55 
29 72 
29 87 
29 101 
29 102 
29 132 
29 147 
29 158 
29 195 
29 196 
29 212 
29 232 
29 233 
29 240 
29 268 
29 272 
29 275 
29 276 
29 382 
29 444 
29 453 
29 491 
30 89 
30 98 
30 102 
30 138 
30 248 
30 250 
30 305 
30 371 
31 69 
31 115 
31 217 
32 34 
32 54 
32 66 
32 76 
32 83 
32 85 
32 114 
32 137 
32 138 
32 147 
32 152 
32 172 
32 235 
32 249 
32 256 
32 257 
32 280 
32 281 
32 296 
32 311 
32 327 
32 364 
32 373 
32 422 
32 431 
32 456 
32 474 
32 490 
32 497 
33 47 
33 79 
33 111 
33 166 
33 182 
33 207 
33 415 
34 37 
34 75 
34 77 
34 81 
34 97 
34 117 
34 140 
34 148 
34 214 
34 218 
34 233 
34 286 
34 342 
34 378 
34 416 
34 435 
35 92 
35 101 
35 120 
35 160 
35 293 
35 331 
35 341 
35 462 
36 46 
36 66 
36 73 
36 93 
36 119 
36 208 
36 228 
36 296 
36 324 
36 388 
36 460 
36 484 
37 63 
37 82 
37 143 
37 145 
37 175 
37 188 
37 197 
37 199 
37 204 
37 234 
37 312 
37 332 
37 364 
37 399 
37 406 
38 65 
38 73 
38 110 
38 171 
38 291 
38 304 
38 336 
38 355 
38 369 
38 417 
39 125 
39 165 
39 265 
39 350 
39 376 
39 405 
40 104 
40 122 
40 145 
40 164 
40 419 
41 66 
41 81 
41 84 
41 164 
41 210 
41 270 
41 317 
41 330 
41 335 
41 398 
42 76 
42 398 
42 413 
42 480 
43 50 
43 60 
43 70 
43 77 
43 78 
43 82 
43 100 
43 200 
43 210 
43 269 
43 279 
43 309 
43 319 
43 354 
43 402 
43 407 
44 49 
44 158 
44 437 
44 440 
45 51 
45 80 
45 146 
45 159 
45 264 
45 422 
46 128 
46 141 
46 240 
46 360 
46 362 
46 419 
47 54 
47 58 
47 90 
47 103 
47 130 
47 151 
47 175 
47 252 
47 255 
47 274 
47 312 
47 485 
48 53 
48 59 
48 90 
48 277 
48 318 
48 363 
48 392 
48 395 
48 399 
49 62 
49 103 
49 187 
49 438 
50 52 
50 67 
50 96 
50 118 
50 139 
50 159 
50 162 
50 170 
50 205 
50 216 
50 220 
50 253 
50 259 
50 265 
50 334 
50 355 
50 371 
50 445 
50 473 
50 480 
51 68 
51 73 
51 88 
51 89 
51 95 
51 102 
51 104 
51 121 
51 156 
51 157 
51 159 
51 185 
51 196 
51 198 
51 262 
51 273 
51 274 
51 289 
51 290 
51 303 
51 311 
51 341 
51 376 
51 387 
51 412 
51 416 
51 442 
52 126 
52 235 
52 255 
52 288 
52 321 
52 398 
52 414 
53 109 
53 142 
53 172 
53 191 
53 232 
53 247 
53 267 
53 333 
53 334 
53 480 
54 80 
54 92 
54 134 
54 241 
54 252 
54 282 
54 357 
54 426 
54 494 
55 83 
55 127 
55 136 
55 336 
55 410 
56 133 
56 142 
56 166 
56 281 
57 82 
57 97 
57 138 
57 143 
57 190 
57 238 
57 282 
57 350 
57 383 
57 389 
57 401 
57 417 
57 495 
58 94 
58 111 
58 160 
58 213 
58 244 
58 368 
58 370 
58 392 
58 396 
58 428 
58 438 
59 100 
60 92 
60 100 
60 262 
60 289 
60 320 
60 431 
61 143 
61 300 
61 359 
61 481 
61 482 
61 483 
62 70 
62 113 
62 128 
62 151 
62 168 
62 184 
62 397 
63 107 
63 180 
63 186 
63 242 
63 371 
63 389 
63 400 
64 186 
64 268 
64 332 
65 492 
66 75 
66 375 
66 481 
67 74 
67 116 
67 147 
67 155 
67 160 
67 248 
67 270 
67 380 
67 427 
67 451 
68 74 
68 144 
68 156 
68 199 
68 263 
68 377 
68 420 
68 440 
68 489 
69 111 
69 153 
69 218 
69 264 
69 344 
69 372 
69 448 
69 451 
70 71 
70 155 
70 189 
70 216 
70 247 
70 314 
70 463 
70 481 
71 285 
71 287 
71 302 
71 404 
72 119 
72 165 
72 289 
72 359 
73 127 
73 348 
73 477 
74 91 
74 124 
74 161 
74 177 
74 245 
74 251 
74 286 
74 406 
74 465 
75 101 
75 155 
75 170 
75 238 
75 419 
76 79 
76 92 
76 125 
76 162 
76 221 
76 257 
76 302 
76 368 
77 280 
77 303 
77 374 
77 405 
77 413 
78 131 
78 259 
78 298 
78 468 
79 478 
80 201 
80 219 
80 358 
81 154 
81 176 
81 198 
81 202 
81 255 
81 278 
81 312 
81 378 
81 380 
81 455 
82 84 
82 118 
82 123 
82 336 
82 413 
82 470 
82 483 
83 179 
83 247 
84 85 
84 116 
84 260 
84 374 
85 106 
85 146 
85 185 
85 309 
85 349 
85 405 
86 99 
86 237 
86 295 
86 396 
86 494 
87 124 
87 137 
88 103 
88 229 
88 269 
88 291 
88 294 
88 314 
88 323 
88 335 
88 358 
88 360 
88 362 
88 373 
88 386 
89 111 
89 117 
89 135 
89 142 
89 166 
89 170 
89 211 
89 234 
89 293 
89 455 
90 96 
90 103 
90 163 
90 167 
90 235 
91 139 
91 143 
91 171 
91 198 
91 200 
91 212 
91 357 
91 428 
91 473 
91 484 
91 496 
92 467 
93 115 
93 152 
93 213 
93 391 
94 178 
94 180 
94 239 
94 425 
94 477 
95 254 
96 338 
97 138 
97 485 
98 106 
98 107 
98 173 
98 193 
98 208 
98 280 
98 340 
98 464 
99 225 
99 231 
99 409 
99 457 
100 187 
100 201 
100 425 
101 137 
101 167 
101 171 
101 192 
101 322 
101 349 
101 384 
101 410 
102 107 
102 169 
102 260 
102 336 
103 196 
103 240 
103 266 
103 322 
103 347 
104 106 
104 154 
104 231 
104 243 
104 311 
105 178 
105 203 
105 226 
105 230 
105 249 
105 250 
105 256 
105 430 
105 472 
105 487 
106 140 
106 181 
106 195 
106 205 
106 330 
106 346 
107 170 
107 372 
107 382 
108 135 
108 176 
108 369 
108 429 
110 112 
110 116 
110 131 
110 160 
110 182 
110 271 
110 304 
110 315 
110 392 
110 468 
111 158 
111 163 
111 174 
111 190 
111 195 
111 284 
111 288 
111 306 
111 445 
112 181 
113 114 
113 122 
113 125 
113 130 
113 189 
113 205 
113 216 
113 232 
113 267 
113 343 
113 386 
113 407 
113 476 
113 497 
114 206 
114 265 
114 396 
114 404 
115 119 
115 163 
115 282 
115 306 
115 354 
115 440 
115 485 
116 130 
116 223 
116 285 
116 337 
116 355 
116 400 
117 228 
117 271 
117 339 
117 441 
117 446 
118 203 
118 241 
118 449 
119 121 
119 193 
119 199 
119 242 
119 319 
120 188 
120 245 
120 322 
120 370 
120 488 
121 168 
121 193 
121 219 
121 237 
121 297 
122 131 
122 229 
122 283 
122 340 
122 363 
123 366 
124 285 
124 361 
124 426 
125 154 
125 226 
125 253 
125 281 
125 289 
125 352 
125 450 
125 493 
126 132 
126 223 
126 295 
126 403 
126 404 
127 177 
127 221 
127 260 
127 271 
127 276 
127 374 
127 392 
127 433 
127 476 
128 305 
128 439 
128 444 
130 367 
131 431 
132 192 
132 354 
132 403 
133 423 
134 369 
136 146 
136 187 
136 211 
136 338 
136 434 
136 466 
137 169 
137 208 
137 353 
137 478 
137 484 
138 157 
138 224 
138 379 
139 314 
139 415 
140 150 
140 227 
140 327 
140 370 
141 307 
142 217 
142 233 
142 329 
142 498 
143 211 
144 150 
144 180 
144 283 
144 443 
144 469 
146 183 
146 191 
146 204 
146 394 
146 397 
146 468 
148 267 
149 176 
150 228 
150 394 
150 445 
151 176 
151 203 
151 258 
151 421 
151 432 
151 442 
152 407 
152 436 
152 461 
152 493 
153 184 
153 217 
153 260 
153 306 
153 387 
154 347 
155 276 
156 297 
156 299 
156 403 
157 218 
157 251 
157 254 
157 272 
157 412 
157 452 
158 191 
158 206 
158 228 
158 272 
158 294 
158 409 
158 426 
159 161 
159 168 
159 206 
159 301 
159 340 
159 426 
160 216 
160 217 
160 283 
160 344 
160 431 
160 467 
161 174 
161 236 
161 239 
161 278 
161 332 
161 396 
161 423 
162 173 
162 459 
163 268 
163 290 
165 215 
165 254 
165 322 
165 384 
165 385 
166 236 
166 245 
166 250 
166 277 
167 458 
168 361 
168 450 
169 231 
169 313 
169 316 
169 474 
170 441 
171 304 
172 185 
172 194 
172 328 
172 358 
172 433 
173 184 
173 204 
173 250 
174 242 
175 252 
175 402 
175 446 
176 190 
176 239 
176 253 
176 278 
176 326 
176 330 
176 353 
176 393 
176 427 
176 457 
176 499 
177 236 
178 342 
181 423 
182 252 
183 417 
183 425 
184 341 
184 400 
184 484 
185 192 
185 276 
185 441 
186 204 
186 414 
186 433 
187 192 
187 245 
187 246 
187 251 
187 270 
187 341 
187 381 
187 446 
188 452 
190 230 
190 320 
190 479 
190 483 
191 234 
191 275 
193 195 
193 284 
193 314 
193 381 
194 237 
195 200 
196 214 
196 267 
196 348 
196 379 
196 388 
196 465 
197 374 
198 207 
198 492 
199 367 
200 337 
200 384 
201 215 
201 290 
201 304 
201 489 
202 441 
202 461 
203 221 
203 444 
204 230 
204 238 
204 318 
205 278 
205 310 
206 379 
206 395 
206 453 
207 242 
207 295 
209 343 
209 356 
209 379 
210 293 
210 444 
211 387 
211 450 
212 486 
213 215 
213 266 
213 292 
214 220 
214 361 
214 375 
214 478 
215 455 
216 249 
218 281 
218 284 
218 323 
218 365 
218 383 
218 406 
219 246 
219 248 
219 300 
219 394 
221 448 
222 331 
223 263 
223 364 
224 259 
224 489 
225 303 
225 352 
225 466 
225 488 
226 255 
226 266 
226 286 
226 342 
226 475 
227 456 
228 263 
228 377 
230 277 
230 308 
230 339 
231 279 
232 279 
233 296 
233 350 
233 432 
236 254 
237 238 
237 366 
237 473 
239 287 
239 308 
239 323 
239 324 
239 443 
240 291 
241 331 
242 298 
245 325 
245 418 
248 328 
249 328 
249 360 
249 422 
250 320 
250 395 
251 367 
251 423 
252 265 
252 348 
252 424 
253 471 
254 384 
255 293 
255 461 
259 393 
261 277 
261 302 
262 340 
262 492 
263 308 
263 317 
264 319 
265 378 
265 412 
267 411 
269 273 
270 297 
270 418 
272 273 
272 292 
272 442 
273 464 
274 362 
274 458 
274 487 
275 352 
276 310 
276 313 
277 351 
279 298 
284 318 
284 337 
284 366 
284 378 
284 380 
284 496 
285 291 
285 482 
287 334 
287 335 
288 424 
288 458 
288 486 
289 461 
290 309 
290 353 
290 370 
290 443 
292 471 
292 491 
293 393 
294 330 
296 310 
298 329 
298 418 
298 449 
299 358 
300 365 
304 361 
305 399 
305 451 
306 307 
306 311 
306 436 
307 377 
307 448 
307 469 
308 344 
308 388 
308 397 
308 435 
308 454 
308 490 
309 375 
310 342 
313 327 
314 365 
316 343 
316 487 
317 460 
317 470 
318 424 
319 429 
319 463 
322 471 
323 345 
324 339 
325 390 
325 437 
326 386 
328 475 
330 408 
330 415 
330 429 
332 410 
333 399 
333 435 
334 458 
335 447 
335 466 
336 390 
336 394 
336 490 
337 348 
341 359 
344 476 
346 469 
347 349 
347 404 
347 420 
348 377 
349 430 
350 400 
350 406 
351 375 
351 466 
351 487 
360 434 
363 371 
364 434 
365 493 
366 451 
366 497 
375 419 
386 432 
388 491 
392 457 
393 439 
393 440 
393 454 
398 464 
400 463 
400 482 
403 445 
404 462 
407 409 
416 433 
416 479 
417 421 
417 425 
425 475 
432 495 
434 459 
435 477 
450 470 
461 472 
474 480 
483 499 
484 493 
