false
false
500
1988
0 1 
0 3 
0 4 
0 5 
0 6 
0 7 
0 8 
0 9 
0 16 
0 17 
0 20 
0 25 
0 34 
0 39 
0 43 
0 48 
0 49 
0 51 
0 64 
0 65 
0 74 
0 76 
0 94 
0 97 
0 104 
0 105 
0 115 
0 116 
0 144 
0 154 
0 159 
0 169 
0 170 
0 182 
0 219 
0 224 
0 235 
0 263 
0 272 
0 273 
0 282 
0 292 
0 297 
0 308 
0 335 
0 403 
0 429 
0 433 
0 462 
1 2 
1 4 
1 5 
1 7 
1 9 
1 10 
1 13 
1 14 
1 16 
1 20 
1 21 
1 24 
1 26 
1 30 
1 32 
1 35 
1 41 
1 42 
1 49 
1 50 
1 54 
1 55 
1 72 
1 82 
1 86 
1 87 
1 89 
1 90 
1 93 
1 99 
1 100 
1 105 
1 111 
1 113 
1 151 
1 176 
1 181 
1 191 
1 203 
1 229 
1 243 
1 259 
1 268 
1 279 
1 299 
1 314 
1 331 
1 340 
1 382 
1 440 
1 475 
1 482 
2 3 
2 4 
2 6 
2 7 
2 8 
2 10 
2 12 
2 17 
2 21 
2 23 
2 24 
2 29 
2 31 
2 32 
2 34 
2 37 
2 41 
2 42 
2 45 
2 61 
2 62 
2 66 
2 96 
2 102 
2 103 
2 104 
2 122 
2 135 
2 139 
2 149 
2 160 
2 167 
2 174 
2 175 
2 183 
2 191 
2 200 
2 224 
2 247 
2 253 
2 280 
2 282 
2 308 
2 323 
2 325 
2 333 
2 334 
2 380 
2 386 
2 402 
2 405 
2 425 
2 433 
2 437 
2 448 
2 470 
3 4 
3 5 
3 11 
3 15 
3 33 
3 35 
3 57 
3 60 
3 72 
3 77 
3 136 
3 166 
3 169 
3 193 
3 200 
3 204 
3 248 
3 252 
3 276 
3 278 
3 289 
3 298 
3 324 
3 353 
3 355 
3 365 
3 371 
3 383 
3 405 
3 483 
4 5 
4 6 
4 7 
4 8 
4 10 
4 12 
4 17 
4 21 
4 22 
4 23 
4 26 
4 27 
4 28 
4 34 
4 35 
4 37 
4 47 
4 50 
4 51 
4 69 
4 76 
4 77 
4 80 
4 81 
4 89 
4 99 
4 101 
4 109 
4 122 
4 127 
4 130 
4 131 
4 138 
4 140 
4 158 
4 165 
4 171 
4 194 
4 196 
4 210 
4 236 
4 240 
4 242 
4 249 
4 253 
4 270 
4 276 
4 306 
4 331 
4 364 
4 383 
4 395 
4 397 
4 429 
4 480 
5 6 
5 10 
5 12 
5 13 
5 14 
5 18 
5 21 
5 22 
5 27 
5 29 
5 30 
5 31 
5 36 
5 45 
5 51 
5 53 
5 56 
5 59 
5 63 
5 69 
5 71 
5 75 
5 78 
5 82 
5 99 
5 103 
5 104 
5 114 
5 115 
5 118 
5 135 
5 136 
5 146 
5 184 
5 188 
5 201 
5 212 
5 213 
5 238 
5 253 
5 270 
5 275 
5 283 
5 290 
5 295 
5 300 
5 330 
5 356 
5 359 
5 373 
5 432 
5 445 
5 451 
5 494 
6 8 
6 9 
6 11 
6 13 
6 15 
6 19 
6 25 
6 28 
6 30 
6 33 
6 52 
6 60 
6 64 
6 68 
6 70 
6 87 
6 121 
6 127 
6 129 
6 130 
6 153 
6 160 
6 164 
6 167 
6 177 
6 188 
6 197 
6 204 
6 210 
6 211 
6 217 
6 229 
6 231 
6 233 
6 258 
6 313 
6 337 
6 339 
6 346 
6 354 
6 383 
6 435 
6 444 
6 469 
6 480 
7 11 
7 44 
7 47 
7 55 
7 73 
7 78 
7 80 
7 83 
7 85 
7 86 
7 107 
7 136 
7 172 
7 221 
7 228 
7 239 
7 241 
7 244 
7 258 
7 286 
7 298 
7 349 
7 385 
7 390 
7 399 
7 407 
7 434 
7 455 
7 471 
8 9 
8 22 
8 25 
8 42 
8 48 
8 60 
8 68 
8 77 
8 81 
8 95 
8 132 
8 138 
8 148 
8 160 
8 220 
8 246 
8 263 
8 306 
8 322 
8 323 
8 338 
8 351 
8 377 
8 384 
8 413 
8 439 
8 487 
9 11 
9 12 
9 13 
9 14 
9 15 
9 16 
9 33 
9 36 
9 46 
9 48 
9 49 
9 63 
9 80 
9 83 
9 85 
9 98 
9 101 
9 119 
9 120 
9 163 
9 173 
9 180 
9 189 
9 211 
9 233 
9 236 
9 276 
9 283 
9 285 
9 297 
9 310 
9 315 
9 332 
9 336 
9 351 
9 374 
9 376 
9 391 
9 403 
9 423 
9 474 
10 15 
10 18 
10 19 
10 23 
10 29 
10 37 
10 39 
10 52 
10 58 
10 62 
10 72 
10 74 
10 101 
10 109 
10 113 
10 124 
10 127 
10 136 
10 138 
10 139 
10 147 
10 152 
10 156 
10 158 
10 173 
10 179 
10 196 
10 217 
10 237 
10 238 
10 245 
10 248 
10 250 
10 271 
10 281 
10 336 
10 354 
10 355 
10 391 
10 402 
10 425 
10 430 
10 431 
10 493 
11 14 
11 18 
11 22 
11 24 
11 44 
11 50 
11 59 
11 82 
11 92 
11 100 
11 102 
11 106 
11 122 
11 144 
11 146 
11 150 
11 166 
11 174 
11 197 
11 212 
11 237 
11 254 
11 287 
11 292 
11 307 
11 323 
11 362 
11 417 
11 479 
11 483 
12 36 
12 40 
12 48 
12 55 
12 58 
12 70 
12 95 
12 109 
12 243 
12 302 
12 319 
13 20 
13 32 
13 40 
13 57 
13 62 
13 64 
13 65 
13 86 
13 90 
13 97 
13 153 
13 155 
13 173 
13 184 
13 193 
13 213 
13 245 
13 279 
13 317 
13 329 
13 352 
13 378 
13 416 
13 462 
13 477 
14 71 
14 123 
14 371 
14 439 
14 475 
15 16 
15 17 
15 18 
15 25 
15 26 
15 30 
15 38 
15 43 
15 56 
15 64 
15 66 
15 70 
15 79 
15 84 
15 86 
15 88 
15 91 
15 112 
15 116 
15 143 
15 149 
15 152 
15 153 
15 168 
15 196 
15 199 
15 205 
15 207 
15 215 
15 230 
15 235 
15 238 
15 266 
15 271 
15 272 
15 299 
15 355 
15 373 
15 420 
15 468 
15 469 
15 473 
15 484 
15 488 
15 489 
16 19 
16 27 
16 58 
16 68 
16 119 
16 187 
16 192 
16 215 
16 239 
17 19 
17 37 
17 39 
17 46 
17 62 
17 93 
17 115 
17 183 
17 246 
17 296 
17 434 
17 486 
18 20 
18 23 
18 32 
18 38 
18 44 
18 70 
18 78 
18 107 
18 119 
18 126 
18 129 
18 140 
18 145 
18 147 
18 172 
18 180 
18 182 
18 220 
18 224 
18 251 
18 310 
18 367 
18 404 
18 415 
18 434 
18 490 
18 491 
19 24 
19 26 
19 50 
19 57 
19 87 
19 89 
19 106 
19 137 
19 148 
19 173 
19 239 
19 275 
19 318 
19 343 
19 366 
19 391 
19 467 
19 492 
20 34 
20 56 
20 131 
21 69 
21 94 
21 150 
21 158 
21 188 
21 227 
21 265 
21 288 
21 298 
21 397 
21 444 
22 39 
22 77 
22 89 
22 96 
22 156 
22 178 
22 194 
22 229 
22 278 
22 305 
22 311 
22 360 
22 416 
22 461 
22 490 
23 190 
23 427 
24 27 
24 75 
24 170 
24 191 
24 328 
24 344 
25 28 
25 31 
25 41 
25 52 
25 54 
25 65 
25 67 
25 84 
25 91 
25 106 
25 127 
25 146 
25 163 
25 174 
25 265 
25 325 
25 326 
25 327 
25 427 
25 458 
26 28 
26 36 
26 46 
26 47 
26 52 
26 80 
26 96 
26 137 
26 183 
26 198 
26 221 
26 322 
26 326 
26 372 
26 418 
26 426 
26 460 
26 468 
27 31 
27 43 
27 45 
27 49 
27 53 
27 84 
27 93 
27 95 
27 107 
27 110 
27 116 
27 121 
27 125 
27 128 
27 147 
27 148 
27 199 
27 218 
27 246 
27 273 
27 284 
27 309 
27 333 
27 334 
27 372 
27 400 
27 404 
27 422 
27 480 
28 29 
28 38 
28 41 
28 45 
28 58 
28 66 
28 103 
28 109 
28 120 
28 124 
28 128 
28 137 
28 150 
28 151 
28 212 
28 228 
28 242 
28 302 
28 319 
28 370 
28 396 
28 407 
28 430 
28 437 
28 450 
28 457 
28 464 
28 466 
29 33 
29 54 
29 73 
29 108 
29 114 
29 133 
29 134 
29 139 
29 151 
29 218 
29 254 
29 315 
29 400 
29 425 
29 459 
30 67 
30 68 
30 121 
30 187 
30 214 
30 452 
31 55 
31 102 
31 154 
31 168 
31 212 
31 258 
31 368 
31 419 
31 420 
32 35 
32 38 
32 61 
32 114 
32 140 
32 311 
32 332 
32 448 
33 40 
33 42 
33 88 
33 124 
33 134 
33 195 
33 303 
33 349 
33 350 
33 395 
33 408 
33 446 
33 469 
33 470 
34 57 
34 59 
34 79 
34 157 
34 175 
34 183 
34 186 
34 198 
34 344 
34 478 
35 44 
35 63 
35 101 
35 244 
35 256 
35 267 
35 294 
35 389 
35 406 
35 440 
36 51 
36 98 
36 117 
36 201 
36 237 
36 353 
36 393 
37 63 
37 130 
37 159 
37 182 
37 185 
37 268 
37 308 
37 312 
37 313 
37 342 
37 347 
37 362 
38 40 
38 60 
38 66 
38 78 
38 340 
38 384 
39 146 
39 152 
39 227 
39 267 
39 289 
39 304 
39 329 
39 343 
40 43 
40 71 
40 216 
40 233 
40 278 
40 298 
40 431 
40 474 
41 61 
41 67 
41 84 
41 231 
41 257 
41 274 
41 482 
42 47 
42 74 
42 76 
42 106 
42 155 
42 181 
42 230 
42 303 
42 345 
42 358 
42 439 
42 445 
43 46 
43 145 
43 197 
43 206 
43 272 
43 334 
43 438 
43 490 
43 492 
44 72 
44 83 
44 110 
44 220 
44 279 
44 320 
44 321 
44 494 
45 53 
45 126 
45 202 
46 118 
46 124 
46 179 
46 217 
46 222 
46 259 
46 293 
46 299 
46 371 
46 411 
47 142 
47 154 
47 398 
48 53 
48 61 
48 81 
48 99 
48 108 
48 112 
48 205 
48 207 
48 316 
48 369 
48 386 
48 416 
48 424 
48 489 
49 56 
49 59 
49 74 
49 76 
49 87 
49 90 
49 91 
49 102 
49 104 
49 105 
49 115 
49 120 
49 125 
49 137 
49 142 
49 159 
49 165 
49 167 
49 215 
49 225 
49 240 
49 254 
49 289 
49 309 
49 312 
49 317 
49 321 
49 360 
49 436 
49 441 
49 478 
49 499 
50 54 
50 95 
50 226 
50 242 
50 280 
50 350 
50 382 
50 394 
50 406 
51 65 
51 67 
51 69 
51 75 
51 117 
51 156 
51 170 
51 214 
51 248 
51 398 
51 413 
52 121 
52 179 
52 187 
52 193 
52 233 
52 345 
52 446 
52 477 
53 206 
53 228 
55 118 
55 253 
55 313 
56 81 
56 85 
56 117 
56 282 
56 494 
57 90 
57 119 
57 151 
57 395 
58 97 
58 111 
58 153 
58 163 
58 225 
58 229 
58 238 
58 239 
58 309 
58 310 
58 383 
58 464 
59 199 
59 234 
59 264 
59 318 
59 389 
59 459 
59 467 
59 485 
60 110 
60 277 
60 329 
60 438 
60 493 
61 122 
61 148 
61 259 
61 269 
61 405 
62 131 
62 144 
62 157 
62 167 
62 186 
62 283 
62 333 
62 385 
62 400 
63 141 
63 162 
63 165 
63 189 
63 215 
63 255 
63 382 
63 392 
63 414 
64 411 
64 457 
65 88 
65 132 
65 142 
65 149 
65 203 
65 208 
65 283 
65 335 
65 374 
65 403 
65 447 
65 449 
65 496 
66 85 
66 108 
66 111 
66 186 
66 263 
66 342 
66 411 
67 73 
67 75 
67 79 
67 82 
67 88 
67 105 
67 128 
67 150 
67 156 
67 172 
67 177 
67 180 
67 225 
67 249 
67 257 
67 275 
67 287 
67 305 
67 321 
67 344 
67 348 
67 421 
67 437 
67 447 
67 472 
68 73 
68 110 
68 129 
68 132 
68 177 
68 181 
68 205 
68 208 
68 263 
68 285 
68 294 
68 376 
68 380 
68 393 
68 492 
69 428 
70 71 
70 92 
70 108 
70 157 
70 162 
70 207 
70 209 
70 242 
70 252 
70 328 
70 361 
70 364 
70 367 
70 372 
70 402 
71 94 
71 160 
71 170 
71 257 
71 319 
71 483 
71 494 
72 155 
72 224 
72 268 
72 485 
73 79 
73 92 
73 94 
73 132 
73 209 
73 216 
73 285 
73 322 
73 338 
73 370 
73 397 
73 450 
74 100 
74 113 
74 116 
74 134 
74 367 
74 496 
75 302 
75 441 
75 456 
76 83 
76 190 
76 226 
76 428 
77 93 
77 103 
77 178 
77 261 
77 355 
77 454 
78 145 
78 410 
79 98 
79 112 
79 143 
79 222 
79 244 
79 388 
79 410 
79 413 
80 171 
80 254 
81 135 
81 203 
81 217 
81 232 
81 256 
81 264 
81 386 
81 394 
82 234 
82 390 
83 91 
83 96 
83 107 
83 112 
83 117 
83 206 
83 341 
83 460 
84 114 
84 123 
84 133 
84 149 
84 247 
84 250 
84 381 
84 413 
84 498 
85 100 
85 225 
85 316 
85 435 
86 123 
86 178 
86 268 
86 293 
86 420 
86 442 
86 455 
87 111 
87 133 
87 208 
87 255 
87 294 
87 307 
87 381 
88 264 
88 306 
88 481 
88 487 
89 227 
89 261 
89 273 
89 394 
89 400 
89 449 
89 460 
89 463 
89 477 
89 496 
90 92 
90 152 
90 164 
90 250 
90 313 
90 325 
91 126 
91 177 
91 221 
91 270 
91 286 
91 348 
92 219 
92 285 
93 171 
93 197 
93 208 
93 216 
93 465 
93 473 
94 168 
94 214 
95 97 
95 98 
95 162 
95 214 
95 245 
95 295 
95 340 
95 472 
96 123 
96 157 
96 223 
96 262 
96 275 
96 307 
96 392 
96 408 
96 437 
96 491 
97 118 
97 129 
97 141 
97 246 
97 276 
97 320 
97 385 
97 388 
97 390 
97 423 
97 465 
98 192 
98 199 
98 265 
98 286 
98 301 
98 406 
99 125 
99 216 
99 330 
99 341 
99 477 
100 131 
100 143 
100 251 
100 260 
100 421 
101 139 
101 161 
101 184 
101 256 
101 366 
102 348 
102 362 
103 162 
103 185 
104 120 
104 200 
104 202 
104 374 
104 479 
105 144 
106 184 
106 195 
106 269 
106 338 
106 432 
106 486 
107 134 
107 261 
107 305 
107 343 
107 368 
107 420 
107 471 
107 491 
108 454 
108 486 
109 133 
109 198 
109 260 
109 261 
109 281 
109 337 
109 476 
109 492 
110 126 
110 141 
110 202 
110 301 
110 303 
110 353 
110 404 
110 449 
110 499 
111 138 
111 191 
111 255 
111 334 
111 377 
111 433 
111 452 
111 458 
112 113 
112 190 
112 417 
113 274 
113 320 
114 125 
114 161 
114 266 
114 274 
114 390 
114 449 
115 158 
115 204 
115 222 
115 226 
115 241 
115 450 
115 452 
116 128 
116 140 
116 380 
116 415 
116 422 
116 442 
116 479 
116 499 
117 130 
117 166 
117 260 
117 369 
117 370 
117 412 
117 466 
118 290 
118 467 
119 142 
119 198 
119 340 
119 364 
119 441 
120 135 
120 182 
120 273 
120 324 
120 435 
120 456 
120 497 
121 164 
121 372 
122 147 
122 185 
122 240 
122 241 
122 324 
123 284 
124 154 
124 180 
124 265 
124 314 
124 426 
125 174 
125 232 
125 252 
125 284 
125 347 
125 360 
125 433 
125 489 
125 498 
126 211 
126 284 
126 306 
126 365 
126 463 
127 176 
127 277 
129 243 
129 345 
129 365 
130 457 
130 475 
131 161 
131 169 
131 312 
131 314 
131 325 
131 332 
131 443 
132 318 
134 155 
134 169 
134 178 
134 220 
134 293 
135 145 
135 176 
135 219 
135 262 
135 287 
135 410 
135 418 
135 462 
136 218 
136 240 
136 267 
136 382 
136 487 
136 497 
137 161 
137 163 
137 230 
137 280 
137 378 
138 189 
138 232 
139 176 
139 281 
139 344 
139 402 
140 141 
140 207 
141 332 
142 143 
142 247 
142 347 
143 159 
144 227 
145 166 
145 195 
145 297 
146 243 
146 333 
146 428 
147 190 
147 358 
147 480 
148 189 
148 192 
148 244 
148 485 
149 194 
149 206 
149 256 
149 324 
149 446 
150 165 
150 181 
150 307 
150 311 
150 317 
151 164 
151 171 
151 193 
151 292 
151 387 
152 213 
152 401 
152 409 
152 424 
154 223 
154 236 
154 272 
154 335 
154 343 
154 376 
154 396 
156 172 
156 185 
156 286 
157 175 
157 288 
157 316 
157 436 
158 221 
158 291 
158 303 
158 427 
158 476 
159 188 
159 267 
159 317 
159 488 
160 168 
160 231 
160 338 
160 349 
160 496 
161 497 
162 175 
162 196 
162 259 
162 363 
162 410 
162 443 
163 192 
163 209 
163 210 
163 222 
163 297 
163 328 
163 431 
163 498 
164 179 
164 314 
164 329 
164 444 
165 476 
166 345 
166 407 
166 423 
166 482 
167 211 
167 359 
168 255 
169 346 
169 406 
169 411 
170 186 
170 201 
170 228 
170 354 
170 376 
171 249 
171 388 
172 266 
172 281 
172 470 
173 241 
173 288 
173 440 
173 448 
173 472 
174 375 
174 389 
175 237 
175 277 
176 187 
176 235 
176 277 
176 309 
177 210 
177 357 
178 350 
178 353 
178 426 
178 465 
179 209 
179 252 
179 270 
179 495 
180 369 
181 247 
181 279 
182 330 
182 444 
183 195 
184 457 
185 236 
185 350 
186 385 
186 481 
187 203 
187 426 
187 485 
188 204 
188 295 
188 495 
189 194 
189 296 
189 364 
189 443 
189 488 
190 200 
190 257 
190 315 
190 356 
190 361 
192 231 
192 291 
193 226 
193 278 
193 408 
194 201 
194 202 
194 205 
194 326 
197 359 
197 447 
198 235 
200 250 
200 262 
200 349 
200 414 
201 218 
201 300 
201 308 
201 328 
202 290 
202 327 
202 341 
203 213 
204 234 
204 260 
204 287 
204 290 
204 312 
205 223 
205 320 
206 318 
206 327 
207 386 
208 234 
208 271 
208 296 
208 384 
208 391 
209 330 
209 352 
209 401 
209 462 
210 230 
210 291 
211 271 
212 363 
212 421 
213 223 
213 282 
214 219 
214 342 
214 375 
214 499 
215 288 
215 424 
217 394 
217 424 
218 357 
218 379 
218 451 
218 458 
219 331 
219 366 
219 474 
221 484 
222 251 
222 291 
222 294 
222 464 
223 438 
225 422 
225 481 
226 299 
226 304 
226 381 
227 251 
227 262 
228 266 
228 296 
229 232 
229 369 
229 414 
231 460 
232 358 
233 357 
233 399 
233 414 
233 471 
234 310 
234 336 
234 465 
235 323 
236 374 
239 249 
239 346 
240 292 
240 326 
240 361 
240 419 
241 401 
241 409 
242 248 
243 245 
244 269 
244 439 
244 490 
245 315 
246 409 
247 375 
248 301 
248 379 
248 425 
248 429 
248 454 
251 388 
252 321 
252 356 
252 453 
253 295 
253 392 
254 339 
254 453 
255 280 
255 304 
256 258 
256 352 
259 269 
259 379 
260 339 
260 397 
261 468 
262 264 
262 300 
262 421 
263 311 
263 354 
263 405 
264 422 
265 274 
267 463 
268 387 
269 327 
269 393 
270 293 
270 418 
271 456 
273 305 
273 459 
274 381 
274 436 
274 466 
275 336 
277 289 
277 302 
277 347 
277 404 
277 459 
278 380 
278 399 
278 498 
279 351 
280 322 
280 377 
280 401 
281 300 
281 346 
281 415 
285 445 
285 452 
286 337 
288 304 
288 357 
288 396 
288 398 
288 427 
289 359 
289 423 
291 316 
291 339 
292 301 
292 368 
292 486 
293 319 
293 331 
294 351 
294 367 
295 428 
300 341 
301 398 
301 456 
301 482 
301 487 
302 377 
302 378 
302 446 
303 442 
304 417 
306 352 
307 362 
307 375 
307 432 
307 453 
308 389 
308 489 
310 373 
310 430 
310 458 
312 335 
312 393 
312 429 
313 366 
313 493 
315 358 
316 442 
317 368 
318 491 
319 403 
319 435 
319 451 
320 337 
320 387 
322 419 
323 342 
323 387 
323 418 
323 455 
324 363 
324 412 
324 453 
324 463 
324 497 
325 363 
326 466 
327 373 
328 348 
331 371 
331 474 
331 475 
332 407 
332 430 
332 476 
335 419 
337 392 
338 461 
338 468 
342 464 
342 467 
342 483 
343 365 
345 395 
346 396 
346 416 
349 399 
349 417 
351 495 
353 408 
355 356 
355 448 
358 360 
359 450 
360 361 
360 431 
362 484 
363 370 
368 379 
368 384 
368 441 
370 378 
373 415 
375 438 
375 454 
378 436 
378 451 
379 445 
389 432 
391 479 
395 409 
395 440 
396 447 
397 473 
398 412 
399 461 
403 412 
403 470 
408 434 
415 478 
417 469 
426 443 
434 472 
435 455 
438 471 
439 473 
443 481 
444 478 
451 461 
464 488 
465 484 
475 495 
485 493 
