false
false
500
1988
0 1 
0 3 
0 4 
0 5 
0 7 
0 8 
0 10 
0 12 
0 16 
0 17 
0 19 
0 29 
0 30 
0 36 
0 58 
0 68 
0 73 
0 76 
0 92 
0 93 
0 99 
0 115 
0 123 
0 135 
0 150 
0 154 
0 156 
0 169 
0 191 
0 213 
0 237 
0 244 
0 248 
0 269 
0 294 
0 330 
0 357 
0 379 
0 395 
0 433 
0 440 
1 2 
1 4 
1 5 
1 6 
1 9 
1 11 
1 15 
1 16 
1 27 
1 35 
1 51 
1 66 
1 86 
1 98 
1 105 
1 113 
1 124 
1 131 
1 143 
1 155 
1 169 
1 179 
1 187 
1 188 
1 192 
1 213 
1 231 
1 257 
1 266 
1 274 
1 284 
1 295 
1 300 
1 311 
1 314 
1 376 
1 392 
1 399 
1 408 
1 410 
1 412 
1 468 
2 3 
2 4 
2 5 
2 6 
2 7 
2 8 
2 9 
2 10 
2 11 
2 12 
2 13 
2 14 
2 17 
2 19 
2 22 
2 24 
2 26 
2 27 
2 29 
2 34 
2 37 
2 39 
2 42 
2 52 
2 63 
2 72 
2 76 
2 79 
2 83 
2 91 
2 104 
2 112 
2 124 
2 138 
2 143 
2 144 
2 146 
2 151 
2 160 
2 171 
2 175 
2 192 
2 203 
2 204 
2 209 
2 217 
2 225 
2 233 
2 234 
2 236 
2 241 
2 259 
2 268 
2 269 
2 274 
2 299 
2 320 
2 324 
2 328 
2 339 
2 344 
2 366 
2 378 
2 389 
2 393 
2 407 
2 409 
2 423 
2 425 
2 448 
2 458 
2 479 
2 499 
3 4 
3 6 
3 8 
3 12 
3 20 
3 21 
3 30 
3 84 
3 87 
3 119 
3 127 
3 131 
3 166 
3 200 
3 232 
3 247 
4 5 
4 6 
4 7 
4 9 
4 11 
4 14 
4 15 
4 19 
4 21 
4 23 
4 35 
4 39 
4 41 
4 42 
4 45 
4 50 
4 53 
4 55 
4 59 
4 61 
4 67 
4 69 
4 71 
4 73 
4 74 
4 78 
4 79 
4 81 
4 82 
4 83 
4 84 
4 85 
4 86 
4 90 
4 91 
4 92 
4 98 
4 107 
4 112 
4 114 
4 117 
4 125 
4 140 
4 142 
4 144 
4 147 
4 148 
4 149 
4 150 
4 161 
4 171 
4 172 
4 191 
4 193 
4 207 
4 229 
4 238 
4 243 
4 246 
4 254 
4 271 
4 274 
4 276 
4 280 
4 283 
4 292 
4 293 
4 294 
4 299 
4 307 
4 316 
4 335 
4 366 
4 368 
4 375 
4 377 
4 389 
4 393 
4 397 
4 406 
4 444 
4 458 
4 462 
4 466 
4 468 
4 483 
4 485 
4 492 
5 7 
5 8 
5 13 
5 17 
5 23 
5 24 
5 36 
5 39 
5 40 
5 45 
5 51 
5 53 
5 109 
5 115 
5 129 
5 149 
5 184 
5 188 
5 220 
5 279 
5 454 
5 466 
6 11 
6 15 
6 22 
6 24 
6 25 
6 31 
6 32 
6 34 
6 35 
6 36 
6 38 
6 42 
6 44 
6 46 
6 69 
6 75 
6 76 
6 77 
6 78 
6 84 
6 90 
6 93 
6 99 
6 110 
6 123 
6 127 
6 156 
6 159 
6 189 
6 195 
6 197 
6 200 
6 217 
6 228 
6 233 
6 242 
6 254 
6 275 
6 281 
6 291 
6 298 
6 312 
6 326 
6 329 
6 340 
6 341 
6 345 
6 353 
6 357 
6 358 
6 376 
6 384 
6 387 
6 389 
6 395 
6 422 
6 427 
6 428 
6 438 
6 468 
6 471 
6 492 
7 9 
7 14 
7 15 
7 17 
7 18 
7 21 
7 22 
7 25 
7 33 
7 37 
7 38 
7 54 
7 72 
7 77 
7 81 
7 89 
7 91 
7 102 
7 107 
7 130 
7 137 
7 141 
7 167 
7 170 
7 180 
7 186 
7 198 
7 203 
7 205 
7 211 
7 213 
7 222 
7 241 
7 244 
7 253 
7 275 
7 293 
7 315 
7 343 
7 349 
7 358 
7 360 
7 370 
7 378 
7 414 
7 450 
7 462 
7 472 
7 499 
8 10 
8 18 
8 29 
8 61 
8 96 
8 107 
8 113 
8 132 
8 140 
8 144 
8 163 
8 173 
8 182 
8 190 
8 196 
8 207 
8 223 
8 224 
8 228 
8 252 
8 253 
8 255 
8 268 
8 288 
8 323 
8 370 
8 476 
8 484 
9 10 
9 12 
9 13 
9 20 
9 44 
9 56 
9 72 
9 74 
9 121 
9 131 
9 155 
9 177 
9 197 
9 240 
9 268 
9 307 
9 339 
9 365 
9 374 
9 396 
9 409 
9 481 
10 13 
10 16 
10 18 
10 20 
10 28 
10 39 
10 41 
10 45 
10 47 
10 50 
10 57 
10 66 
10 67 
10 73 
10 97 
10 101 
10 110 
10 116 
10 143 
10 157 
10 165 
10 191 
10 205 
10 207 
10 214 
10 261 
10 265 
10 277 
10 290 
10 308 
10 317 
10 341 
10 382 
10 404 
10 405 
10 418 
10 449 
11 19 
11 30 
11 49 
11 58 
11 86 
11 196 
11 270 
11 331 
11 401 
11 434 
12 26 
12 27 
12 29 
12 32 
12 41 
12 71 
12 80 
12 98 
12 118 
12 121 
12 136 
12 146 
12 161 
12 168 
12 184 
12 197 
12 240 
12 261 
12 278 
12 343 
12 443 
13 14 
13 16 
13 25 
13 28 
13 47 
13 51 
13 70 
13 81 
13 110 
13 115 
13 128 
13 173 
13 176 
13 178 
13 182 
13 185 
13 198 
13 203 
13 260 
13 337 
13 347 
13 388 
13 398 
13 411 
14 25 
14 35 
14 75 
14 87 
14 111 
14 122 
14 145 
14 164 
14 193 
14 245 
14 271 
14 272 
14 287 
14 303 
14 311 
14 344 
14 389 
14 432 
14 463 
15 22 
15 23 
15 28 
15 48 
15 85 
15 88 
15 106 
15 121 
15 125 
15 221 
15 225 
15 262 
15 263 
15 322 
15 345 
15 369 
15 419 
15 430 
15 490 
16 33 
16 37 
16 54 
16 60 
16 80 
16 99 
16 119 
16 243 
16 249 
16 311 
16 371 
16 390 
16 460 
17 18 
17 21 
17 31 
17 38 
17 54 
17 55 
17 56 
17 65 
17 78 
17 104 
17 105 
17 163 
17 180 
17 194 
17 211 
17 261 
17 262 
17 309 
17 337 
17 418 
17 436 
17 444 
18 20 
18 67 
18 118 
18 150 
18 217 
18 256 
18 268 
18 287 
18 348 
18 374 
18 486 
19 24 
19 47 
19 113 
19 117 
19 138 
19 159 
19 337 
19 359 
19 369 
19 376 
19 432 
19 495 
20 23 
20 26 
20 32 
20 33 
20 49 
20 56 
20 60 
20 67 
20 97 
20 108 
20 141 
20 178 
20 192 
20 237 
20 248 
20 250 
20 256 
20 284 
20 298 
20 375 
20 401 
20 461 
20 476 
20 477 
21 28 
21 32 
21 34 
21 38 
21 46 
21 57 
21 68 
21 71 
21 74 
21 97 
21 153 
21 159 
21 161 
21 165 
21 184 
21 193 
21 201 
21 205 
21 307 
21 342 
21 400 
21 437 
21 442 
21 444 
21 463 
22 40 
22 74 
22 106 
22 120 
22 218 
22 258 
22 399 
22 402 
22 465 
23 27 
23 31 
23 50 
23 55 
23 58 
23 69 
23 75 
23 77 
23 107 
23 112 
23 124 
23 147 
23 167 
23 194 
23 222 
23 256 
23 305 
23 319 
23 396 
23 489 
24 30 
24 33 
24 48 
24 59 
24 91 
24 117 
24 133 
24 135 
24 141 
24 146 
24 164 
24 210 
24 238 
24 244 
24 251 
24 381 
24 383 
24 385 
24 387 
24 401 
24 437 
24 438 
24 497 
25 26 
25 37 
25 58 
25 60 
25 77 
25 117 
25 126 
25 176 
25 238 
25 314 
25 327 
25 331 
25 333 
25 349 
25 386 
25 413 
25 449 
25 470 
26 31 
26 44 
26 46 
26 49 
26 53 
26 70 
26 81 
26 87 
26 103 
26 121 
26 128 
26 289 
26 341 
26 429 
26 488 
27 40 
27 45 
27 48 
27 63 
27 65 
27 106 
27 249 
27 297 
27 322 
27 377 
27 414 
27 445 
27 473 
28 34 
28 46 
28 57 
28 65 
28 79 
28 113 
28 114 
28 131 
28 138 
28 145 
28 172 
28 210 
28 232 
28 262 
28 400 
28 436 
28 476 
29 47 
29 52 
29 94 
29 111 
29 132 
29 214 
29 226 
29 236 
29 242 
29 243 
29 309 
29 316 
29 350 
29 359 
29 400 
29 467 
29 478 
29 493 
29 498 
30 51 
31 48 
31 64 
31 73 
31 89 
31 101 
31 116 
31 157 
31 184 
31 215 
31 216 
31 234 
31 236 
31 266 
31 282 
31 296 
31 323 
31 408 
31 422 
31 489 
32 43 
32 63 
32 64 
32 76 
32 96 
32 126 
32 129 
32 133 
32 135 
32 146 
32 153 
32 157 
32 183 
32 194 
32 202 
32 223 
32 224 
32 233 
32 257 
32 304 
32 321 
32 361 
32 364 
32 365 
32 369 
32 425 
32 428 
32 431 
32 435 
33 57 
33 62 
33 66 
33 159 
33 214 
33 251 
33 351 
33 443 
34 36 
34 43 
34 62 
34 93 
34 95 
34 102 
34 128 
34 160 
34 278 
34 300 
34 426 
34 485 
35 44 
35 49 
35 52 
35 61 
35 115 
35 251 
35 290 
35 331 
35 408 
36 40 
36 41 
36 59 
36 80 
36 152 
36 156 
36 273 
36 498 
37 92 
37 152 
37 173 
37 187 
37 189 
37 199 
37 217 
37 346 
38 52 
38 56 
38 69 
38 139 
38 169 
38 220 
38 254 
38 259 
38 277 
38 285 
38 330 
38 334 
38 391 
38 434 
38 441 
39 42 
39 43 
39 125 
39 132 
39 142 
39 222 
39 237 
39 242 
39 259 
39 325 
39 409 
39 432 
40 388 
40 474 
41 82 
41 100 
41 160 
41 193 
41 328 
41 371 
42 43 
42 308 
43 54 
43 205 
43 263 
43 294 
43 319 
43 430 
43 450 
44 78 
44 83 
44 139 
44 175 
44 204 
45 66 
45 68 
45 90 
45 114 
45 120 
45 134 
45 280 
45 348 
45 377 
45 441 
45 444 
45 498 
46 50 
46 114 
46 153 
46 174 
46 186 
46 208 
46 384 
46 392 
46 395 
46 399 
46 451 
47 130 
47 140 
47 225 
47 245 
48 79 
48 112 
48 170 
48 175 
48 189 
48 235 
48 269 
48 301 
48 373 
48 454 
49 61 
49 89 
49 109 
49 199 
49 208 
49 211 
49 286 
49 422 
49 459 
50 85 
50 86 
50 132 
50 152 
50 178 
50 179 
50 254 
50 274 
50 428 
50 437 
50 478 
51 53 
51 59 
51 65 
51 136 
51 154 
51 245 
51 264 
51 356 
51 431 
51 434 
51 491 
52 60 
52 94 
52 141 
52 176 
52 198 
52 224 
52 241 
53 55 
53 62 
53 64 
53 82 
53 94 
53 99 
53 111 
53 118 
53 122 
53 134 
53 162 
53 163 
53 276 
53 346 
53 379 
53 391 
53 403 
53 423 
53 496 
54 82 
54 95 
54 101 
54 119 
54 158 
54 201 
54 215 
54 334 
54 352 
54 394 
54 461 
54 482 
55 68 
55 151 
55 173 
56 70 
56 72 
56 106 
56 171 
56 212 
56 242 
56 252 
56 291 
56 327 
56 336 
56 355 
56 433 
56 480 
57 75 
57 104 
57 120 
57 145 
57 187 
57 206 
57 261 
57 270 
57 289 
57 312 
57 314 
57 416 
57 447 
58 80 
58 88 
58 94 
58 98 
58 110 
58 172 
58 212 
58 239 
58 359 
58 475 
58 498 
59 62 
59 71 
59 108 
59 203 
59 206 
59 208 
59 210 
59 301 
59 306 
59 420 
60 63 
60 64 
60 87 
60 134 
60 137 
60 148 
60 201 
60 214 
60 221 
60 270 
60 398 
60 421 
61 108 
61 111 
61 137 
61 144 
61 232 
61 288 
61 350 
61 381 
61 469 
61 486 
62 70 
62 88 
62 116 
62 123 
62 295 
62 468 
62 485 
63 180 
63 241 
63 368 
63 384 
64 100 
64 102 
64 123 
64 126 
64 142 
64 157 
64 158 
64 164 
64 186 
64 229 
64 360 
65 103 
65 126 
65 286 
65 294 
65 315 
65 356 
65 361 
65 363 
65 390 
66 118 
66 140 
66 155 
66 178 
66 275 
66 284 
66 285 
66 303 
66 350 
66 373 
66 490 
67 96 
67 129 
67 139 
67 162 
67 169 
67 185 
67 230 
67 253 
67 304 
67 308 
67 340 
67 464 
68 83 
68 155 
68 185 
68 219 
68 220 
69 258 
69 332 
69 493 
70 119 
70 122 
70 148 
70 152 
70 194 
70 226 
70 279 
70 372 
70 414 
71 104 
71 187 
71 247 
71 305 
71 424 
72 90 
72 143 
72 211 
72 250 
72 296 
72 313 
72 474 
73 89 
73 165 
73 167 
73 172 
73 267 
73 312 
73 417 
73 446 
73 452 
74 84 
74 102 
74 139 
74 218 
74 221 
74 252 
74 355 
74 457 
74 478 
75 181 
75 227 
75 286 
75 329 
75 435 
75 473 
76 85 
76 100 
76 109 
76 127 
76 137 
76 153 
76 156 
76 174 
76 216 
76 235 
76 260 
76 277 
76 285 
76 290 
76 296 
76 310 
76 332 
76 336 
76 368 
76 381 
76 405 
76 426 
76 487 
77 96 
77 105 
77 120 
77 124 
77 333 
77 334 
77 348 
77 358 
77 385 
77 412 
78 122 
78 267 
78 390 
78 396 
79 165 
79 204 
79 248 
79 292 
79 305 
79 416 
79 437 
79 475 
80 95 
80 135 
81 92 
81 150 
81 170 
81 174 
81 462 
82 88 
82 101 
83 93 
83 97 
83 160 
83 190 
83 210 
83 453 
83 483 
84 435 
84 445 
86 108 
86 136 
86 188 
86 326 
87 127 
87 162 
87 175 
87 183 
87 199 
87 209 
87 272 
87 453 
88 133 
88 381 
88 408 
89 170 
89 186 
89 207 
89 255 
89 289 
89 326 
90 128 
90 142 
90 149 
90 196 
90 201 
90 276 
90 303 
90 349 
91 95 
91 171 
91 250 
91 313 
92 315 
92 364 
92 366 
92 371 
93 206 
93 324 
94 103 
94 116 
94 181 
94 216 
94 235 
94 280 
94 281 
94 429 
95 182 
95 195 
95 219 
95 246 
95 363 
95 386 
95 415 
95 491 
96 130 
96 158 
96 202 
96 319 
96 383 
96 404 
96 410 
96 457 
96 464 
96 485 
96 488 
97 100 
97 158 
97 177 
97 322 
97 435 
97 440 
97 459 
97 474 
98 145 
98 149 
98 179 
98 180 
98 219 
98 230 
98 257 
98 266 
98 359 
98 380 
98 411 
98 469 
99 103 
99 147 
99 220 
99 295 
99 382 
100 105 
100 134 
100 204 
100 215 
100 245 
100 260 
100 287 
100 308 
100 446 
100 447 
101 125 
101 151 
101 378 
101 420 
101 429 
101 433 
102 109 
102 154 
102 340 
103 192 
103 313 
103 464 
104 351 
105 133 
105 233 
105 244 
105 314 
105 339 
105 361 
105 393 
106 151 
106 298 
108 162 
108 190 
108 196 
108 200 
108 239 
108 270 
108 327 
108 362 
109 138 
109 147 
109 177 
109 255 
109 258 
109 321 
109 420 
109 439 
109 470 
110 473 
111 209 
111 357 
111 392 
111 441 
113 161 
113 221 
113 267 
113 316 
113 419 
114 302 
115 367 
115 425 
116 129 
116 257 
117 243 
117 365 
117 469 
118 167 
118 168 
118 424 
119 283 
119 323 
119 332 
120 309 
121 190 
121 256 
122 413 
122 424 
123 206 
123 249 
123 250 
123 296 
123 356 
123 434 
123 458 
124 202 
124 228 
124 229 
124 318 
125 148 
125 163 
125 333 
126 168 
126 181 
126 336 
128 130 
128 166 
128 272 
128 287 
128 456 
129 166 
129 386 
129 421 
130 266 
130 456 
131 136 
131 280 
131 382 
131 459 
132 367 
132 427 
132 469 
133 166 
133 188 
133 331 
134 235 
134 327 
134 354 
134 357 
134 410 
136 176 
136 219 
136 224 
136 262 
136 265 
136 299 
136 304 
136 328 
137 282 
137 291 
137 338 
137 353 
137 374 
139 492 
140 304 
140 370 
141 195 
141 227 
141 252 
141 264 
141 302 
141 318 
141 332 
141 364 
141 370 
141 375 
141 405 
141 427 
141 451 
142 260 
142 306 
143 420 
143 446 
143 472 
143 473 
144 177 
144 195 
144 226 
144 402 
144 427 
144 475 
144 493 
144 494 
145 344 
146 154 
146 213 
146 393 
146 451 
147 239 
147 246 
147 269 
147 288 
147 290 
147 467 
148 230 
148 263 
148 273 
148 310 
148 392 
148 419 
148 450 
149 232 
149 238 
149 293 
149 356 
149 382 
149 428 
150 174 
150 234 
150 281 
150 341 
150 415 
151 198 
151 231 
152 197 
153 400 
154 402 
155 168 
155 328 
156 164 
156 380 
156 403 
156 404 
156 407 
157 265 
158 179 
158 181 
158 388 
159 306 
160 236 
160 247 
160 265 
160 334 
160 387 
160 455 
160 460 
161 282 
161 487 
162 209 
162 240 
162 305 
162 406 
164 183 
164 301 
164 383 
164 399 
164 403 
165 228 
165 247 
165 343 
165 449 
165 478 
166 227 
166 231 
166 360 
166 367 
166 407 
166 421 
166 490 
167 267 
167 279 
167 480 
169 298 
169 394 
169 417 
170 185 
170 283 
170 285 
170 310 
170 342 
170 417 
170 491 
171 240 
171 282 
171 302 
171 317 
171 345 
171 350 
171 419 
171 443 
171 474 
172 448 
172 465 
172 466 
173 226 
173 309 
173 424 
174 208 
174 310 
174 312 
175 199 
175 320 
175 346 
178 183 
178 218 
178 234 
178 291 
179 329 
179 355 
179 431 
179 477 
179 496 
180 229 
180 321 
181 182 
181 200 
181 423 
181 487 
182 191 
182 347 
182 413 
183 189 
183 303 
184 338 
184 436 
186 354 
186 425 
187 293 
187 345 
187 452 
188 430 
189 237 
190 288 
190 355 
190 375 
190 436 
191 251 
191 458 
192 202 
193 223 
193 415 
193 484 
194 278 
194 333 
194 335 
194 413 
195 248 
198 271 
199 212 
199 225 
199 230 
199 276 
200 231 
200 258 
200 292 
201 292 
201 416 
202 212 
202 264 
202 279 
202 326 
202 486 
203 218 
203 273 
203 289 
203 297 
203 368 
204 273 
204 431 
205 215 
206 388 
206 471 
207 239 
207 275 
207 297 
207 301 
207 325 
209 216 
209 259 
209 404 
210 342 
210 365 
210 470 
211 363 
212 227 
213 412 
214 402 
214 450 
215 222 
215 318 
215 353 
215 380 
215 448 
215 492 
216 335 
217 363 
218 338 
220 255 
220 378 
220 387 
220 483 
221 223 
221 405 
222 253 
222 394 
222 476 
224 264 
224 272 
225 321 
227 297 
227 317 
229 246 
230 278 
230 306 
230 324 
232 249 
232 299 
232 354 
232 397 
232 483 
235 335 
237 394 
238 325 
238 487 
239 383 
240 300 
240 340 
240 351 
240 407 
241 283 
241 318 
241 364 
241 403 
241 496 
242 313 
242 423 
243 379 
247 369 
247 481 
248 263 
250 317 
250 319 
250 329 
251 322 
251 460 
252 311 
253 316 
254 456 
255 325 
255 347 
255 439 
257 354 
258 286 
258 302 
258 371 
258 374 
258 384 
259 362 
259 488 
260 432 
261 284 
261 315 
261 352 
261 455 
262 397 
263 479 
264 271 
264 277 
264 360 
264 391 
264 439 
264 488 
265 338 
265 401 
265 477 
266 380 
266 447 
267 376 
272 467 
272 482 
273 307 
273 320 
273 361 
273 426 
273 486 
274 417 
275 463 
276 281 
277 295 
277 386 
279 339 
279 373 
279 479 
285 346 
285 352 
286 342 
286 494 
288 348 
289 337 
289 366 
289 440 
289 463 
289 493 
289 497 
290 442 
291 385 
291 472 
292 320 
294 397 
295 482 
298 372 
299 300 
300 414 
302 352 
305 362 
305 461 
305 491 
306 429 
306 453 
306 495 
307 455 
308 460 
310 330 
310 395 
310 465 
311 410 
311 439 
312 353 
313 379 
313 454 
314 323 
314 471 
315 324 
315 330 
315 343 
315 373 
315 377 
317 396 
318 457 
319 372 
319 409 
319 421 
320 344 
321 336 
321 367 
321 430 
323 347 
325 481 
327 349 
327 415 
327 465 
329 358 
331 433 
331 457 
331 495 
332 351 
336 466 
338 385 
342 362 
342 442 
342 456 
344 398 
344 412 
345 372 
345 422 
346 475 
348 479 
349 411 
350 411 
350 494 
355 418 
356 452 
357 459 
357 495 
360 448 
360 484 
361 398 
361 418 
367 406 
367 480 
367 490 
367 494 
370 443 
371 453 
372 391 
372 445 
372 497 
375 426 
375 445 
376 390 
377 416 
377 464 
383 406 
390 470 
393 462 
393 472 
394 447 
399 438 
399 471 
400 480 
405 440 
406 451 
407 454 
407 484 
409 477 
409 482 
409 499 
416 452 
419 449 
419 489 
421 455 
422 441 
423 446 
425 442 
427 496 
431 461 
434 438 
438 467 
446 489 
465 481 
472 499 
479 497 
