false
false
500
1988
0 1 
0 3 
0 4 
0 5 
0 6 
0 7 
0 8 
0 10 
0 14 
0 19 
0 20 
0 24 
0 28 
0 29 
0 30 
0 32 
0 51 
0 54 
0 57 
0 74 
0 84 
0 85 
0 100 
0 105 
0 110 
0 120 
0 137 
0 139 
0 142 
0 152 
0 179 
0 181 
0 183 
0 192 
0 206 
0 224 
0 246 
0 249 
0 278 
0 282 
0 283 
0 290 
0 302 
0 340 
0 349 
0 350 
0 357 
0 366 
0 400 
0 418 
0 425 
0 428 
0 439 
0 491 
1 2 
1 4 
1 6 
1 8 
1 12 
1 16 
1 25 
1 27 
1 32 
1 33 
1 45 
1 46 
1 60 
1 76 
1 78 
1 83 
1 91 
1 125 
1 148 
1 168 
1 170 
1 194 
1 245 
1 329 
1 405 
1 419 
2 3 
2 4 
2 5 
2 6 
2 8 
2 11 
2 24 
2 38 
2 40 
2 41 
2 78 
2 82 
2 84 
2 88 
2 102 
2 111 
2 132 
2 136 
2 149 
2 162 
2 182 
2 205 
2 223 
2 232 
2 315 
2 348 
2 381 
2 417 
2 450 
2 457 
3 4 
3 5 
3 9 
3 12 
3 13 
3 15 
3 17 
3 18 
3 22 
3 23 
3 24 
3 29 
3 32 
3 33 
3 39 
3 42 
3 46 
3 57 
3 60 
3 63 
3 66 
3 72 
3 73 
3 76 
3 77 
3 81 
3 97 
3 99 
3 102 
3 103 
3 109 
3 115 
3 133 
3 138 
3 147 
3 151 
3 159 
3 161 
3 163 
3 164 
3 190 
3 221 
3 243 
3 253 
3 261 
3 271 
3 296 
3 304 
3 305 
3 331 
3 332 
3 354 
3 365 
3 376 
3 381 
3 382 
3 389 
3 403 
3 408 
3 431 
3 433 
3 453 
3 491 
4 5 
4 6 
4 7 
4 9 
4 10 
4 18 
4 25 
4 26 
4 27 
4 28 
4 31 
4 32 
4 36 
4 52 
4 56 
4 64 
4 68 
4 72 
4 84 
4 85 
4 101 
4 106 
4 130 
4 132 
4 141 
4 144 
4 151 
4 163 
4 164 
4 172 
4 178 
4 186 
4 212 
4 238 
4 239 
4 247 
4 299 
4 316 
4 317 
4 321 
4 332 
4 343 
4 347 
4 352 
4 367 
4 378 
4 396 
4 415 
4 428 
4 432 
4 477 
4 488 
4 492 
5 7 
5 8 
5 10 
5 16 
5 23 
5 29 
5 30 
5 36 
5 40 
5 51 
5 62 
5 98 
5 123 
5 130 
5 177 
5 179 
5 184 
5 194 
5 202 
5 214 
5 322 
5 345 
5 346 
5 396 
5 407 
5 427 
5 430 
5 434 
5 467 
5 489 
5 497 
6 7 
6 11 
6 12 
6 13 
6 15 
6 16 
6 17 
6 18 
6 21 
6 23 
6 31 
6 34 
6 49 
6 51 
6 59 
6 61 
6 79 
6 90 
6 109 
6 110 
6 113 
6 118 
6 122 
6 124 
6 140 
6 146 
6 150 
6 181 
6 192 
6 193 
6 205 
6 226 
6 234 
6 252 
6 276 
6 292 
6 298 
6 299 
6 303 
6 310 
6 334 
6 345 
6 365 
6 370 
6 378 
6 392 
6 422 
6 435 
6 449 
6 455 
6 458 
6 460 
6 461 
6 480 
6 486 
6 494 
6 499 
7 9 
7 10 
7 11 
7 12 
7 15 
7 19 
7 20 
7 21 
7 23 
7 36 
7 42 
7 44 
7 46 
7 53 
7 60 
7 67 
7 69 
7 75 
7 77 
7 88 
7 115 
7 120 
7 142 
7 148 
7 149 
7 205 
7 232 
7 233 
7 285 
7 287 
7 300 
7 361 
7 362 
7 397 
7 418 
7 434 
7 436 
7 450 
7 454 
7 469 
7 498 
8 9 
8 11 
8 16 
8 22 
8 27 
8 33 
8 34 
8 50 
8 52 
8 69 
8 83 
8 87 
8 139 
8 150 
8 160 
8 181 
8 237 
8 240 
8 251 
8 287 
8 291 
8 300 
8 316 
8 328 
8 358 
8 361 
8 364 
8 419 
8 441 
8 442 
8 481 
8 492 
8 495 
9 13 
9 17 
9 18 
9 21 
9 26 
9 34 
9 35 
9 43 
9 48 
9 49 
9 57 
9 64 
9 70 
9 71 
9 125 
9 131 
9 178 
9 200 
9 229 
9 236 
9 247 
9 257 
9 289 
9 292 
9 295 
9 318 
9 334 
9 360 
9 402 
9 410 
9 425 
9 432 
9 436 
9 437 
9 477 
10 20 
10 40 
10 50 
10 53 
10 89 
10 129 
10 172 
10 230 
10 279 
10 341 
11 14 
11 26 
11 28 
11 33 
11 37 
11 43 
11 45 
11 51 
11 53 
11 112 
11 117 
11 118 
11 127 
11 128 
11 134 
11 141 
11 143 
11 144 
11 151 
11 155 
11 164 
11 170 
11 180 
11 191 
11 209 
11 232 
11 246 
11 279 
11 294 
11 301 
11 335 
11 381 
11 388 
11 395 
11 413 
11 444 
11 446 
11 460 
11 486 
12 13 
12 14 
12 15 
12 30 
12 31 
12 37 
12 39 
12 55 
12 81 
12 82 
12 89 
12 96 
12 131 
12 135 
12 147 
12 152 
12 157 
12 207 
12 217 
12 221 
12 224 
12 226 
12 230 
12 232 
12 252 
12 363 
12 403 
12 451 
13 14 
13 17 
13 19 
13 20 
13 26 
13 37 
13 38 
13 56 
13 61 
13 70 
13 91 
13 115 
13 144 
13 171 
13 183 
13 187 
13 196 
13 212 
13 293 
13 325 
13 392 
13 401 
13 438 
13 463 
13 466 
14 22 
14 25 
14 66 
14 68 
14 92 
14 121 
14 213 
14 242 
14 253 
14 255 
14 263 
14 272 
14 282 
14 288 
14 319 
14 366 
14 367 
14 375 
14 386 
15 47 
15 52 
15 69 
15 89 
15 100 
15 105 
15 111 
15 123 
15 405 
15 490 
16 19 
16 37 
16 41 
16 46 
16 61 
16 65 
16 90 
16 98 
16 113 
16 116 
16 123 
16 153 
16 200 
16 210 
16 234 
16 243 
16 273 
16 277 
16 285 
16 326 
16 365 
16 445 
16 452 
16 491 
17 21 
17 31 
17 36 
17 40 
17 72 
17 82 
17 94 
17 95 
17 112 
17 120 
17 137 
17 155 
17 161 
17 179 
17 254 
17 296 
17 307 
17 310 
17 319 
17 391 
17 496 
18 24 
18 25 
18 39 
18 41 
18 62 
18 66 
18 70 
18 103 
18 115 
18 146 
18 169 
18 184 
18 248 
18 286 
18 289 
18 363 
18 385 
18 400 
18 440 
18 465 
18 489 
18 493 
18 497 
19 53 
19 68 
19 74 
19 121 
19 165 
19 221 
19 224 
19 267 
19 344 
19 407 
19 454 
20 29 
20 35 
20 75 
20 97 
20 119 
20 124 
20 135 
20 159 
20 193 
20 197 
20 225 
20 243 
20 264 
20 306 
20 437 
20 472 
20 482 
21 22 
21 35 
21 38 
21 45 
21 50 
21 54 
21 93 
21 99 
21 218 
21 266 
21 270 
21 273 
21 328 
21 331 
21 355 
21 375 
21 379 
21 481 
22 44 
22 161 
22 276 
22 287 
22 331 
22 357 
23 27 
23 34 
23 55 
23 56 
23 59 
23 94 
23 104 
23 106 
23 108 
23 112 
23 137 
23 144 
23 174 
23 180 
23 185 
23 195 
23 209 
23 215 
23 313 
23 338 
23 351 
24 47 
24 58 
24 96 
24 106 
24 110 
24 116 
24 121 
24 146 
24 176 
24 177 
24 198 
24 235 
24 240 
24 259 
24 264 
24 288 
24 296 
24 312 
24 342 
24 411 
24 412 
24 415 
24 417 
24 435 
24 453 
24 468 
24 483 
25 39 
25 42 
25 78 
25 81 
25 90 
25 93 
25 105 
25 107 
25 114 
25 118 
25 124 
25 126 
25 127 
25 166 
25 182 
25 219 
25 283 
25 321 
25 325 
25 335 
25 349 
25 365 
25 378 
25 435 
26 28 
26 57 
26 101 
26 171 
26 219 
26 238 
26 298 
26 339 
26 360 
26 372 
26 424 
27 41 
27 43 
27 44 
27 45 
27 91 
27 94 
27 122 
27 127 
27 183 
27 188 
27 206 
27 210 
27 241 
27 273 
27 314 
27 422 
27 471 
27 499 
28 44 
28 50 
28 55 
28 56 
28 62 
28 64 
28 126 
28 130 
28 145 
28 169 
28 171 
28 191 
28 204 
28 207 
28 208 
28 346 
28 349 
28 355 
28 364 
28 369 
28 392 
28 404 
28 425 
28 427 
28 442 
28 458 
28 464 
28 466 
29 30 
29 42 
29 52 
29 58 
29 77 
29 101 
29 116 
29 166 
29 175 
29 203 
29 207 
29 323 
29 349 
29 428 
29 460 
30 35 
30 43 
30 49 
30 54 
30 80 
30 87 
30 90 
30 97 
30 107 
30 127 
30 136 
30 167 
30 200 
30 206 
30 208 
30 235 
30 244 
30 247 
30 248 
30 260 
30 283 
30 297 
30 315 
30 372 
31 87 
31 104 
31 191 
31 482 
32 48 
32 70 
32 79 
32 117 
32 186 
32 189 
32 286 
32 298 
32 301 
32 332 
32 421 
32 429 
33 49 
33 76 
33 91 
33 99 
33 177 
33 228 
33 254 
33 330 
33 448 
34 62 
34 79 
34 154 
34 211 
34 239 
34 270 
34 353 
34 436 
35 38 
35 47 
35 60 
35 67 
35 73 
35 109 
35 150 
35 156 
35 165 
35 195 
35 197 
35 212 
35 273 
35 291 
35 308 
35 311 
35 324 
35 351 
35 399 
35 419 
35 483 
35 496 
36 58 
36 59 
36 79 
36 81 
36 85 
36 102 
36 122 
36 126 
36 128 
36 141 
36 173 
36 176 
36 245 
36 295 
36 300 
36 308 
36 314 
36 350 
36 389 
36 470 
37 75 
37 123 
37 137 
37 156 
37 308 
37 338 
37 357 
37 359 
38 48 
38 55 
38 59 
38 65 
38 99 
38 131 
38 159 
38 170 
38 189 
38 239 
38 329 
38 330 
38 357 
38 359 
38 422 
38 438 
38 449 
38 487 
39 74 
39 95 
39 233 
39 256 
39 361 
39 447 
39 451 
40 102 
41 47 
41 58 
41 68 
41 88 
41 89 
41 98 
41 195 
42 67 
42 74 
42 82 
42 300 
42 334 
42 381 
42 409 
42 412 
43 48 
43 112 
43 129 
43 210 
43 226 
43 236 
43 249 
43 268 
43 272 
43 293 
43 319 
43 384 
43 452 
43 457 
43 470 
43 473 
43 474 
44 83 
44 411 
45 104 
45 134 
45 176 
45 198 
45 259 
45 284 
45 304 
45 318 
45 320 
45 324 
45 332 
45 337 
45 355 
45 356 
46 61 
46 92 
46 96 
46 172 
46 188 
46 197 
46 225 
46 341 
46 374 
47 63 
47 71 
47 78 
47 113 
47 138 
47 139 
47 149 
47 153 
47 163 
47 178 
47 180 
47 196 
47 201 
47 237 
47 267 
47 290 
47 327 
47 340 
47 407 
47 440 
48 87 
48 199 
48 215 
48 241 
48 247 
48 278 
48 488 
48 493 
49 66 
49 86 
49 95 
49 116 
49 211 
49 214 
49 244 
49 262 
49 268 
49 289 
49 311 
49 317 
49 319 
49 395 
49 415 
49 473 
50 71 
50 80 
50 192 
50 220 
50 235 
50 236 
50 268 
50 285 
50 324 
51 146 
51 162 
51 184 
51 187 
51 363 
51 421 
51 479 
52 54 
52 63 
52 65 
52 93 
52 148 
52 385 
52 402 
52 450 
52 459 
53 152 
53 153 
53 187 
53 192 
53 317 
53 398 
53 447 
54 84 
54 103 
54 133 
54 186 
54 188 
54 211 
54 348 
54 400 
54 422 
55 86 
55 191 
55 216 
55 380 
55 402 
56 64 
56 71 
56 73 
56 80 
56 100 
56 111 
56 202 
56 272 
56 279 
56 312 
56 342 
56 390 
56 461 
56 468 
57 72 
57 86 
57 114 
57 215 
57 254 
57 326 
57 488 
58 133 
58 254 
58 311 
58 439 
59 75 
59 77 
59 94 
59 104 
59 106 
59 120 
59 129 
59 136 
59 143 
59 185 
59 220 
59 227 
59 333 
59 339 
59 391 
59 431 
59 468 
59 481 
60 63 
60 76 
60 88 
60 92 
60 141 
60 164 
60 182 
60 321 
60 356 
61 339 
62 110 
62 281 
62 495 
63 67 
63 73 
63 100 
63 108 
63 154 
63 156 
63 168 
63 201 
63 242 
63 269 
63 310 
63 360 
63 391 
63 413 
63 484 
63 499 
64 65 
64 138 
64 147 
64 180 
64 194 
64 204 
64 216 
64 245 
64 469 
65 69 
65 208 
65 260 
65 328 
65 489 
66 101 
66 128 
66 131 
66 135 
66 189 
66 217 
66 358 
66 359 
66 421 
66 452 
66 456 
67 97 
67 173 
67 249 
67 421 
68 151 
68 157 
68 198 
68 354 
68 474 
68 484 
68 485 
69 107 
69 109 
69 134 
69 161 
69 205 
69 221 
69 269 
70 93 
70 96 
70 270 
71 275 
72 92 
72 154 
72 241 
73 163 
73 167 
73 282 
73 327 
73 337 
73 356 
73 399 
73 457 
74 80 
74 119 
74 147 
74 155 
74 166 
74 216 
74 229 
74 291 
74 328 
74 414 
75 255 
75 340 
75 387 
76 158 
76 199 
76 209 
76 215 
76 266 
76 435 
76 446 
76 482 
77 86 
77 138 
77 152 
77 228 
77 239 
77 487 
78 125 
78 209 
78 260 
78 285 
78 309 
78 391 
78 412 
78 445 
78 479 
78 498 
79 263 
79 361 
80 160 
80 202 
80 266 
80 348 
80 474 
81 85 
81 159 
81 315 
81 387 
81 462 
81 485 
82 83 
82 145 
82 217 
82 248 
82 258 
82 360 
82 420 
83 150 
83 398 
83 415 
83 451 
84 103 
84 114 
84 162 
84 233 
84 234 
84 374 
84 477 
85 121 
85 294 
85 336 
85 400 
86 305 
86 489 
87 119 
87 140 
87 168 
87 185 
87 201 
87 299 
87 448 
88 174 
88 476 
89 133 
90 95 
90 111 
90 148 
90 277 
90 309 
90 318 
91 118 
91 174 
92 142 
92 157 
92 195 
92 220 
92 294 
92 396 
92 404 
93 98 
93 114 
93 140 
93 280 
93 312 
93 327 
93 377 
93 390 
93 429 
93 449 
93 461 
94 167 
94 404 
95 113 
95 235 
95 416 
96 108 
96 307 
96 314 
96 324 
97 122 
97 267 
97 322 
97 334 
97 367 
97 394 
98 321 
98 348 
99 105 
99 208 
99 226 
99 228 
99 238 
99 257 
99 263 
99 372 
99 438 
99 458 
100 134 
100 153 
100 169 
100 196 
100 262 
100 279 
100 288 
100 486 
101 107 
101 143 
101 323 
101 430 
102 252 
102 440 
103 140 
103 250 
103 251 
103 257 
103 292 
103 329 
103 370 
103 375 
104 125 
104 174 
104 179 
104 193 
104 219 
104 277 
104 288 
105 108 
105 117 
105 155 
105 263 
105 494 
106 119 
106 136 
106 156 
106 204 
106 211 
106 213 
106 222 
106 307 
106 462 
106 484 
107 129 
107 130 
107 183 
107 276 
107 280 
107 364 
107 431 
107 440 
107 446 
107 454 
108 117 
108 142 
108 171 
108 172 
108 246 
108 286 
108 388 
108 426 
108 445 
109 366 
110 173 
110 214 
111 188 
111 264 
111 299 
111 416 
111 485 
112 145 
112 162 
112 303 
112 424 
113 222 
113 297 
113 496 
114 248 
114 364 
114 387 
114 436 
115 250 
116 126 
116 160 
116 275 
116 294 
116 426 
116 437 
117 143 
118 224 
119 128 
119 149 
119 154 
119 190 
119 416 
119 423 
119 433 
119 464 
119 484 
120 139 
120 207 
120 327 
120 395 
120 460 
121 132 
121 368 
121 382 
122 124 
122 432 
123 206 
123 274 
123 409 
124 132 
124 135 
124 158 
124 182 
124 333 
124 377 
124 483 
125 278 
126 330 
126 376 
127 158 
127 173 
127 181 
127 185 
127 193 
127 196 
127 200 
127 216 
127 233 
127 261 
127 274 
127 284 
127 302 
127 304 
127 459 
127 472 
127 490 
128 478 
129 186 
129 403 
130 227 
131 373 
131 431 
132 250 
132 259 
132 320 
133 323 
133 371 
133 478 
134 305 
134 420 
134 452 
134 496 
135 307 
136 178 
136 266 
136 290 
136 405 
136 414 
136 478 
137 177 
137 184 
137 246 
137 255 
137 256 
137 301 
137 322 
137 347 
138 219 
138 275 
139 160 
139 203 
139 309 
139 333 
139 362 
139 368 
139 373 
139 498 
139 499 
140 262 
141 256 
142 145 
142 157 
142 223 
142 244 
142 343 
142 463 
143 384 
143 406 
143 474 
144 166 
144 336 
144 379 
144 494 
145 165 
145 199 
145 245 
145 358 
145 424 
146 167 
146 212 
146 313 
146 337 
146 350 
146 394 
146 401 
146 455 
147 187 
147 190 
147 258 
147 268 
147 375 
148 309 
149 189 
149 214 
149 419 
149 451 
150 450 
151 222 
151 223 
151 251 
151 292 
151 306 
151 438 
152 158 
153 390 
153 434 
153 470 
154 229 
154 492 
155 199 
155 377 
155 383 
156 204 
156 251 
156 271 
156 302 
156 423 
157 213 
157 218 
157 223 
157 236 
157 352 
158 382 
159 176 
159 198 
159 275 
159 424 
159 480 
160 165 
160 169 
160 260 
160 293 
160 374 
161 170 
161 286 
161 295 
161 303 
161 362 
161 370 
161 444 
161 447 
162 406 
163 255 
164 201 
164 244 
164 441 
165 281 
166 168 
166 265 
166 369 
166 441 
166 467 
167 325 
168 281 
168 354 
169 203 
169 280 
169 347 
169 386 
169 410 
169 475 
170 302 
170 335 
170 472 
171 175 
171 231 
171 241 
171 297 
171 345 
171 464 
172 175 
172 190 
172 256 
172 291 
172 355 
172 372 
172 397 
172 447 
173 237 
174 175 
174 276 
175 411 
175 446 
176 222 
176 287 
176 325 
176 371 
176 443 
178 240 
178 274 
178 347 
180 203 
180 257 
180 271 
181 218 
181 261 
181 371 
181 406 
181 439 
181 442 
181 443 
181 497 
182 267 
182 277 
182 313 
182 320 
183 237 
183 269 
183 358 
183 469 
183 479 
184 197 
184 213 
184 242 
184 331 
184 343 
184 463 
184 479 
184 490 
185 485 
186 356 
188 493 
189 316 
189 420 
191 284 
191 394 
191 473 
191 476 
192 194 
192 284 
192 401 
193 230 
193 231 
193 388 
193 498 
194 210 
194 225 
194 336 
195 229 
195 265 
195 296 
195 393 
195 459 
196 202 
196 456 
198 343 
199 342 
201 220 
201 230 
201 249 
201 341 
201 386 
201 429 
201 493 
203 234 
204 413 
205 301 
205 326 
205 443 
206 250 
206 270 
206 305 
206 383 
206 466 
207 477 
208 272 
208 314 
208 339 
208 342 
208 378 
208 448 
208 475 
209 231 
209 369 
209 380 
210 393 
211 225 
211 258 
211 396 
211 458 
212 384 
213 227 
213 240 
213 338 
213 399 
213 462 
214 218 
214 290 
214 338 
214 380 
214 410 
215 227 
215 369 
215 441 
216 217 
216 231 
216 262 
216 295 
216 329 
216 392 
217 264 
217 393 
217 403 
218 475 
220 243 
220 411 
221 308 
221 373 
222 315 
222 389 
222 478 
223 242 
223 252 
223 253 
226 228 
226 238 
226 271 
226 311 
226 430 
226 475 
227 395 
227 473 
229 306 
230 344 
230 416 
231 362 
231 442 
232 386 
234 352 
234 481 
234 487 
235 265 
235 316 
235 385 
235 428 
236 376 
236 455 
236 495 
237 397 
238 351 
240 265 
242 406 
242 433 
243 253 
243 337 
243 350 
243 408 
244 417 
246 312 
246 471 
247 346 
249 313 
249 341 
250 353 
250 414 
250 448 
252 258 
253 282 
253 289 
253 453 
254 281 
254 457 
255 259 
255 269 
255 497 
256 274 
257 320 
258 261 
258 283 
258 380 
258 397 
258 444 
258 471 
260 306 
260 368 
260 388 
260 404 
260 455 
261 297 
267 340 
268 336 
268 345 
269 393 
271 304 
271 410 
272 278 
272 423 
275 353 
275 465 
276 293 
276 323 
276 480 
277 280 
280 303 
280 463 
280 464 
280 494 
281 335 
281 394 
282 467 
283 318 
283 461 
286 330 
286 368 
286 399 
287 298 
287 359 
288 465 
290 454 
291 366 
292 469 
293 371 
293 385 
294 379 
294 405 
295 310 
296 408 
296 426 
299 344 
299 379 
300 384 
300 417 
301 409 
303 317 
304 322 
304 401 
304 427 
304 433 
304 439 
305 354 
305 432 
305 472 
306 425 
306 437 
308 367 
308 382 
308 495 
312 492 
315 333 
315 373 
316 468 
317 353 
318 326 
318 351 
318 352 
318 443 
324 491 
327 476 
328 346 
329 389 
333 344 
334 387 
336 423 
338 444 
338 449 
339 383 
339 398 
340 413 
344 465 
345 383 
350 466 
353 363 
354 370 
354 398 
354 470 
357 377 
358 407 
358 476 
359 471 
360 412 
362 374 
364 376 
364 418 
365 418 
366 414 
368 402 
368 427 
373 420 
375 487 
378 390 
378 409 
378 434 
379 462 
381 483 
383 408 
386 430 
386 456 
387 426 
389 445 
399 488 
401 480 
403 459 
422 429 
423 453 
425 467 
432 456 
435 486 
444 482 
483 490 
