false
false
500
1988
0 1 
0 3 
0 4 
0 5 
0 6 
0 9 
0 12 
0 13 
0 15 
0 18 
0 34 
0 40 
0 46 
0 47 
0 64 
0 82 
0 85 
0 112 
0 146 
0 171 
0 213 
0 235 
0 276 
0 278 
0 300 
0 352 
0 360 
0 371 
0 388 
0 397 
0 402 
0 474 
0 483 
1 2 
1 4 
1 5 
1 6 
1 10 
1 16 
1 19 
1 24 
1 33 
1 34 
1 47 
1 52 
1 59 
1 67 
1 73 
1 76 
1 77 
1 86 
1 87 
1 95 
1 96 
1 97 
1 103 
1 107 
1 128 
1 138 
1 154 
1 165 
1 173 
1 174 
1 203 
1 223 
1 263 
1 270 
1 278 
1 288 
1 303 
1 328 
1 355 
1 376 
1 390 
1 391 
1 404 
1 413 
1 414 
1 419 
1 441 
1 464 
1 465 
1 491 
2 3 
2 4 
2 7 
2 14 
2 15 
2 23 
2 27 
2 29 
2 44 
2 54 
2 60 
2 61 
2 62 
2 108 
2 123 
2 147 
2 166 
2 173 
2 177 
2 184 
2 210 
2 217 
2 240 
2 252 
2 262 
2 292 
2 310 
2 314 
2 316 
2 349 
2 384 
2 398 
2 446 
2 451 
2 453 
3 4 
3 5 
3 8 
3 13 
3 14 
3 16 
3 24 
3 48 
3 65 
3 67 
3 88 
3 98 
3 115 
3 127 
3 132 
3 145 
3 152 
3 159 
3 166 
3 176 
3 181 
3 186 
3 190 
3 243 
3 280 
3 297 
3 363 
3 365 
3 367 
3 377 
3 394 
3 421 
3 429 
3 454 
3 469 
4 5 
4 6 
4 7 
4 8 
4 9 
4 10 
4 11 
4 16 
4 17 
4 18 
4 19 
4 20 
4 22 
4 23 
4 24 
4 26 
4 27 
4 29 
4 30 
4 31 
4 34 
4 37 
4 38 
4 41 
4 46 
4 47 
4 49 
4 51 
4 53 
4 54 
4 65 
4 67 
4 73 
4 74 
4 76 
4 80 
4 83 
4 84 
4 86 
4 87 
4 88 
4 92 
4 94 
4 105 
4 110 
4 112 
4 114 
4 115 
4 120 
4 125 
4 128 
4 144 
4 156 
4 157 
4 159 
4 161 
4 180 
4 186 
4 187 
4 191 
4 195 
4 201 
4 202 
4 204 
4 219 
4 226 
4 253 
4 262 
4 265 
4 266 
4 272 
4 273 
4 278 
4 281 
4 321 
4 338 
4 354 
4 361 
4 367 
4 373 
4 376 
4 385 
4 386 
4 391 
4 407 
4 414 
4 428 
4 432 
4 434 
4 445 
4 446 
4 450 
4 461 
4 480 
4 492 
4 499 
5 6 
5 7 
5 9 
5 12 
5 15 
5 20 
5 23 
5 25 
5 28 
5 33 
5 36 
5 41 
5 42 
5 48 
5 51 
5 57 
5 58 
5 61 
5 62 
5 68 
5 74 
5 86 
5 94 
5 95 
5 97 
5 99 
5 104 
5 136 
5 156 
5 167 
5 168 
5 206 
5 216 
5 218 
5 225 
5 242 
5 280 
5 290 
5 319 
5 334 
5 336 
5 356 
5 377 
5 381 
5 438 
5 448 
5 460 
5 486 
5 493 
5 498 
6 7 
6 8 
6 13 
6 15 
6 16 
6 17 
6 18 
6 21 
6 33 
6 36 
6 42 
6 44 
6 45 
6 54 
6 58 
6 84 
6 87 
6 91 
6 92 
6 95 
6 105 
6 107 
6 119 
6 121 
6 135 
6 147 
6 149 
6 169 
6 176 
6 223 
6 240 
6 241 
6 247 
6 251 
6 262 
6 272 
6 279 
6 282 
6 285 
6 310 
6 322 
6 359 
6 371 
6 401 
6 433 
6 464 
6 476 
6 478 
6 493 
7 8 
7 12 
7 14 
7 21 
7 25 
7 26 
7 37 
7 41 
7 48 
7 50 
7 55 
7 60 
7 76 
7 125 
7 193 
7 265 
7 285 
7 317 
7 326 
7 340 
7 387 
7 435 
7 441 
7 459 
7 472 
8 9 
8 10 
8 11 
8 12 
8 32 
8 34 
8 35 
8 41 
8 42 
8 55 
8 68 
8 78 
8 80 
8 97 
8 102 
8 126 
8 144 
8 187 
8 199 
8 218 
8 227 
8 247 
8 257 
8 268 
8 312 
8 358 
8 449 
8 469 
8 489 
8 492 
8 494 
9 10 
9 11 
9 14 
9 18 
9 20 
9 21 
9 25 
9 28 
9 33 
9 66 
9 89 
9 93 
9 119 
9 139 
9 168 
9 203 
9 206 
9 211 
9 214 
9 230 
9 243 
9 289 
9 303 
9 314 
9 315 
9 317 
9 343 
9 373 
9 413 
9 418 
9 450 
9 452 
9 495 
10 11 
10 19 
10 24 
10 26 
10 30 
10 39 
10 43 
10 50 
10 109 
10 120 
10 129 
10 150 
10 200 
10 207 
10 308 
10 339 
10 356 
10 361 
10 377 
10 399 
10 409 
10 426 
11 17 
11 43 
11 52 
11 81 
11 94 
11 122 
11 142 
11 145 
11 158 
11 201 
11 205 
11 302 
11 312 
11 327 
11 336 
11 461 
12 13 
12 28 
12 31 
12 36 
12 38 
12 40 
12 46 
12 56 
12 57 
12 63 
12 83 
12 93 
12 94 
12 99 
12 108 
12 110 
12 113 
12 124 
12 131 
12 137 
12 167 
12 174 
12 182 
12 207 
12 230 
12 238 
12 242 
12 284 
12 312 
12 316 
12 324 
12 369 
12 382 
12 485 
13 17 
13 20 
13 61 
13 79 
13 98 
13 112 
13 133 
13 149 
13 166 
13 293 
13 295 
13 318 
13 330 
13 354 
13 369 
13 370 
13 434 
13 445 
14 31 
14 39 
14 40 
14 45 
14 78 
14 109 
14 113 
14 133 
14 170 
14 178 
14 184 
14 197 
14 209 
14 299 
14 311 
14 363 
14 412 
14 422 
14 428 
14 486 
14 497 
15 32 
15 87 
15 118 
15 179 
15 284 
15 301 
15 333 
15 366 
15 382 
15 469 
15 490 
16 19 
16 22 
16 27 
16 35 
16 42 
16 44 
16 73 
16 82 
16 90 
16 124 
16 132 
16 135 
16 162 
16 200 
16 206 
16 209 
16 211 
16 212 
16 226 
16 232 
16 262 
16 267 
16 278 
16 304 
16 360 
16 369 
16 387 
16 394 
16 398 
16 399 
16 400 
16 440 
16 456 
16 459 
16 482 
16 483 
16 486 
17 21 
17 32 
17 80 
17 82 
17 98 
17 104 
17 116 
17 151 
17 163 
17 166 
17 197 
17 208 
17 212 
17 221 
17 248 
17 314 
17 321 
17 345 
17 452 
18 22 
18 29 
18 30 
18 36 
18 51 
18 58 
18 66 
18 84 
18 122 
18 199 
18 203 
18 283 
18 324 
18 358 
18 361 
18 425 
18 457 
18 467 
19 30 
19 37 
19 39 
19 68 
19 79 
19 81 
19 109 
19 120 
19 123 
19 126 
19 145 
19 173 
19 174 
19 188 
19 191 
19 201 
19 214 
19 246 
19 248 
19 254 
19 256 
19 329 
19 349 
19 350 
19 400 
19 426 
20 22 
20 53 
20 64 
20 65 
20 79 
20 97 
20 100 
20 109 
20 117 
20 122 
20 134 
20 184 
20 222 
20 230 
20 238 
20 265 
20 287 
20 289 
20 295 
20 311 
20 338 
20 347 
20 353 
20 425 
20 438 
20 447 
21 23 
21 32 
21 45 
21 52 
21 56 
21 103 
21 118 
21 130 
21 148 
21 171 
21 202 
21 229 
21 253 
21 274 
21 280 
21 296 
21 345 
21 353 
21 365 
21 435 
21 442 
21 470 
22 25 
22 26 
22 29 
22 35 
22 48 
22 53 
22 62 
22 115 
22 127 
22 136 
22 192 
22 269 
22 338 
22 352 
22 456 
23 27 
23 28 
23 38 
23 85 
23 138 
23 244 
23 252 
23 307 
23 415 
23 458 
23 466 
23 467 
23 488 
24 37 
24 39 
24 44 
24 80 
24 86 
24 116 
24 142 
24 160 
24 258 
24 350 
24 375 
24 489 
25 45 
25 49 
25 83 
25 104 
25 115 
25 129 
25 137 
25 196 
25 233 
25 268 
25 360 
25 383 
25 476 
26 56 
26 177 
26 283 
27 63 
27 79 
27 114 
27 140 
27 214 
27 229 
27 289 
27 332 
27 356 
28 35 
28 38 
28 40 
28 50 
28 69 
28 74 
28 77 
28 89 
28 105 
28 116 
28 117 
28 125 
28 129 
28 143 
28 170 
28 181 
28 189 
28 194 
28 196 
28 197 
28 204 
28 233 
28 275 
28 305 
28 353 
28 357 
28 361 
28 400 
28 423 
28 432 
28 451 
28 452 
29 43 
29 69 
29 72 
29 113 
29 114 
29 116 
29 123 
29 138 
29 148 
29 156 
29 300 
29 347 
30 31 
30 47 
30 82 
30 85 
30 103 
30 127 
30 148 
30 177 
30 185 
30 244 
30 261 
30 343 
30 416 
30 440 
30 458 
31 83 
31 136 
31 249 
31 258 
31 387 
32 49 
32 66 
32 106 
32 182 
32 226 
32 246 
32 331 
32 420 
33 53 
33 71 
33 153 
33 182 
33 223 
33 232 
33 268 
33 284 
33 287 
33 291 
33 306 
33 314 
33 328 
33 331 
33 366 
33 389 
33 401 
33 426 
33 457 
34 54 
34 57 
34 141 
34 160 
34 190 
34 220 
34 261 
34 279 
34 294 
34 306 
34 308 
34 373 
34 423 
35 65 
35 70 
35 81 
35 100 
35 133 
35 154 
35 163 
35 192 
35 199 
35 249 
35 285 
35 338 
35 407 
35 432 
35 498 
36 61 
36 64 
36 69 
36 77 
36 78 
36 84 
36 130 
36 191 
36 217 
36 221 
36 235 
36 293 
36 298 
36 327 
36 364 
36 369 
36 412 
36 427 
36 455 
37 70 
37 92 
37 164 
37 181 
37 194 
37 218 
37 239 
37 245 
37 362 
37 442 
38 101 
38 134 
38 250 
38 277 
38 306 
38 425 
38 484 
39 75 
39 162 
39 421 
39 439 
40 46 
40 51 
40 55 
40 59 
40 60 
40 71 
40 102 
40 103 
40 108 
40 125 
40 137 
40 171 
40 178 
40 194 
40 207 
40 223 
40 235 
40 237 
40 276 
40 289 
40 350 
40 363 
40 441 
40 451 
40 477 
40 490 
41 58 
41 59 
41 142 
41 152 
41 171 
41 189 
41 245 
41 266 
41 341 
41 344 
41 358 
41 362 
41 411 
41 414 
41 454 
41 455 
41 481 
42 43 
42 50 
42 59 
42 63 
42 68 
42 71 
42 99 
42 111 
42 113 
42 251 
42 282 
42 292 
42 294 
42 299 
42 311 
42 328 
42 462 
42 464 
42 480 
43 56 
43 91 
43 106 
43 133 
43 143 
43 186 
43 302 
43 360 
43 385 
43 402 
43 403 
43 410 
43 474 
44 49 
44 75 
44 76 
44 102 
44 106 
44 139 
44 147 
44 150 
44 174 
44 206 
44 279 
44 437 
44 446 
45 55 
45 70 
45 75 
45 118 
45 228 
45 248 
45 308 
45 397 
45 424 
45 497 
46 81 
46 170 
46 274 
46 370 
47 57 
47 70 
47 100 
47 161 
47 164 
47 173 
47 215 
47 231 
47 236 
47 237 
47 318 
47 375 
48 52 
48 90 
48 110 
48 155 
48 175 
48 233 
48 236 
48 256 
48 259 
48 260 
48 261 
48 368 
48 450 
49 63 
49 69 
49 74 
49 90 
49 127 
49 152 
49 222 
49 239 
49 269 
49 275 
49 307 
49 321 
49 322 
49 347 
49 378 
49 494 
49 495 
50 117 
50 140 
50 329 
50 341 
50 376 
50 488 
50 495 
51 75 
51 101 
51 158 
51 165 
51 395 
51 433 
52 64 
52 72 
52 160 
52 238 
53 134 
53 182 
53 189 
53 256 
53 481 
54 66 
54 211 
55 60 
55 473 
56 62 
56 126 
56 143 
56 224 
56 230 
56 318 
56 388 
56 428 
56 437 
57 121 
57 140 
57 224 
57 270 
57 397 
57 410 
58 88 
58 111 
58 124 
58 141 
58 247 
58 277 
58 371 
58 421 
58 471 
59 107 
59 111 
59 304 
59 320 
60 151 
60 179 
60 355 
61 67 
61 91 
61 111 
61 150 
61 302 
61 319 
61 441 
62 419 
63 93 
63 121 
63 169 
63 191 
63 200 
63 364 
64 96 
64 196 
64 495 
65 95 
65 96 
65 110 
65 135 
65 164 
65 183 
65 237 
65 271 
65 343 
65 395 
65 484 
66 195 
66 431 
67 89 
67 175 
67 186 
67 212 
67 348 
68 89 
68 112 
68 132 
68 159 
68 161 
68 172 
68 292 
68 340 
68 365 
68 454 
69 72 
69 144 
69 149 
69 218 
69 286 
69 345 
69 429 
69 465 
70 71 
70 72 
70 73 
70 90 
70 102 
70 141 
70 287 
70 292 
70 343 
70 370 
70 396 
70 432 
70 444 
70 458 
70 460 
71 99 
71 155 
71 168 
71 199 
71 205 
71 215 
71 228 
71 345 
71 405 
71 482 
72 131 
72 180 
72 183 
72 216 
72 315 
72 393 
72 403 
72 460 
72 485 
73 114 
73 260 
73 355 
73 364 
74 92 
74 101 
74 105 
74 139 
74 147 
74 154 
74 160 
74 175 
74 259 
74 308 
74 375 
74 467 
75 101 
75 146 
75 153 
75 254 
76 77 
76 120 
76 162 
76 172 
76 187 
76 276 
76 406 
76 412 
76 467 
76 485 
76 494 
77 78 
77 85 
77 91 
77 153 
77 194 
77 229 
77 241 
77 427 
77 443 
78 139 
78 156 
78 260 
78 301 
79 130 
79 401 
80 126 
80 179 
80 198 
80 266 
80 286 
80 298 
80 336 
80 363 
80 491 
80 496 
81 93 
81 108 
81 209 
81 364 
82 119 
82 145 
82 210 
82 236 
82 309 
82 323 
82 349 
82 404 
82 491 
83 123 
83 134 
83 162 
83 347 
83 498 
84 179 
84 340 
85 146 
85 155 
85 189 
85 195 
85 325 
85 337 
85 408 
85 424 
85 496 
86 88 
86 118 
86 142 
86 198 
86 232 
86 300 
86 306 
86 326 
86 393 
87 107 
87 117 
87 119 
87 143 
87 254 
87 434 
87 472 
87 477 
88 96 
88 213 
88 225 
88 243 
88 294 
88 330 
88 414 
88 433 
88 477 
89 129 
89 152 
89 220 
89 234 
89 335 
89 353 
91 100 
91 141 
91 154 
91 200 
91 257 
91 359 
91 372 
91 378 
91 486 
92 148 
92 204 
92 241 
92 293 
92 422 
92 425 
93 136 
93 158 
93 185 
93 238 
93 247 
93 263 
93 281 
93 290 
93 424 
93 440 
94 98 
94 140 
94 181 
94 305 
95 128 
95 222 
95 251 
95 379 
96 157 
96 259 
96 430 
97 106 
97 128 
97 196 
97 219 
97 227 
97 290 
98 351 
98 406 
99 232 
99 291 
99 447 
99 463 
99 466 
100 104 
100 124 
100 208 
100 228 
100 315 
101 130 
101 210 
101 320 
101 392 
101 478 
102 137 
102 167 
102 344 
102 367 
103 198 
103 317 
103 354 
103 375 
104 463 
105 226 
105 282 
105 287 
105 394 
106 274 
106 335 
107 158 
107 180 
107 264 
107 286 
107 430 
108 157 
108 207 
108 273 
109 131 
109 420 
109 428 
110 122 
110 138 
110 398 
110 487 
111 135 
111 183 
111 202 
111 337 
111 497 
113 244 
113 333 
113 341 
113 359 
113 406 
113 440 
113 453 
114 479 
115 121 
115 185 
115 309 
115 383 
115 390 
116 219 
116 273 
116 279 
116 443 
117 424 
118 165 
118 195 
118 202 
118 213 
118 258 
118 264 
118 296 
119 153 
119 439 
119 481 
119 482 
120 159 
120 184 
120 208 
120 253 
120 330 
120 429 
120 470 
120 474 
121 221 
121 242 
121 284 
121 293 
121 393 
121 401 
121 487 
122 215 
122 239 
122 280 
122 304 
123 132 
123 346 
123 407 
123 468 
124 150 
124 176 
124 240 
124 250 
124 296 
124 307 
124 341 
124 468 
125 151 
125 193 
125 283 
125 288 
125 323 
125 325 
125 458 
126 131 
126 220 
127 163 
128 225 
128 227 
128 228 
128 253 
128 334 
128 485 
129 466 
131 258 
131 301 
131 305 
132 161 
132 211 
132 324 
132 329 
132 435 
134 220 
134 245 
134 415 
135 219 
136 157 
136 169 
136 257 
136 265 
136 269 
136 476 
137 165 
137 190 
137 192 
137 415 
137 492 
138 144 
138 146 
138 243 
138 249 
138 286 
138 344 
138 416 
138 434 
138 463 
139 169 
139 205 
139 224 
139 388 
140 163 
140 316 
141 178 
141 188 
141 212 
141 297 
141 357 
141 409 
141 416 
141 423 
142 224 
142 399 
143 164 
143 300 
143 333 
143 427 
143 468 
143 471 
143 496 
144 288 
144 365 
144 402 
144 461 
144 487 
145 192 
145 234 
145 389 
146 149 
146 176 
146 256 
146 315 
146 342 
146 348 
146 378 
146 477 
147 151 
147 281 
147 295 
147 383 
147 444 
148 155 
148 185 
148 188 
148 214 
148 231 
148 242 
148 304 
148 438 
149 193 
149 264 
149 332 
149 335 
149 448 
150 167 
150 240 
150 252 
150 303 
150 389 
151 201 
151 250 
152 178 
152 180 
152 263 
152 291 
152 372 
153 217 
153 246 
153 249 
153 255 
154 285 
154 310 
154 330 
154 459 
155 197 
156 177 
156 273 
156 303 
156 313 
156 367 
156 462 
157 264 
157 311 
158 252 
158 377 
158 394 
158 417 
159 170 
159 187 
159 269 
159 344 
159 351 
159 388 
159 426 
160 312 
160 362 
161 216 
161 291 
161 445 
161 481 
162 216 
162 372 
162 382 
162 415 
162 490 
163 172 
163 384 
163 442 
164 479 
165 274 
165 350 
165 444 
165 472 
166 168 
166 188 
166 193 
166 275 
166 302 
166 366 
166 439 
167 213 
167 221 
167 313 
167 368 
167 397 
167 493 
169 172 
169 234 
169 339 
169 342 
169 417 
171 175 
171 255 
171 268 
171 275 
171 276 
171 321 
171 381 
171 454 
171 465 
172 203 
172 233 
173 225 
173 336 
173 384 
173 484 
175 261 
175 422 
175 496 
176 244 
176 332 
177 272 
177 455 
178 346 
178 348 
179 208 
179 215 
179 339 
179 374 
180 183 
180 190 
180 281 
180 404 
180 460 
182 250 
182 310 
182 468 
183 222 
183 235 
183 447 
184 198 
184 260 
184 396 
184 445 
185 209 
186 391 
186 403 
186 453 
187 372 
188 245 
188 416 
190 210 
190 452 
191 251 
191 267 
191 299 
191 337 
191 351 
191 411 
193 378 
195 248 
195 337 
195 419 
195 433 
197 229 
197 272 
197 333 
197 438 
198 227 
198 241 
198 255 
198 290 
198 418 
198 435 
199 204 
199 266 
199 342 
201 267 
201 298 
201 412 
201 443 
201 483 
202 205 
202 231 
202 318 
202 326 
203 413 
204 368 
204 410 
204 474 
205 329 
205 381 
205 405 
206 446 
206 476 
207 339 
207 374 
207 448 
207 475 
207 478 
208 325 
209 254 
210 484 
211 352 
211 469 
213 319 
213 340 
214 217 
214 255 
214 396 
216 346 
217 231 
217 237 
217 282 
217 328 
218 309 
218 320 
218 410 
219 277 
219 384 
219 497 
220 327 
220 348 
220 362 
220 471 
221 349 
222 366 
223 431 
223 487 
224 246 
224 259 
224 295 
224 305 
224 417 
226 271 
226 316 
228 263 
228 299 
228 479 
230 234 
230 236 
230 298 
230 386 
230 437 
231 239 
231 270 
232 271 
234 368 
234 382 
238 420 
239 283 
239 296 
239 309 
239 323 
239 374 
239 381 
239 385 
239 391 
240 411 
241 301 
242 267 
242 297 
244 288 
244 342 
244 395 
245 322 
245 408 
248 357 
248 430 
249 472 
251 257 
252 334 
252 420 
253 277 
254 270 
255 357 
258 370 
258 451 
262 380 
263 395 
263 406 
264 317 
264 346 
265 297 
266 294 
266 325 
266 327 
266 399 
268 404 
268 436 
270 271 
270 332 
270 443 
270 475 
271 427 
272 358 
273 351 
277 379 
282 326 
283 491 
285 324 
285 436 
285 455 
287 402 
288 307 
289 473 
293 373 
294 371 
295 379 
295 409 
296 313 
296 331 
297 376 
298 374 
298 464 
299 392 
300 322 
300 356 
300 379 
300 390 
300 423 
301 449 
301 494 
302 320 
302 331 
302 335 
302 387 
302 400 
303 422 
305 313 
305 421 
305 483 
306 323 
307 411 
307 462 
307 478 
308 429 
311 447 
313 319 
313 473 
314 488 
316 383 
317 355 
318 453 
318 457 
322 456 
322 465 
324 470 
324 471 
326 392 
330 334 
330 352 
331 393 
335 473 
336 407 
337 439 
339 380 
339 389 
341 386 
344 480 
345 448 
348 380 
348 499 
351 354 
352 359 
357 457 
357 480 
358 437 
359 390 
359 450 
360 386 
360 479 
362 385 
362 396 
362 409 
362 459 
363 449 
366 392 
368 408 
368 431 
370 419 
371 380 
371 405 
371 463 
371 466 
371 489 
373 493 
377 403 
377 431 
379 405 
379 436 
382 408 
382 430 
384 449 
389 436 
390 413 
391 417 
391 492 
394 418 
395 398 
396 470 
399 418 
399 499 
406 442 
406 475 
407 489 
412 490 
417 498 
422 482 
429 462 
436 456 
442 444 
445 461 
446 499 
462 475 
469 488 
