false
false
500
1988
0 1 
0 3 
0 4 
0 5 
0 15 
0 16 
0 17 
0 26 
0 38 
0 58 
0 66 
0 70 
0 75 
0 76 
0 88 
0 108 
0 120 
0 138 
0 146 
0 154 
0 195 
0 201 
0 234 
0 243 
0 251 
0 259 
0 260 
0 262 
0 283 
0 321 
0 325 
0 331 
0 350 
0 352 
0 372 
0 411 
0 420 
0 450 
1 2 
1 4 
1 7 
1 8 
1 11 
1 13 
1 15 
1 25 
1 26 
1 28 
1 36 
1 38 
1 42 
1 51 
1 52 
1 55 
1 57 
1 62 
1 63 
1 64 
1 71 
1 72 
1 73 
1 83 
1 93 
1 112 
1 115 
1 117 
1 133 
1 140 
1 149 
1 161 
1 172 
1 176 
1 186 
1 197 
1 214 
1 218 
1 259 
1 275 
1 278 
1 289 
1 290 
1 300 
1 305 
1 333 
1 361 
1 377 
1 384 
1 395 
1 429 
1 439 
1 473 
1 486 
2 3 
2 4 
2 5 
2 6 
2 8 
2 9 
2 10 
2 14 
2 18 
2 19 
2 20 
2 23 
2 24 
2 27 
2 28 
2 33 
2 35 
2 36 
2 54 
2 55 
2 71 
2 72 
2 76 
2 79 
2 82 
2 97 
2 100 
2 105 
2 109 
2 147 
2 168 
2 173 
2 187 
2 208 
2 231 
2 248 
2 254 
2 258 
2 293 
2 295 
2 298 
2 302 
2 346 
2 379 
2 380 
2 392 
2 397 
2 399 
2 402 
2 409 
2 419 
2 451 
2 481 
3 4 
3 5 
3 6 
3 7 
3 8 
3 11 
3 15 
3 17 
3 19 
3 21 
3 33 
3 53 
3 54 
3 59 
3 74 
3 76 
3 87 
3 92 
3 98 
3 124 
3 129 
3 137 
3 138 
3 158 
3 161 
3 170 
3 200 
3 210 
3 219 
3 269 
3 287 
3 327 
3 355 
3 382 
3 427 
3 442 
3 446 
3 460 
3 498 
4 5 
4 6 
4 7 
4 9 
4 12 
4 17 
4 26 
4 27 
4 29 
4 31 
4 34 
4 38 
4 41 
4 45 
4 47 
4 50 
4 54 
4 62 
4 67 
4 69 
4 78 
4 84 
4 98 
4 100 
4 123 
4 134 
4 141 
4 146 
4 148 
4 151 
4 182 
4 196 
4 204 
4 220 
4 222 
4 233 
4 265 
4 336 
4 347 
4 352 
4 386 
4 418 
4 420 
4 435 
4 455 
5 6 
5 10 
5 11 
5 12 
5 13 
5 19 
5 31 
5 35 
5 40 
5 43 
5 45 
5 46 
5 47 
5 48 
5 51 
5 52 
5 60 
5 62 
5 63 
5 64 
5 69 
5 77 
5 79 
5 82 
5 123 
5 133 
5 151 
5 156 
5 157 
5 158 
5 177 
5 181 
5 183 
5 191 
5 196 
5 198 
5 203 
5 206 
5 207 
5 220 
5 237 
5 249 
5 257 
5 258 
5 277 
5 299 
5 309 
5 327 
5 328 
5 338 
5 343 
5 353 
5 356 
5 371 
5 374 
5 390 
5 400 
5 401 
5 402 
5 404 
5 430 
5 436 
5 445 
5 447 
5 464 
5 468 
5 497 
6 7 
6 12 
6 20 
6 29 
6 35 
6 41 
6 44 
6 61 
6 67 
6 73 
6 77 
6 90 
6 95 
6 116 
6 126 
6 130 
6 135 
6 149 
6 176 
6 193 
6 202 
6 253 
6 260 
6 300 
6 307 
6 318 
6 368 
6 387 
6 399 
6 481 
6 489 
6 498 
7 8 
7 9 
7 10 
7 11 
7 14 
7 16 
7 19 
7 29 
7 30 
7 32 
7 34 
7 42 
7 44 
7 46 
7 53 
7 59 
7 68 
7 70 
7 74 
7 85 
7 91 
7 95 
7 101 
7 102 
7 113 
7 114 
7 118 
7 120 
7 135 
7 141 
7 144 
7 160 
7 165 
7 186 
7 201 
7 211 
7 215 
7 226 
7 261 
7 267 
7 278 
7 304 
7 351 
7 360 
7 369 
7 373 
7 389 
7 398 
7 424 
7 433 
7 436 
7 450 
7 464 
7 467 
7 472 
7 477 
7 484 
8 9 
8 10 
8 12 
8 13 
8 14 
8 17 
8 18 
8 20 
8 21 
8 23 
8 26 
8 34 
8 39 
8 52 
8 70 
8 75 
8 89 
8 99 
8 103 
8 110 
8 124 
8 135 
8 138 
8 153 
8 177 
8 185 
8 189 
8 237 
8 246 
8 266 
8 274 
8 279 
8 311 
8 344 
8 387 
8 407 
8 460 
8 486 
9 15 
9 16 
9 33 
9 47 
9 48 
9 50 
9 56 
9 60 
9 65 
9 74 
9 80 
9 90 
9 94 
9 111 
9 116 
9 154 
9 172 
9 185 
9 187 
9 250 
9 288 
9 329 
9 357 
9 369 
9 390 
9 392 
9 418 
9 421 
9 422 
9 430 
9 459 
9 463 
10 13 
10 25 
10 30 
10 32 
10 35 
10 39 
10 40 
10 41 
10 45 
10 77 
10 79 
10 85 
10 97 
10 145 
10 172 
10 197 
10 228 
10 243 
10 250 
10 317 
10 343 
10 348 
10 366 
10 396 
10 412 
10 445 
10 456 
11 14 
11 29 
11 33 
11 36 
11 50 
11 79 
11 80 
11 88 
11 120 
11 143 
11 146 
11 152 
11 158 
11 160 
11 205 
11 234 
11 240 
11 301 
11 308 
11 328 
11 339 
11 342 
11 345 
11 352 
11 363 
11 378 
11 406 
11 408 
11 422 
12 18 
12 21 
12 23 
12 24 
12 27 
12 28 
12 30 
12 48 
12 51 
12 52 
12 55 
12 71 
12 99 
12 100 
12 103 
12 104 
12 107 
12 108 
12 116 
12 118 
12 123 
12 128 
12 152 
12 178 
12 179 
12 182 
12 183 
12 194 
12 195 
12 198 
12 202 
12 211 
12 221 
12 225 
12 235 
12 263 
12 285 
12 287 
12 307 
12 327 
12 346 
12 368 
12 403 
12 413 
12 416 
12 487 
12 498 
13 36 
13 50 
13 66 
13 81 
13 128 
13 133 
13 165 
13 171 
13 190 
13 209 
13 229 
13 234 
13 275 
13 283 
13 294 
13 306 
13 338 
13 345 
13 349 
13 359 
13 362 
13 391 
13 419 
13 456 
13 465 
13 477 
14 22 
14 39 
14 48 
14 60 
14 61 
14 83 
14 106 
14 112 
14 119 
14 155 
14 223 
14 230 
14 240 
14 265 
14 272 
14 282 
14 291 
14 340 
14 344 
14 353 
14 460 
15 16 
15 21 
15 37 
15 41 
15 46 
15 49 
15 51 
15 72 
15 77 
15 78 
15 80 
15 87 
15 101 
15 107 
15 109 
15 110 
15 122 
15 127 
15 144 
15 157 
15 187 
15 204 
15 207 
15 238 
15 245 
15 269 
15 288 
15 357 
15 386 
15 398 
15 400 
15 453 
15 468 
15 470 
15 484 
16 22 
16 27 
16 34 
16 37 
16 40 
16 43 
16 56 
16 65 
16 71 
16 82 
16 90 
16 97 
16 100 
16 136 
16 192 
16 195 
16 204 
16 216 
16 226 
16 244 
16 289 
16 305 
16 309 
16 315 
16 338 
16 342 
16 348 
16 429 
16 440 
17 18 
17 24 
17 25 
17 30 
17 32 
17 45 
17 56 
17 75 
17 86 
17 92 
17 106 
17 112 
17 126 
17 150 
17 154 
17 164 
17 181 
17 184 
17 190 
17 246 
17 256 
17 258 
17 281 
17 287 
17 297 
17 304 
17 307 
17 313 
17 322 
17 326 
17 345 
17 377 
17 429 
17 490 
17 496 
18 20 
18 22 
18 37 
18 49 
18 67 
18 124 
18 126 
18 131 
18 158 
18 166 
18 185 
18 210 
18 227 
18 273 
18 293 
18 311 
18 314 
18 334 
18 449 
19 59 
19 106 
19 113 
19 114 
19 134 
19 140 
19 166 
19 246 
19 260 
19 357 
19 369 
19 482 
20 22 
20 38 
20 57 
20 58 
20 75 
20 86 
20 110 
20 132 
20 215 
20 229 
20 233 
20 252 
20 270 
20 345 
20 382 
20 388 
20 414 
20 441 
20 482 
21 23 
21 24 
21 56 
21 65 
21 73 
21 99 
21 103 
21 113 
21 115 
21 137 
21 178 
21 188 
21 228 
21 296 
21 324 
21 363 
21 470 
21 491 
21 499 
22 32 
22 61 
22 80 
22 118 
22 143 
22 150 
22 164 
22 167 
22 168 
22 169 
22 184 
22 228 
22 296 
22 356 
22 397 
22 415 
23 144 
23 257 
23 308 
23 347 
23 355 
23 476 
24 25 
24 191 
24 207 
24 212 
24 233 
24 289 
24 383 
25 31 
25 39 
25 42 
25 84 
25 127 
25 138 
25 170 
25 200 
25 320 
25 340 
25 344 
25 384 
25 457 
26 66 
26 82 
26 84 
26 162 
26 165 
26 213 
26 223 
26 271 
26 291 
26 326 
26 337 
26 468 
27 28 
27 31 
27 43 
27 156 
27 198 
27 490 
27 492 
28 60 
28 67 
28 76 
28 93 
28 132 
28 163 
28 174 
28 254 
28 263 
28 276 
28 475 
29 64 
29 72 
29 78 
29 96 
29 130 
29 176 
29 204 
29 245 
29 247 
29 354 
29 374 
29 485 
30 44 
30 63 
30 74 
30 88 
30 98 
30 139 
30 141 
30 153 
30 168 
30 264 
30 304 
30 334 
30 444 
30 453 
30 466 
31 49 
31 53 
31 66 
31 70 
31 136 
31 161 
31 213 
31 284 
31 313 
31 341 
31 488 
32 47 
32 93 
32 160 
32 174 
32 249 
32 498 
33 89 
33 111 
33 153 
33 200 
33 203 
33 241 
33 247 
33 280 
33 310 
33 325 
33 358 
33 364 
33 428 
33 493 
34 276 
35 40 
35 43 
35 59 
35 96 
35 431 
36 37 
36 42 
36 73 
36 89 
36 94 
36 97 
36 99 
36 109 
36 125 
36 126 
36 131 
36 141 
36 145 
36 168 
36 184 
36 191 
36 208 
36 214 
36 216 
36 222 
36 244 
36 267 
36 268 
36 299 
36 325 
36 339 
36 354 
36 370 
36 390 
36 404 
36 417 
36 426 
36 487 
37 55 
37 274 
37 354 
37 426 
37 445 
38 117 
38 267 
38 432 
39 61 
39 105 
39 231 
39 269 
39 316 
39 448 
40 193 
40 241 
40 270 
40 314 
40 375 
40 381 
40 434 
40 438 
40 484 
41 44 
41 46 
41 57 
41 58 
41 63 
41 81 
41 102 
41 119 
41 128 
41 156 
41 200 
41 210 
41 221 
41 247 
41 251 
41 253 
41 257 
41 272 
41 274 
41 311 
41 312 
41 349 
41 432 
41 439 
41 465 
42 84 
42 91 
42 121 
42 136 
42 175 
42 221 
42 291 
42 308 
42 344 
42 365 
42 409 
42 424 
42 483 
43 68 
43 69 
43 94 
43 129 
43 149 
43 152 
43 209 
43 215 
43 219 
43 227 
43 235 
43 336 
43 372 
44 217 
44 238 
45 49 
45 64 
45 89 
45 92 
45 132 
45 198 
45 218 
45 329 
45 350 
45 377 
45 407 
45 430 
46 90 
46 245 
46 362 
47 86 
47 91 
48 53 
48 57 
48 109 
48 121 
48 134 
48 263 
48 273 
48 275 
48 284 
48 337 
48 414 
48 425 
48 454 
49 65 
49 95 
49 206 
49 236 
49 242 
49 251 
49 258 
49 264 
49 288 
49 351 
49 448 
49 472 
49 474 
50 133 
50 155 
50 173 
50 190 
50 259 
50 282 
50 394 
50 401 
50 438 
50 488 
51 54 
51 58 
51 87 
51 104 
51 111 
51 129 
51 142 
51 147 
51 181 
51 197 
51 211 
51 227 
51 236 
51 282 
51 298 
51 306 
51 316 
51 331 
51 372 
51 436 
51 470 
51 475 
52 115 
52 119 
52 290 
52 483 
53 86 
53 119 
53 322 
53 370 
53 447 
53 463 
53 487 
54 85 
54 92 
54 105 
54 122 
54 174 
54 216 
54 320 
54 418 
55 167 
56 62 
56 69 
56 81 
56 125 
56 139 
56 203 
56 329 
56 446 
57 78 
57 151 
57 167 
57 453 
57 461 
57 474 
58 88 
58 96 
58 113 
58 174 
58 193 
58 199 
58 231 
58 309 
58 370 
58 397 
58 476 
59 68 
59 81 
59 102 
59 112 
59 129 
59 145 
59 163 
59 177 
59 180 
59 224 
59 252 
59 261 
59 265 
59 268 
59 310 
59 340 
59 355 
59 363 
59 392 
59 440 
59 443 
59 478 
60 194 
60 247 
60 326 
60 405 
60 438 
61 189 
61 287 
61 366 
61 374 
61 385 
61 464 
62 223 
63 115 
63 117 
63 130 
63 144 
63 181 
63 193 
63 481 
64 104 
64 107 
64 137 
64 170 
64 282 
64 465 
65 68 
65 83 
65 122 
65 142 
65 148 
65 183 
65 277 
65 280 
65 283 
65 296 
65 303 
65 310 
65 356 
65 404 
66 105 
66 137 
66 142 
66 159 
66 166 
66 226 
66 239 
66 256 
66 266 
66 413 
67 132 
67 163 
67 268 
67 367 
67 493 
68 106 
68 142 
68 150 
68 180 
68 244 
68 297 
68 385 
68 424 
68 458 
69 96 
69 104 
69 127 
69 203 
69 214 
69 402 
69 477 
70 108 
70 212 
70 319 
70 417 
71 91 
71 356 
72 125 
72 225 
72 336 
72 440 
72 496 
73 87 
73 136 
73 155 
73 159 
73 201 
73 232 
73 254 
73 260 
73 274 
73 302 
73 425 
74 85 
74 103 
74 250 
74 403 
74 460 
75 101 
75 121 
75 189 
75 217 
75 270 
75 289 
75 379 
76 192 
76 239 
77 94 
77 121 
77 219 
77 222 
77 273 
77 380 
78 148 
78 177 
78 207 
78 217 
78 295 
78 317 
78 324 
78 422 
79 95 
79 173 
79 175 
79 209 
79 215 
79 227 
79 303 
79 359 
79 437 
79 458 
80 140 
80 335 
80 340 
80 486 
81 125 
81 143 
81 157 
81 191 
81 278 
81 286 
81 442 
82 83 
82 101 
82 153 
82 162 
82 245 
82 248 
82 271 
82 293 
82 396 
82 452 
83 107 
83 111 
83 196 
83 205 
83 251 
83 284 
83 286 
83 311 
83 423 
84 161 
84 235 
84 237 
84 240 
84 455 
85 140 
85 152 
85 256 
85 364 
85 367 
85 483 
86 411 
86 466 
87 114 
87 117 
87 134 
87 135 
87 225 
87 238 
87 328 
88 98 
88 454 
88 485 
89 186 
89 300 
89 301 
89 367 
89 408 
89 439 
89 485 
90 182 
90 197 
90 279 
90 366 
90 405 
90 459 
90 472 
90 482 
91 128 
91 312 
91 360 
92 93 
92 213 
92 321 
92 433 
93 102 
93 108 
93 192 
94 167 
94 169 
94 217 
94 228 
94 271 
95 130 
95 151 
95 239 
95 301 
95 371 
95 376 
96 175 
96 220 
96 278 
96 387 
97 131 
97 143 
97 149 
97 176 
97 199 
97 218 
97 261 
98 171 
98 349 
99 187 
99 248 
100 171 
100 208 
100 230 
100 412 
100 445 
101 159 
101 194 
101 366 
101 423 
101 426 
101 495 
102 231 
102 276 
102 297 
102 370 
103 146 
103 147 
103 196 
103 261 
103 265 
103 290 
103 312 
103 348 
103 414 
103 427 
103 462 
103 488 
104 202 
104 205 
104 451 
105 110 
105 169 
105 185 
105 288 
105 330 
105 353 
105 382 
105 388 
105 499 
106 164 
106 295 
106 365 
106 383 
107 116 
107 232 
107 302 
107 333 
107 376 
107 424 
107 431 
108 179 
108 362 
109 114 
109 118 
109 179 
109 184 
109 263 
109 323 
110 124 
110 192 
110 322 
110 328 
111 127 
111 150 
111 183 
111 404 
111 443 
112 180 
112 199 
112 262 
113 147 
113 159 
113 489 
114 165 
114 318 
114 441 
115 139 
115 277 
115 292 
115 313 
115 321 
115 421 
116 189 
117 188 
118 123 
118 213 
118 257 
119 120 
119 455 
120 122 
120 195 
120 264 
120 285 
120 305 
120 380 
120 429 
121 162 
121 194 
121 491 
122 172 
122 214 
122 238 
122 389 
123 145 
123 242 
123 294 
124 131 
124 271 
124 425 
124 497 
125 296 
125 316 
126 160 
126 286 
126 329 
127 201 
127 212 
127 241 
127 323 
127 448 
127 469 
128 179 
129 148 
129 230 
129 242 
129 399 
130 164 
130 290 
130 361 
131 170 
131 205 
131 494 
132 162 
132 285 
133 154 
133 249 
133 325 
133 443 
133 496 
134 229 
135 139 
135 224 
135 402 
136 266 
137 232 
137 280 
137 474 
138 210 
138 363 
138 378 
138 401 
138 489 
139 254 
140 188 
140 219 
140 250 
140 253 
140 307 
140 358 
140 394 
140 441 
140 446 
142 229 
143 182 
143 306 
143 327 
144 166 
144 220 
144 232 
144 273 
144 320 
145 206 
145 216 
145 336 
145 385 
145 398 
146 156 
146 175 
147 224 
147 241 
147 412 
148 281 
148 390 
148 415 
148 447 
149 361 
150 155 
150 171 
150 178 
150 294 
151 157 
151 211 
151 436 
152 163 
152 173 
152 243 
152 272 
152 367 
152 410 
152 449 
152 464 
153 225 
153 331 
153 343 
155 433 
155 454 
156 347 
157 398 
157 407 
160 169 
160 234 
160 431 
160 483 
161 188 
162 298 
163 376 
164 180 
164 230 
164 269 
164 477 
165 209 
165 223 
165 272 
165 389 
165 411 
166 226 
166 284 
166 428 
166 432 
167 256 
167 473 
168 190 
168 248 
168 449 
169 264 
169 283 
169 434 
169 441 
171 186 
171 478 
172 199 
172 496 
173 304 
173 334 
173 479 
174 249 
174 315 
174 323 
174 359 
174 415 
174 469 
175 178 
175 206 
175 222 
175 365 
175 457 
175 468 
177 243 
179 339 
179 375 
179 384 
179 471 
179 497 
181 279 
181 298 
181 322 
181 395 
181 452 
181 473 
181 491 
185 467 
186 262 
186 308 
186 362 
186 387 
186 430 
186 469 
187 221 
187 353 
188 334 
189 313 
190 332 
190 333 
190 361 
191 341 
192 262 
192 303 
192 381 
192 386 
192 389 
192 443 
193 202 
193 312 
193 406 
194 386 
194 475 
195 233 
195 277 
196 235 
197 252 
197 467 
199 212 
199 236 
199 292 
199 323 
199 335 
200 448 
201 208 
201 253 
201 351 
202 218 
202 281 
202 319 
202 435 
203 469 
204 240 
204 297 
204 324 
204 391 
205 337 
205 383 
205 425 
206 490 
207 255 
207 419 
207 459 
209 358 
209 359 
209 388 
210 455 
211 368 
211 437 
212 281 
212 310 
212 331 
213 295 
214 237 
214 244 
214 342 
214 347 
214 350 
214 471 
214 474 
215 224 
215 236 
215 242 
215 326 
215 403 
215 442 
215 479 
216 267 
216 276 
216 293 
216 330 
216 378 
216 388 
216 399 
216 406 
217 371 
217 393 
219 343 
219 403 
220 259 
220 427 
221 352 
222 275 
222 382 
223 395 
223 465 
225 360 
227 255 
227 292 
227 294 
227 309 
227 348 
227 360 
227 364 
227 435 
229 478 
230 364 
230 409 
232 239 
232 315 
232 428 
233 252 
233 381 
234 374 
235 246 
235 255 
235 320 
235 335 
235 391 
235 462 
236 417 
237 255 
238 480 
241 401 
243 315 
243 416 
243 444 
244 314 
244 492 
245 358 
246 299 
246 417 
246 420 
246 432 
246 444 
248 292 
248 318 
248 350 
250 472 
251 392 
251 410 
252 279 
252 475 
252 480 
252 484 
254 270 
254 306 
254 317 
254 333 
255 463 
256 266 
256 268 
256 285 
256 324 
256 332 
256 412 
256 421 
256 458 
257 299 
257 342 
257 434 
258 286 
258 393 
258 419 
259 332 
260 357 
260 416 
262 318 
262 330 
262 338 
262 383 
263 497 
264 493 
266 319 
268 319 
268 405 
268 438 
268 499 
269 303 
269 491 
270 461 
271 300 
271 301 
271 375 
271 490 
274 280 
274 377 
274 413 
276 316 
277 426 
277 471 
277 485 
280 479 
282 330 
282 444 
283 365 
283 494 
283 495 
286 291 
288 368 
288 405 
290 305 
290 427 
291 302 
291 437 
292 375 
293 492 
295 415 
297 337 
297 480 
297 495 
300 422 
302 341 
303 332 
303 494 
304 411 
304 470 
305 428 
305 450 
305 459 
305 493 
306 314 
306 373 
306 433 
309 489 
310 379 
310 416 
310 452 
311 396 
313 321 
314 317 
315 373 
315 410 
316 349 
317 339 
317 372 
317 463 
318 379 
319 346 
319 397 
321 380 
322 355 
322 381 
323 385 
326 408 
328 351 
328 457 
329 341 
329 413 
331 406 
332 335 
332 393 
332 456 
335 346 
335 440 
336 396 
337 466 
339 376 
340 354 
343 408 
344 456 
346 378 
347 369 
347 394 
347 480 
348 409 
349 473 
351 394 
352 462 
353 437 
353 449 
354 391 
357 400 
357 421 
358 371 
358 400 
359 435 
360 420 
360 423 
361 495 
362 418 
363 442 
366 395 
367 373 
368 434 
370 431 
372 461 
373 450 
376 407 
376 462 
380 384 
380 451 
381 423 
382 393 
382 410 
383 476 
387 414 
387 439 
393 488 
394 476 
395 486 
400 446 
400 447 
400 461 
400 487 
400 494 
405 452 
405 481 
414 453 
414 457 
420 478 
421 454 
422 451 
428 458 
435 467 
439 482 
445 499 
455 466 
457 492 
459 471 
473 479 
