false
false
500
1988
0 1 
0 3 
0 4 
0 5 
0 6 
0 7 
0 8 
0 10 
0 11 
0 12 
0 13 
0 14 
0 16 
0 17 
0 18 
0 19 
0 20 
0 21 
0 24 
0 26 
0 28 
0 30 
0 31 
0 32 
0 33 
0 35 
0 47 
0 52 
0 53 
0 59 
0 63 
0 72 
0 80 
0 81 
0 91 
0 101 
0 106 
0 107 
0 111 
0 119 
0 148 
0 153 
0 157 
0 165 
0 171 
0 172 
0 174 
0 176 
0 186 
0 190 
0 193 
0 194 
0 201 
0 203 
0 205 
0 206 
0 211 
0 226 
0 232 
0 247 
0 248 
0 253 
0 264 
0 269 
0 282 
0 286 
0 288 
0 317 
0 323 
0 324 
0 325 
0 326 
0 355 
0 356 
0 360 
0 364 
0 373 
0 374 
0 393 
0 396 
0 397 
0 405 
0 412 
0 423 
0 434 
0 443 
0 451 
0 459 
0 470 
0 476 
0 486 
1 2 
1 4 
1 13 
1 22 
1 29 
1 37 
1 67 
1 71 
1 77 
1 87 
1 88 
1 102 
1 108 
1 114 
1 129 
1 132 
1 136 
1 156 
1 173 
1 231 
1 265 
1 267 
1 305 
1 338 
1 348 
1 361 
1 363 
1 377 
1 399 
1 408 
1 411 
1 415 
1 427 
1 437 
1 454 
1 472 
2 3 
2 4 
2 5 
2 6 
2 7 
2 9 
2 13 
2 15 
2 16 
2 19 
2 28 
2 34 
2 43 
2 44 
2 46 
2 47 
2 48 
2 49 
2 51 
2 52 
2 54 
2 66 
2 68 
2 71 
2 72 
2 75 
2 78 
2 81 
2 83 
2 90 
2 91 
2 93 
2 96 
2 103 
2 104 
2 106 
2 117 
2 138 
2 143 
2 144 
2 147 
2 153 
2 154 
2 162 
2 163 
2 188 
2 200 
2 202 
2 206 
2 232 
2 234 
2 242 
2 258 
2 260 
2 269 
2 273 
2 274 
2 276 
2 279 
2 281 
2 289 
2 290 
2 306 
2 344 
2 345 
2 346 
2 357 
2 420 
2 444 
2 446 
2 449 
2 457 
2 495 
2 499 
3 4 
3 5 
3 6 
3 7 
3 8 
3 11 
3 15 
3 40 
3 50 
3 59 
3 85 
3 100 
3 104 
3 159 
3 161 
3 191 
3 211 
3 227 
3 246 
3 248 
3 268 
3 279 
3 291 
3 298 
3 314 
3 332 
3 340 
3 371 
3 372 
3 412 
3 427 
3 440 
3 448 
3 451 
4 5 
4 6 
4 7 
4 9 
4 10 
4 26 
4 29 
4 30 
4 31 
4 39 
4 41 
4 43 
4 48 
4 55 
4 64 
4 70 
4 75 
4 76 
4 83 
4 109 
4 128 
4 147 
4 149 
4 160 
4 177 
4 178 
4 183 
4 207 
4 215 
4 216 
4 217 
4 218 
4 239 
4 240 
4 241 
4 249 
4 259 
4 273 
4 293 
4 301 
4 307 
4 342 
4 358 
4 363 
4 378 
4 387 
4 392 
4 409 
4 419 
4 421 
4 448 
4 450 
4 465 
4 478 
4 482 
5 8 
5 10 
5 11 
5 21 
5 26 
5 34 
5 36 
5 48 
5 52 
5 53 
5 77 
5 95 
5 97 
5 110 
5 116 
5 127 
5 138 
5 155 
5 167 
5 187 
5 216 
5 229 
5 230 
5 236 
5 263 
5 265 
5 338 
5 384 
5 417 
5 429 
5 442 
5 459 
5 465 
5 494 
6 8 
6 9 
6 12 
6 14 
6 19 
6 20 
6 23 
6 30 
6 42 
6 65 
6 68 
6 69 
6 81 
6 82 
6 98 
6 147 
6 158 
6 186 
6 209 
6 224 
6 254 
6 271 
6 295 
6 332 
6 337 
6 347 
6 382 
6 383 
6 418 
6 474 
7 9 
7 13 
7 14 
7 15 
7 17 
7 18 
7 28 
7 29 
7 30 
7 45 
7 75 
7 84 
7 94 
7 100 
7 134 
7 142 
7 151 
7 164 
7 166 
7 189 
7 223 
7 240 
7 309 
7 345 
7 355 
7 381 
7 397 
7 408 
7 452 
8 11 
8 19 
8 24 
8 25 
8 29 
8 38 
8 46 
8 62 
8 69 
8 74 
8 123 
8 200 
8 220 
8 256 
8 304 
8 348 
8 394 
9 10 
9 12 
9 17 
9 18 
9 23 
9 31 
9 34 
9 37 
9 58 
9 60 
9 62 
9 65 
9 68 
9 73 
9 76 
9 85 
9 89 
9 98 
9 105 
9 107 
9 131 
9 139 
9 142 
9 206 
9 208 
9 214 
9 219 
9 225 
9 246 
9 253 
9 257 
9 267 
9 290 
9 305 
9 306 
9 316 
9 332 
9 357 
9 365 
9 375 
9 397 
9 407 
9 455 
9 456 
9 479 
10 12 
10 15 
10 20 
10 24 
10 36 
10 57 
10 76 
10 101 
10 104 
10 107 
10 111 
10 116 
10 124 
10 138 
10 145 
10 146 
10 161 
10 176 
10 259 
10 276 
10 308 
10 309 
10 317 
10 318 
10 374 
10 403 
10 409 
10 441 
10 446 
10 477 
11 21 
11 22 
11 26 
11 32 
11 35 
11 44 
11 45 
11 57 
11 59 
11 63 
11 69 
11 77 
11 80 
11 86 
11 145 
11 183 
11 221 
11 232 
11 276 
11 287 
11 340 
11 350 
11 354 
11 378 
11 382 
11 386 
11 426 
11 433 
12 22 
12 37 
12 38 
12 42 
12 46 
12 49 
12 57 
12 61 
12 67 
12 90 
12 91 
12 92 
12 93 
12 95 
12 96 
12 114 
12 127 
12 130 
12 133 
12 134 
12 146 
12 169 
12 187 
12 188 
12 189 
12 199 
12 241 
12 258 
12 277 
12 286 
12 294 
12 333 
12 343 
12 354 
12 389 
12 394 
12 423 
13 14 
13 16 
13 17 
13 18 
13 21 
13 24 
13 31 
13 33 
13 34 
13 44 
13 51 
13 52 
13 56 
13 64 
13 78 
13 86 
13 116 
13 119 
13 121 
13 141 
13 152 
13 155 
13 157 
13 164 
13 165 
13 169 
13 180 
13 182 
13 199 
13 202 
13 207 
13 214 
13 216 
13 217 
13 221 
13 225 
13 227 
13 248 
13 261 
13 262 
13 269 
13 277 
13 301 
13 316 
13 321 
13 328 
13 375 
13 423 
13 452 
13 461 
13 464 
13 480 
13 484 
14 20 
14 36 
14 37 
14 38 
14 40 
14 41 
14 53 
14 134 
14 146 
14 181 
14 201 
14 254 
14 262 
14 282 
14 299 
14 300 
14 323 
14 324 
14 330 
14 381 
14 426 
14 439 
14 465 
15 16 
15 27 
15 47 
15 51 
15 56 
15 140 
15 253 
15 257 
15 272 
15 279 
15 356 
15 433 
15 460 
15 485 
16 22 
16 23 
16 50 
16 88 
16 106 
16 132 
16 148 
16 180 
16 196 
16 266 
16 316 
16 337 
16 468 
16 471 
16 490 
17 23 
17 25 
17 27 
17 36 
17 40 
17 47 
17 77 
17 88 
17 99 
17 132 
17 153 
17 167 
17 170 
17 184 
17 186 
17 190 
17 192 
17 215 
17 223 
17 251 
17 286 
17 288 
17 292 
17 318 
17 347 
17 358 
17 361 
17 398 
17 456 
17 458 
17 463 
17 473 
18 27 
18 66 
18 85 
18 91 
18 120 
18 135 
18 156 
18 257 
18 494 
19 103 
19 196 
19 217 
19 329 
20 39 
20 80 
20 87 
20 103 
20 105 
20 125 
20 136 
20 161 
20 235 
20 282 
20 311 
20 329 
20 400 
21 27 
21 35 
21 60 
21 69 
21 70 
21 76 
21 125 
21 179 
21 182 
21 194 
21 241 
21 246 
21 280 
21 287 
21 334 
21 340 
21 432 
21 487 
21 499 
22 25 
22 28 
22 32 
22 39 
22 46 
22 89 
22 90 
22 150 
22 234 
22 239 
22 267 
22 274 
22 283 
22 341 
22 375 
22 404 
22 495 
23 25 
23 41 
23 78 
23 99 
23 130 
23 143 
23 170 
23 368 
23 413 
23 467 
23 469 
23 481 
23 490 
24 32 
24 61 
24 66 
24 92 
24 102 
24 103 
24 131 
24 137 
24 143 
24 168 
24 173 
24 187 
24 246 
24 263 
24 271 
24 281 
24 311 
24 325 
24 328 
24 333 
24 349 
25 50 
25 65 
25 78 
25 86 
25 172 
25 360 
25 410 
26 49 
26 54 
26 89 
26 94 
26 98 
26 112 
26 118 
26 121 
26 133 
26 152 
26 156 
26 209 
26 219 
26 265 
26 315 
26 353 
26 391 
26 402 
26 448 
26 483 
27 93 
27 113 
27 158 
27 163 
27 169 
27 377 
28 39 
28 67 
28 84 
28 124 
28 132 
28 179 
28 221 
28 300 
28 391 
29 33 
29 41 
29 43 
29 45 
29 48 
29 49 
29 50 
29 197 
29 201 
29 232 
29 249 
29 320 
29 369 
29 379 
30 33 
30 38 
30 45 
30 57 
30 58 
30 61 
30 62 
30 71 
30 73 
30 74 
30 95 
30 113 
30 122 
30 130 
30 141 
30 154 
30 171 
30 182 
30 198 
30 213 
30 244 
30 263 
30 266 
30 293 
30 311 
30 335 
30 337 
30 339 
30 379 
30 383 
30 385 
30 386 
30 424 
30 444 
30 480 
30 481 
30 484 
31 53 
31 59 
31 83 
31 169 
31 228 
31 472 
32 35 
32 108 
32 183 
32 224 
32 424 
32 480 
32 498 
33 63 
33 95 
33 110 
33 151 
33 181 
33 189 
33 203 
33 243 
33 248 
33 285 
33 349 
33 359 
33 468 
33 493 
34 40 
34 44 
34 80 
34 115 
34 119 
34 123 
34 126 
34 142 
34 148 
34 209 
34 302 
34 321 
34 339 
34 366 
34 437 
34 491 
35 42 
35 43 
35 60 
35 70 
35 74 
35 89 
35 111 
35 115 
35 144 
35 149 
35 178 
35 207 
35 209 
35 237 
35 256 
35 263 
35 292 
35 339 
35 351 
35 410 
35 431 
35 432 
35 457 
36 171 
36 191 
37 56 
37 138 
37 310 
37 479 
37 496 
38 106 
38 154 
38 214 
38 475 
39 63 
39 144 
39 185 
40 320 
40 324 
40 341 
41 42 
41 70 
41 96 
41 151 
41 198 
41 360 
41 367 
41 372 
41 411 
42 55 
42 58 
42 65 
42 101 
42 164 
42 186 
42 190 
42 197 
42 228 
42 238 
42 321 
42 332 
42 351 
42 470 
42 486 
43 108 
43 133 
43 145 
43 211 
43 247 
43 370 
43 386 
43 440 
43 442 
44 51 
44 54 
44 73 
44 101 
44 112 
44 113 
44 117 
44 118 
44 126 
44 130 
44 162 
44 239 
44 247 
44 285 
44 335 
44 354 
44 390 
44 399 
44 455 
45 79 
45 98 
45 153 
45 187 
45 195 
45 221 
45 224 
45 250 
45 279 
45 284 
46 55 
46 449 
47 61 
47 64 
47 87 
47 123 
47 135 
47 302 
47 450 
47 493 
48 66 
48 84 
48 87 
48 90 
48 140 
48 150 
48 164 
48 170 
48 171 
48 173 
48 184 
48 213 
48 300 
48 313 
48 386 
48 408 
48 412 
49 54 
49 62 
49 126 
49 135 
49 140 
49 162 
49 165 
49 175 
49 192 
49 231 
50 58 
50 120 
50 140 
50 327 
50 352 
50 377 
50 427 
50 435 
51 56 
51 117 
51 176 
51 202 
51 229 
51 280 
51 294 
51 316 
51 336 
51 368 
51 369 
51 420 
51 473 
52 64 
52 82 
52 231 
52 245 
52 260 
52 343 
52 347 
52 487 
53 141 
53 218 
53 231 
53 275 
53 328 
53 334 
53 359 
53 435 
54 55 
54 60 
54 109 
54 122 
54 213 
54 220 
54 315 
54 406 
54 488 
55 71 
55 135 
55 148 
55 428 
55 464 
55 475 
55 479 
56 79 
56 86 
56 219 
56 320 
56 335 
56 360 
56 363 
56 382 
57 68 
57 97 
57 142 
57 161 
57 269 
57 361 
58 92 
58 177 
58 208 
58 312 
58 398 
58 464 
58 498 
59 75 
59 82 
59 94 
59 112 
59 160 
59 193 
59 225 
59 264 
59 283 
59 284 
59 390 
59 395 
59 413 
59 418 
59 496 
60 82 
60 121 
60 141 
60 144 
60 189 
60 257 
60 306 
60 346 
60 385 
60 387 
60 421 
60 446 
61 67 
61 93 
61 110 
62 72 
62 136 
62 175 
62 178 
62 200 
62 229 
62 261 
62 307 
62 453 
62 456 
62 477 
63 100 
63 194 
63 234 
63 242 
63 290 
63 295 
63 342 
63 355 
63 455 
64 74 
64 111 
64 118 
64 376 
64 384 
65 84 
65 174 
65 202 
65 252 
65 258 
65 314 
65 334 
65 342 
65 400 
66 155 
66 185 
66 191 
66 195 
66 297 
67 81 
67 83 
67 100 
67 109 
67 124 
67 168 
67 225 
67 353 
67 467 
67 480 
68 180 
68 235 
68 237 
68 280 
69 72 
69 73 
69 79 
69 112 
69 131 
69 139 
69 167 
69 184 
69 192 
69 218 
69 227 
69 260 
69 304 
69 380 
69 381 
69 430 
69 453 
70 317 
70 453 
70 479 
71 178 
71 234 
71 268 
71 304 
71 356 
71 403 
72 96 
72 125 
72 174 
72 264 
72 271 
72 327 
72 380 
72 392 
72 417 
72 451 
72 489 
73 123 
73 151 
73 255 
73 284 
74 251 
75 85 
75 107 
75 233 
75 268 
75 408 
75 459 
75 477 
76 79 
76 102 
76 179 
76 274 
77 97 
77 117 
77 124 
77 126 
77 150 
77 222 
77 250 
77 291 
77 439 
78 336 
78 382 
78 430 
79 99 
79 122 
79 137 
79 181 
79 218 
79 281 
79 331 
79 416 
80 110 
80 129 
80 403 
80 443 
81 118 
81 131 
81 152 
81 158 
81 183 
81 274 
81 289 
81 290 
81 415 
82 149 
82 230 
82 245 
82 322 
82 369 
82 416 
83 120 
83 156 
83 177 
83 181 
83 206 
83 233 
83 330 
83 345 
83 387 
83 401 
83 449 
83 489 
84 88 
84 105 
84 270 
84 416 
84 421 
85 145 
85 165 
85 195 
85 197 
85 251 
85 270 
85 323 
85 343 
85 417 
86 99 
86 104 
86 328 
86 370 
86 391 
86 426 
86 447 
87 166 
87 168 
87 177 
87 214 
87 288 
88 92 
88 94 
88 134 
88 204 
88 247 
88 442 
88 447 
88 464 
88 482 
89 115 
89 199 
89 226 
89 229 
89 235 
89 299 
89 300 
89 411 
89 463 
90 102 
90 383 
90 442 
91 238 
92 121 
92 127 
92 128 
92 139 
92 158 
92 160 
92 223 
92 241 
92 278 
92 285 
92 297 
92 329 
92 440 
93 116 
93 119 
93 147 
93 188 
93 244 
93 253 
93 327 
93 413 
93 418 
93 424 
94 146 
94 188 
94 237 
94 245 
95 490 
96 97 
96 120 
96 122 
96 125 
96 129 
96 137 
96 353 
96 365 
96 388 
96 470 
97 355 
98 159 
98 166 
98 172 
98 207 
98 222 
98 233 
98 236 
98 295 
98 296 
98 356 
98 388 
98 420 
98 456 
99 157 
100 105 
100 129 
100 143 
100 283 
100 318 
100 392 
101 139 
101 201 
101 205 
101 222 
101 272 
101 319 
101 339 
101 422 
101 450 
102 109 
102 113 
102 137 
102 173 
102 198 
102 212 
102 455 
102 460 
102 471 
102 498 
103 175 
103 387 
103 393 
103 495 
104 108 
104 185 
104 210 
104 491 
105 115 
105 364 
105 380 
105 477 
106 163 
107 475 
108 114 
108 243 
108 298 
108 357 
108 368 
108 428 
108 445 
109 127 
109 160 
109 174 
109 176 
109 228 
109 441 
110 168 
110 204 
111 114 
111 159 
111 338 
111 345 
111 379 
111 425 
111 495 
112 425 
112 428 
113 180 
113 351 
113 405 
113 473 
114 128 
114 238 
114 239 
114 494 
115 152 
115 440 
115 445 
116 203 
116 240 
116 280 
116 409 
117 215 
117 230 
117 266 
117 348 
117 365 
118 193 
119 305 
119 452 
120 275 
120 366 
120 410 
122 249 
122 289 
122 296 
122 326 
122 353 
123 313 
123 430 
124 359 
126 133 
126 377 
126 476 
127 128 
127 216 
127 296 
127 302 
127 308 
127 326 
127 397 
127 463 
128 154 
128 200 
129 472 
129 481 
130 136 
130 166 
130 433 
131 212 
131 308 
132 208 
132 250 
132 287 
132 292 
132 396 
134 492 
135 196 
135 203 
135 236 
135 273 
135 291 
135 352 
135 429 
136 301 
137 369 
137 419 
138 167 
138 255 
138 310 
138 476 
139 155 
139 162 
139 185 
139 210 
139 396 
140 220 
140 334 
140 401 
140 497 
141 322 
142 198 
142 415 
143 149 
143 157 
143 211 
143 227 
143 261 
143 436 
144 244 
144 466 
145 204 
145 402 
146 163 
146 255 
146 363 
146 435 
148 420 
149 150 
149 370 
150 243 
150 256 
150 258 
150 278 
150 304 
151 219 
151 252 
151 389 
151 394 
152 159 
152 175 
152 210 
152 230 
152 250 
152 277 
153 226 
153 260 
153 348 
153 371 
154 266 
154 329 
154 368 
154 424 
154 441 
155 170 
155 172 
155 272 
155 335 
155 393 
156 196 
156 204 
156 267 
157 483 
158 182 
159 396 
160 191 
160 303 
160 327 
162 321 
163 195 
163 217 
163 242 
163 262 
163 352 
163 362 
163 391 
163 439 
165 212 
165 220 
165 307 
165 312 
165 325 
165 460 
166 224 
166 297 
167 192 
167 259 
167 298 
167 407 
167 447 
168 293 
169 275 
169 310 
169 373 
169 414 
170 193 
170 273 
170 462 
171 305 
171 317 
171 318 
172 179 
172 197 
173 184 
173 190 
174 291 
175 276 
175 281 
175 351 
175 436 
176 262 
176 264 
176 385 
177 330 
177 441 
178 235 
178 385 
179 213 
179 288 
179 337 
179 362 
179 392 
179 426 
181 205 
181 245 
181 286 
181 324 
181 422 
182 299 
183 226 
183 401 
183 438 
184 199 
184 233 
184 307 
184 357 
184 388 
184 398 
185 205 
185 222 
185 223 
185 462 
186 346 
187 259 
187 364 
188 194 
188 483 
189 309 
189 445 
189 449 
190 444 
192 359 
193 254 
193 373 
193 375 
195 238 
195 496 
196 342 
196 430 
196 457 
196 472 
198 244 
198 400 
198 407 
198 436 
198 466 
199 436 
200 344 
200 486 
201 210 
201 294 
202 297 
202 474 
203 237 
203 486 
204 208 
204 212 
204 354 
204 404 
207 358 
209 491 
210 215 
210 344 
211 434 
212 406 
213 488 
214 272 
215 256 
215 313 
215 315 
215 451 
216 270 
216 282 
216 294 
216 325 
216 364 
216 367 
216 499 
218 333 
219 393 
220 278 
221 268 
221 298 
221 422 
221 474 
222 243 
222 275 
222 277 
222 309 
222 362 
223 236 
223 278 
223 289 
223 445 
224 398 
226 228 
226 474 
227 261 
227 493 
228 251 
229 312 
229 383 
229 405 
229 437 
230 402 
230 497 
231 323 
231 384 
231 389 
231 454 
232 265 
232 415 
233 358 
233 409 
234 252 
234 292 
234 314 
235 240 
235 285 
235 308 
235 492 
236 331 
236 432 
236 446 
237 249 
237 326 
237 435 
238 242 
238 315 
238 343 
238 389 
238 395 
238 425 
239 270 
239 295 
239 404 
240 313 
240 439 
240 452 
240 489 
240 492 
241 481 
243 444 
243 471 
244 431 
245 303 
245 414 
246 341 
246 468 
247 252 
247 255 
247 284 
248 254 
248 336 
249 336 
249 473 
250 350 
250 406 
251 271 
251 412 
251 475 
254 349 
256 331 
256 460 
256 461 
256 465 
257 346 
259 482 
260 287 
261 376 
262 293 
262 322 
262 367 
262 370 
262 443 
263 367 
263 374 
263 401 
264 496 
266 301 
266 302 
266 371 
268 366 
270 306 
270 350 
271 319 
273 283 
273 299 
273 312 
273 319 
273 350 
273 492 
274 341 
274 429 
274 462 
275 485 
278 365 
279 314 
279 421 
280 296 
281 322 
281 372 
281 487 
282 303 
284 416 
285 320 
285 423 
286 376 
287 303 
287 406 
287 413 
288 448 
289 333 
289 340 
289 381 
290 371 
291 419 
293 458 
294 361 
295 411 
296 311 
296 349 
297 433 
297 489 
298 499 
302 419 
303 319 
303 466 
307 380 
308 457 
309 310 
309 373 
310 485 
313 331 
313 338 
315 428 
317 417 
320 390 
321 330 
321 344 
321 395 
325 347 
325 422 
326 458 
326 488 
327 372 
327 427 
328 352 
328 379 
329 468 
330 467 
332 395 
332 399 
333 376 
333 399 
333 400 
333 453 
333 461 
333 485 
333 490 
334 414 
334 488 
337 478 
341 366 
342 454 
343 384 
344 443 
348 403 
348 434 
348 497 
349 388 
349 471 
349 478 
350 402 
353 407 
353 438 
353 459 
354 404 
354 405 
355 431 
355 484 
359 470 
360 362 
366 429 
366 469 
368 487 
369 374 
369 378 
369 482 
372 437 
373 378 
373 431 
377 390 
378 458 
378 494 
379 447 
380 483 
382 394 
387 461 
388 414 
388 498 
389 432 
389 438 
389 466 
396 410 
396 497 
398 467 
406 491 
407 438 
409 454 
410 434 
411 450 
412 418 
412 476 
415 469 
418 425 
437 469 
440 462 
445 478 
460 463 
481 484 
491 493 
