false
false
300
1996
0 1 
0 2 
0 3 
0 4 
0 6 
0 7 
0 9 
0 10 
0 11 
0 12 
0 13 
0 14 
0 15 
0 17 
0 18 
0 19 
0 20 
0 22 
0 23 
0 24 
0 26 
0 27 
0 28 
0 29 
0 30 
0 31 
0 34 
0 35 
0 36 
0 37 
0 38 
0 39 
0 41 
0 42 
0 44 
0 45 
0 47 
0 48 
0 49 
0 50 
0 52 
0 54 
0 55 
0 57 
0 58 
0 60 
0 62 
0 63 
0 65 
0 68 
0 69 
0 71 
0 72 
0 79 
0 82 
0 96 
0 105 
0 107 
0 108 
0 122 
0 127 
0 128 
0 146 
0 150 
0 157 
0 160 
0 186 
0 188 
0 201 
0 218 
0 223 
0 235 
0 295 
1 2 
1 3 
1 5 
1 6 
1 9 
1 10 
1 11 
1 13 
1 14 
1 15 
1 18 
1 19 
1 22 
1 23 
1 24 
1 26 
1 27 
1 28 
1 29 
1 30 
1 31 
1 34 
1 35 
1 36 
1 37 
1 38 
1 39 
1 41 
1 42 
1 45 
1 51 
1 52 
1 54 
1 55 
1 57 
1 58 
1 60 
1 62 
1 63 
1 69 
1 71 
1 98 
1 108 
1 127 
1 150 
1 160 
1 174 
1 179 
1 205 
1 223 
1 228 
2 3 
2 4 
2 5 
2 6 
2 7 
2 8 
2 9 
2 10 
2 11 
2 12 
2 13 
2 14 
2 15 
2 18 
2 19 
2 20 
2 21 
2 22 
2 23 
2 24 
2 25 
2 26 
2 27 
2 28 
2 29 
2 31 
2 32 
2 34 
2 35 
2 36 
2 37 
2 38 
2 39 
2 41 
2 42 
2 45 
2 47 
2 50 
2 51 
2 54 
2 55 
2 56 
2 57 
2 58 
2 65 
2 68 
2 69 
2 71 
2 72 
2 73 
2 74 
2 75 
2 77 
2 79 
2 83 
2 85 
2 86 
2 96 
2 98 
2 103 
2 105 
2 108 
2 109 
2 111 
2 116 
2 121 
2 127 
2 128 
2 136 
2 144 
2 145 
2 146 
2 147 
2 148 
2 149 
2 150 
2 151 
2 152 
2 153 
2 154 
2 155 
2 156 
2 157 
2 159 
2 160 
2 162 
2 163 
2 164 
2 165 
2 166 
2 167 
2 168 
2 169 
2 170 
2 171 
2 172 
2 173 
2 175 
2 176 
2 177 
2 179 
2 180 
2 181 
2 182 
2 183 
2 184 
2 185 
2 189 
2 190 
2 192 
2 193 
2 194 
2 195 
2 198 
2 199 
2 200 
2 202 
2 203 
2 204 
2 205 
2 206 
2 207 
2 208 
2 209 
2 210 
2 211 
2 212 
2 213 
2 214 
2 215 
2 216 
2 217 
2 218 
2 220 
2 221 
2 222 
2 224 
2 225 
2 226 
2 227 
2 230 
2 231 
2 232 
2 233 
2 241 
2 242 
2 243 
2 244 
2 246 
2 247 
2 248 
2 249 
2 251 
2 252 
2 253 
2 254 
2 255 
2 256 
2 257 
2 258 
2 259 
2 260 
2 261 
2 262 
2 263 
2 264 
2 265 
2 266 
2 267 
2 268 
2 269 
2 270 
2 271 
2 272 
2 273 
2 274 
2 275 
2 276 
2 277 
2 278 
2 279 
2 280 
2 281 
2 283 
2 286 
2 287 
2 289 
2 290 
2 291 
2 292 
2 294 
2 295 
2 296 
2 297 
2 298 
3 4 
3 5 
3 6 
3 7 
3 8 
3 9 
3 10 
3 11 
3 12 
3 13 
3 14 
3 15 
3 16 
3 17 
3 18 
3 19 
3 20 
3 21 
3 22 
3 23 
3 24 
3 25 
3 26 
3 29 
3 30 
3 31 
3 32 
3 33 
3 34 
3 35 
3 38 
3 39 
3 40 
3 41 
3 42 
3 44 
3 45 
3 47 
3 50 
3 51 
3 52 
3 53 
3 54 
3 55 
3 56 
3 57 
3 58 
3 60 
3 62 
3 63 
3 68 
3 69 
3 71 
3 72 
3 77 
3 82 
3 85 
3 95 
3 98 
3 100 
3 102 
3 103 
3 105 
3 108 
3 111 
3 118 
3 121 
3 127 
3 128 
3 139 
3 146 
3 147 
3 148 
3 153 
3 154 
3 156 
3 157 
3 173 
3 178 
3 181 
3 184 
3 185 
3 188 
3 193 
3 205 
3 210 
3 211 
3 213 
3 214 
3 215 
3 218 
3 223 
3 226 
3 228 
3 235 
3 250 
3 251 
3 253 
3 255 
3 259 
3 260 
3 262 
3 271 
3 272 
3 277 
3 279 
3 282 
3 284 
3 286 
3 288 
3 290 
3 295 
3 297 
3 298 
4 5 
4 6 
4 7 
4 8 
4 10 
4 11 
4 12 
4 13 
4 14 
4 15 
4 19 
4 20 
4 22 
4 23 
4 24 
4 25 
4 26 
4 27 
4 28 
4 29 
4 30 
4 31 
4 33 
4 34 
4 35 
4 36 
4 37 
4 38 
4 39 
4 40 
4 41 
4 42 
4 43 
4 44 
4 45 
4 49 
4 52 
4 54 
4 55 
4 56 
4 57 
4 58 
4 60 
4 62 
4 63 
4 68 
4 69 
4 71 
4 72 
4 73 
4 98 
4 100 
4 103 
4 108 
4 127 
4 128 
4 156 
4 157 
4 160 
4 179 
4 184 
4 293 
4 295 
5 6 
5 7 
5 10 
5 13 
5 14 
5 15 
5 18 
5 19 
5 20 
5 22 
5 23 
5 24 
5 26 
5 28 
5 29 
5 37 
5 38 
5 39 
5 40 
5 41 
5 45 
5 49 
5 51 
5 52 
5 54 
5 55 
5 56 
5 57 
5 58 
5 68 
5 69 
5 71 
5 72 
5 105 
5 127 
5 128 
5 150 
5 157 
5 188 
5 223 
5 295 
6 7 
6 8 
6 9 
6 10 
6 11 
6 12 
6 13 
6 14 
6 17 
6 19 
6 20 
6 22 
6 23 
6 24 
6 25 
6 26 
6 27 
6 28 
6 30 
6 31 
6 33 
6 34 
6 35 
6 36 
6 37 
6 38 
6 39 
6 41 
6 42 
6 44 
6 45 
6 47 
6 50 
6 51 
6 52 
6 54 
6 55 
6 56 
6 57 
6 58 
6 60 
6 62 
6 63 
6 65 
6 68 
6 69 
6 73 
6 77 
6 79 
6 85 
6 86 
6 92 
6 98 
6 100 
6 105 
6 108 
6 111 
6 127 
6 128 
6 146 
6 150 
6 156 
6 157 
6 160 
6 165 
6 173 
6 178 
6 179 
6 186 
6 188 
6 205 
6 210 
6 212 
6 218 
6 223 
6 284 
6 286 
6 295 
7 8 
7 9 
7 10 
7 11 
7 13 
7 14 
7 15 
7 17 
7 18 
7 19 
7 20 
7 22 
7 23 
7 24 
7 26 
7 28 
7 29 
7 31 
7 34 
7 36 
7 37 
7 38 
7 39 
7 40 
7 41 
7 42 
7 45 
7 50 
7 51 
7 54 
7 55 
7 58 
7 60 
7 63 
7 65 
7 67 
7 68 
7 69 
7 71 
7 72 
7 85 
7 98 
7 100 
7 103 
7 107 
7 111 
7 127 
7 128 
7 143 
7 150 
7 157 
7 160 
7 173 
7 178 
7 179 
7 295 
8 9 
8 10 
8 11 
8 13 
8 14 
8 15 
8 17 
8 18 
8 19 
8 20 
8 21 
8 22 
8 26 
8 28 
8 31 
8 34 
8 36 
8 37 
8 38 
8 39 
8 42 
8 45 
8 50 
8 52 
8 54 
8 55 
8 56 
8 57 
8 58 
8 67 
8 68 
8 69 
8 71 
8 72 
8 77 
8 85 
8 98 
8 100 
8 105 
8 108 
8 111 
8 127 
8 128 
8 150 
8 157 
8 160 
8 173 
8 179 
8 188 
8 295 
9 10 
9 12 
9 14 
9 19 
9 22 
9 23 
9 26 
9 27 
9 28 
9 30 
9 31 
9 34 
9 37 
9 38 
9 39 
9 40 
9 41 
9 42 
9 47 
9 49 
9 51 
9 52 
9 54 
9 55 
9 56 
9 57 
9 58 
9 63 
9 68 
9 69 
9 71 
9 72 
9 103 
9 105 
9 108 
9 111 
9 121 
9 127 
9 128 
9 150 
9 157 
9 179 
9 284 
9 295 
10 11 
10 13 
10 14 
10 15 
10 17 
10 19 
10 20 
10 21 
10 22 
10 24 
10 25 
10 26 
10 28 
10 29 
10 34 
10 35 
10 36 
10 37 
10 38 
10 39 
10 42 
10 49 
10 50 
10 54 
10 55 
10 57 
10 58 
10 60 
10 62 
10 63 
10 79 
10 82 
10 105 
10 114 
10 126 
10 127 
10 128 
10 142 
10 157 
10 178 
10 188 
11 12 
11 13 
11 15 
11 17 
11 18 
11 19 
11 20 
11 21 
11 22 
11 23 
11 24 
11 26 
11 27 
11 29 
11 33 
11 34 
11 35 
11 38 
11 39 
11 41 
11 44 
11 45 
11 52 
11 55 
11 56 
11 57 
11 58 
11 60 
11 62 
11 63 
11 65 
11 79 
11 82 
11 96 
11 122 
11 126 
11 157 
11 179 
11 186 
11 188 
11 218 
11 295 
12 14 
12 15 
12 17 
12 19 
12 23 
12 24 
12 26 
12 27 
12 28 
12 33 
12 34 
12 35 
12 38 
12 39 
12 41 
12 44 
12 50 
12 52 
12 55 
12 57 
12 58 
12 63 
12 65 
12 79 
12 96 
12 112 
12 157 
12 186 
12 218 
13 14 
13 15 
13 17 
13 18 
13 20 
13 21 
13 22 
13 26 
13 37 
13 38 
13 39 
13 41 
13 42 
13 49 
13 56 
13 57 
13 58 
13 60 
13 62 
13 63 
13 65 
13 79 
13 82 
13 96 
13 100 
13 122 
13 127 
13 128 
13 157 
13 179 
13 188 
13 295 
14 17 
14 18 
14 19 
14 20 
14 22 
14 24 
14 25 
14 26 
14 31 
14 32 
14 34 
14 35 
14 36 
14 37 
14 38 
14 39 
14 41 
14 42 
14 45 
14 47 
14 50 
14 52 
14 53 
14 54 
14 55 
14 77 
14 78 
14 85 
14 102 
14 116 
14 127 
14 128 
14 139 
14 144 
14 152 
14 156 
14 157 
14 165 
14 168 
14 169 
14 172 
14 180 
14 184 
14 191 
14 197 
14 200 
14 205 
14 210 
14 213 
14 228 
14 234 
14 241 
14 248 
14 258 
14 260 
14 263 
14 270 
14 271 
14 273 
14 278 
14 279 
14 280 
14 286 
14 290 
14 295 
15 17 
15 18 
15 19 
15 20 
15 21 
15 23 
15 24 
15 26 
15 27 
15 29 
15 31 
15 33 
15 34 
15 35 
15 38 
15 41 
15 44 
15 45 
15 48 
15 52 
15 55 
15 56 
15 57 
15 58 
15 60 
15 62 
15 63 
15 65 
15 79 
15 82 
15 96 
15 97 
15 100 
15 122 
15 126 
15 139 
15 157 
15 160 
15 179 
15 186 
15 188 
15 218 
15 235 
15 295 
16 127 
17 19 
17 20 
17 22 
17 23 
17 25 
17 26 
17 27 
17 28 
17 31 
17 35 
17 36 
17 37 
17 38 
17 39 
17 41 
17 42 
17 45 
17 48 
17 50 
17 52 
17 54 
17 55 
17 57 
17 58 
17 60 
17 63 
17 65 
17 79 
17 82 
17 127 
17 128 
17 157 
17 186 
17 188 
17 218 
17 235 
17 238 
18 20 
18 21 
18 35 
18 38 
18 41 
18 49 
18 56 
18 58 
18 60 
18 62 
18 63 
18 79 
18 96 
18 100 
18 126 
18 127 
18 157 
18 179 
18 295 
19 22 
19 23 
19 24 
19 25 
19 26 
19 27 
19 28 
19 34 
19 35 
19 37 
19 38 
19 41 
19 42 
19 44 
19 45 
19 48 
19 52 
19 54 
19 55 
19 57 
19 58 
19 63 
19 65 
19 128 
19 157 
19 186 
19 188 
19 201 
19 218 
19 235 
20 21 
20 25 
20 26 
20 35 
20 37 
20 38 
20 41 
20 42 
20 50 
20 54 
20 56 
20 57 
20 58 
20 60 
20 62 
20 63 
20 65 
20 79 
20 96 
20 100 
20 127 
20 128 
20 142 
20 157 
20 179 
21 22 
21 26 
21 37 
21 38 
21 56 
21 58 
21 62 
21 79 
21 100 
21 127 
21 128 
21 179 
22 24 
22 25 
22 26 
22 27 
22 28 
22 31 
22 34 
22 35 
22 36 
22 37 
22 38 
22 39 
22 41 
22 42 
22 44 
22 45 
22 50 
22 52 
22 54 
22 57 
22 58 
22 59 
22 60 
22 61 
22 62 
22 64 
22 65 
22 68 
22 75 
22 76 
22 77 
22 78 
22 80 
22 81 
22 82 
22 84 
22 85 
22 87 
22 88 
22 89 
22 90 
22 91 
22 92 
22 93 
22 94 
22 95 
22 97 
22 98 
22 99 
22 100 
22 102 
22 103 
22 105 
22 109 
22 110 
22 111 
22 112 
22 113 
22 114 
22 115 
22 116 
22 118 
22 119 
22 120 
22 121 
22 122 
22 123 
22 125 
22 126 
22 127 
22 128 
22 129 
22 130 
22 131 
22 132 
22 133 
22 135 
22 136 
22 137 
22 138 
22 140 
22 141 
22 142 
22 157 
22 159 
22 160 
22 164 
22 165 
22 179 
22 184 
22 186 
22 188 
22 195 
22 201 
22 205 
22 207 
22 212 
22 218 
22 235 
22 240 
22 249 
22 284 
22 286 
22 293 
22 295 
23 26 
23 27 
23 28 
23 29 
23 33 
23 35 
23 38 
23 41 
23 42 
23 44 
23 45 
23 47 
23 48 
23 50 
23 52 
23 55 
23 57 
23 58 
23 63 
23 65 
23 79 
23 82 
23 96 
23 97 
23 122 
23 128 
23 157 
23 179 
23 186 
23 188 
23 218 
23 293 
24 25 
24 26 
24 28 
24 34 
24 35 
24 36 
24 37 
24 38 
24 39 
24 41 
24 42 
24 45 
24 50 
24 52 
24 54 
24 55 
24 58 
24 60 
24 62 
24 63 
24 90 
24 112 
24 128 
24 157 
24 159 
24 188 
24 208 
24 226 
24 272 
24 294 
24 295 
25 26 
25 27 
25 28 
25 34 
25 36 
25 37 
25 39 
25 41 
25 42 
25 45 
25 47 
25 50 
25 54 
25 55 
25 63 
25 73 
25 79 
25 127 
25 128 
25 157 
25 186 
25 188 
25 218 
25 284 
26 27 
26 28 
26 30 
26 31 
26 33 
26 34 
26 35 
26 36 
26 37 
26 38 
26 39 
26 41 
26 42 
26 44 
26 45 
26 48 
26 50 
26 52 
26 54 
26 55 
26 56 
26 57 
26 58 
26 60 
26 62 
26 63 
26 65 
26 79 
26 82 
26 96 
26 100 
26 115 
26 127 
26 128 
26 138 
26 157 
26 179 
26 186 
26 188 
26 218 
26 223 
26 235 
26 258 
26 295 
27 28 
27 34 
27 35 
27 37 
27 38 
27 41 
27 44 
27 45 
27 48 
27 52 
27 55 
27 57 
27 58 
27 63 
27 65 
27 79 
27 82 
27 96 
27 150 
27 157 
27 186 
27 188 
27 197 
27 218 
27 275 
28 35 
28 38 
28 41 
28 42 
28 45 
28 48 
28 50 
28 52 
28 54 
28 55 
28 58 
28 63 
28 65 
28 96 
28 98 
28 128 
28 157 
28 186 
28 188 
28 218 
29 30 
29 36 
29 37 
29 38 
29 42 
29 45 
29 51 
29 52 
30 31 
30 45 
30 52 
30 127 
31 35 
31 37 
31 39 
31 40 
31 41 
31 45 
31 52 
31 55 
31 63 
31 111 
32 54 
33 35 
33 38 
33 41 
33 42 
33 44 
33 45 
33 50 
33 52 
33 55 
33 58 
33 63 
33 64 
33 65 
33 79 
33 186 
33 218 
34 35 
34 36 
34 37 
34 38 
34 39 
34 45 
34 50 
34 52 
34 54 
34 55 
34 57 
34 58 
34 63 
34 65 
34 69 
34 71 
34 72 
34 82 
34 105 
34 106 
34 107 
34 128 
34 157 
34 173 
34 188 
35 36 
35 37 
35 38 
35 39 
35 41 
35 42 
35 44 
35 45 
35 48 
35 50 
35 52 
35 54 
35 55 
35 57 
35 58 
35 63 
35 65 
35 69 
35 71 
35 79 
35 82 
35 96 
35 128 
35 157 
35 186 
35 188 
35 218 
35 235 
36 37 
36 39 
36 41 
36 42 
36 50 
36 52 
36 54 
36 57 
36 58 
36 60 
36 65 
36 79 
36 127 
36 128 
36 157 
37 38 
37 39 
37 41 
37 42 
37 45 
37 50 
37 52 
37 54 
37 55 
37 56 
37 57 
37 58 
37 60 
37 65 
37 79 
37 96 
37 127 
37 128 
37 157 
37 179 
37 188 
38 39 
38 41 
38 42 
38 44 
38 45 
38 48 
38 49 
38 52 
38 54 
38 55 
38 56 
38 57 
38 58 
38 60 
38 62 
38 63 
38 65 
38 79 
38 82 
38 96 
38 100 
38 126 
38 127 
38 128 
38 139 
38 142 
38 157 
38 179 
38 186 
38 188 
38 218 
38 295 
39 41 
39 42 
39 45 
39 48 
39 50 
39 52 
39 54 
39 56 
39 57 
39 58 
39 60 
39 61 
39 62 
39 63 
39 65 
39 68 
39 77 
39 79 
39 83 
39 85 
39 86 
39 87 
39 88 
39 102 
39 111 
39 114 
39 126 
39 127 
39 128 
39 142 
39 151 
39 156 
39 157 
39 159 
39 163 
39 194 
39 195 
39 213 
39 282 
39 284 
39 286 
40 41 
40 73 
41 42 
41 45 
41 48 
41 52 
41 54 
41 55 
41 57 
41 58 
41 60 
41 63 
41 65 
41 73 
41 82 
41 122 
41 127 
41 128 
41 139 
41 157 
41 188 
41 210 
41 218 
41 235 
42 45 
42 48 
42 50 
42 54 
42 57 
42 58 
42 60 
42 62 
42 63 
42 65 
42 127 
42 128 
42 157 
43 44 
43 55 
44 45 
44 50 
44 52 
44 55 
44 57 
44 58 
44 63 
44 65 
44 79 
44 82 
44 96 
44 188 
44 218 
45 52 
45 54 
45 55 
45 57 
45 58 
45 63 
45 65 
45 96 
45 128 
45 157 
45 186 
46 47 
47 48 
47 58 
48 50 
48 55 
48 57 
48 58 
48 63 
48 65 
48 79 
48 82 
48 96 
48 157 
48 186 
48 188 
48 218 
48 235 
49 58 
49 105 
49 127 
50 54 
50 57 
50 58 
50 63 
50 77 
50 82 
50 85 
50 102 
50 113 
50 121 
50 122 
50 127 
50 128 
50 136 
50 139 
50 145 
50 156 
50 184 
50 188 
50 205 
50 232 
50 238 
50 246 
50 284 
50 286 
51 52 
51 70 
51 71 
51 106 
52 54 
52 55 
52 58 
52 63 
52 65 
52 73 
52 79 
52 82 
52 96 
52 98 
52 128 
52 157 
52 186 
52 188 
52 218 
54 58 
54 73 
54 93 
54 94 
54 128 
54 129 
54 134 
54 146 
54 149 
54 157 
54 162 
54 165 
54 187 
54 198 
54 204 
54 209 
54 213 
54 214 
54 246 
54 247 
54 252 
54 283 
54 297 
55 57 
55 58 
55 63 
55 65 
55 79 
55 82 
55 96 
55 98 
55 122 
55 128 
55 131 
55 139 
55 157 
55 167 
55 186 
55 187 
55 188 
55 192 
55 198 
55 218 
55 228 
55 235 
55 244 
55 290 
56 57 
56 71 
56 105 
56 127 
57 58 
57 60 
57 63 
57 68 
57 79 
57 82 
57 126 
57 127 
57 128 
57 186 
57 218 
58 59 
58 60 
58 63 
58 65 
58 78 
58 89 
58 98 
58 100 
58 101 
58 103 
58 119 
58 120 
58 127 
58 133 
58 137 
58 141 
58 149 
58 209 
58 222 
58 223 
58 234 
58 235 
58 238 
58 245 
58 295 
60 62 
60 63 
60 79 
60 96 
60 126 
60 127 
60 128 
60 179 
60 295 
61 221 
62 63 
62 79 
62 96 
62 127 
62 157 
62 295 
63 65 
63 82 
63 86 
63 96 
63 98 
63 108 
63 114 
63 126 
63 127 
63 139 
63 157 
63 160 
63 179 
63 188 
63 235 
63 295 
65 66 
67 68 
67 178 
68 127 
68 143 
68 295 
69 71 
69 72 
69 74 
69 106 
69 173 
70 71 
71 72 
71 103 
71 105 
71 106 
71 108 
71 150 
71 173 
72 105 
72 106 
72 173 
73 74 
73 228 
73 229 
76 78 
77 78 
77 123 
77 166 
77 198 
79 80 
79 128 
79 160 
84 85 
84 121 
84 205 
85 213 
91 92 
96 97 
96 100 
96 165 
96 295 
97 240 
98 99 
98 111 
98 117 
98 124 
98 159 
98 160 
98 165 
98 188 
98 213 
98 234 
98 240 
98 282 
101 102 
102 111 
102 234 
103 104 
103 107 
103 108 
105 142 
106 107 
106 173 
107 108 
110 111 
111 125 
116 157 
122 128 
126 128 
127 128 
127 179 
127 210 
127 258 
127 295 
128 142 
134 135 
136 137 
139 140 
143 179 
149 150 
155 156 
156 177 
157 158 
157 176 
157 199 
157 210 
157 267 
157 269 
158 159 
160 161 
160 186 
160 187 
160 190 
160 196 
170 271 
172 174 
173 174 
178 179 
178 295 
183 184 
186 218 
188 189 
193 196 
193 197 
201 202 
205 206 
218 219 
219 220 
223 224 
227 229 
228 229 
233 234 
235 236 
235 288 
236 237 
238 239 
238 240 
240 284 
270 271 
281 282 
284 285 
286 287 
288 289 
293 294 
298 299 
