false
false
200
300
0 1 
0 2 
0 3 
0 4 
0 9 
0 11 
0 24 
0 26 
0 28 
0 32 
0 48 
0 53 
0 54 
0 58 
0 59 
0 75 
0 84 
0 87 
0 93 
0 100 
1 2 
1 5 
1 6 
1 15 
1 18 
1 19 
1 29 
1 30 
1 33 
1 40 
1 51 
1 61 
1 67 
1 79 
1 81 
1 90 
1 91 
1 101 
2 10 
2 13 
2 20 
2 21 
2 39 
2 56 
2 83 
2 102 
3 8 
3 14 
3 103 
4 7 
4 22 
4 25 
4 104 
5 16 
5 105 
6 12 
6 23 
6 106 
7 107 
8 46 
8 62 
8 64 
8 108 
9 109 
10 95 
10 110 
11 17 
11 27 
11 35 
11 36 
11 73 
11 82 
11 111 
12 31 
12 85 
12 112 
13 113 
14 114 
15 115 
16 116 
17 50 
17 63 
17 94 
17 117 
18 43 
18 118 
19 34 
19 42 
19 89 
19 119 
20 120 
21 68 
21 121 
22 74 
22 122 
23 49 
23 70 
23 123 
24 38 
24 55 
24 72 
24 124 
25 37 
25 44 
25 88 
25 125 
26 66 
26 126 
27 52 
27 127 
28 128 
29 129 
30 130 
31 76 
31 131 
32 60 
32 132 
33 133 
34 134 
35 135 
36 41 
36 92 
36 99 
36 136 
37 137 
38 138 
39 45 
39 78 
39 139 
40 140 
41 141 
42 142 
43 143 
44 144 
45 47 
45 65 
45 145 
46 146 
47 147 
48 71 
48 148 
49 149 
50 150 
51 151 
52 152 
53 153 
54 57 
54 69 
54 80 
54 154 
55 155 
56 156 
57 157 
58 158 
59 159 
60 160 
61 77 
61 96 
61 161 
62 162 
63 86 
63 163 
64 164 
65 165 
66 166 
67 167 
68 168 
69 98 
69 169 
70 170 
71 171 
72 172 
73 173 
74 174 
75 175 
76 176 
77 177 
78 178 
79 179 
80 180 
81 181 
82 182 
83 183 
84 184 
85 185 
86 186 
87 187 
88 188 
89 97 
89 189 
90 190 
91 191 
92 192 
93 193 
94 194 
95 195 
96 196 
97 197 
98 198 
99 199 
100 101 
100 102 
100 103 
100 104 
100 109 
100 111 
100 124 
100 126 
100 128 
100 132 
100 148 
100 153 
100 154 
100 158 
100 159 
100 175 
100 184 
100 187 
100 193 
101 102 
101 105 
101 106 
101 115 
101 118 
101 119 
101 129 
101 130 
101 133 
101 140 
101 151 
101 161 
101 167 
101 179 
101 181 
101 190 
101 191 
102 110 
102 113 
102 120 
102 121 
102 139 
102 156 
102 183 
103 108 
103 114 
104 107 
104 122 
104 125 
105 116 
106 112 
106 123 
108 146 
108 162 
108 164 
110 195 
111 117 
111 127 
111 135 
111 136 
111 173 
111 182 
112 131 
112 185 
117 150 
117 163 
117 194 
118 143 
119 134 
119 142 
119 189 
121 168 
122 174 
123 149 
123 170 
124 138 
124 155 
124 172 
125 137 
125 144 
125 188 
126 166 
127 152 
131 176 
132 160 
136 141 
136 192 
136 199 
139 145 
139 178 
145 147 
145 165 
148 171 
154 157 
154 169 
154 180 
161 177 
161 196 
163 186 
169 198 
189 197 
