false
false
580
1790
0 1 
0 2 
0 3 
0 4 
0 5 
0 6 
0 290 
1 10 
1 19 
1 23 
1 63 
1 65 
1 97 
1 103 
1 181 
1 205 
1 252 
1 254 
1 282 
1 291 
2 81 
2 102 
2 107 
2 135 
2 164 
2 175 
2 182 
2 185 
2 215 
2 218 
2 223 
2 230 
2 242 
2 270 
2 292 
3 19 
3 69 
3 73 
3 86 
3 88 
3 97 
3 99 
3 102 
3 127 
3 129 
3 136 
3 164 
3 176 
3 182 
3 216 
3 223 
3 253 
3 293 
4 45 
4 65 
4 79 
4 82 
4 83 
4 97 
4 99 
4 100 
4 145 
4 164 
4 176 
4 182 
4 185 
4 223 
4 273 
4 294 
5 19 
5 45 
5 81 
5 84 
5 93 
5 138 
5 145 
5 160 
5 213 
5 217 
5 245 
5 286 
5 288 
5 295 
6 45 
6 66 
6 69 
6 73 
6 84 
6 100 
6 102 
6 123 
6 127 
6 128 
6 129 
6 130 
6 131 
6 132 
6 183 
6 185 
6 296 
7 8 
7 9 
7 10 
7 11 
7 12 
7 13 
7 297 
8 90 
8 298 
9 256 
9 299 
10 65 
10 70 
10 80 
10 131 
10 136 
10 182 
10 218 
10 300 
11 61 
11 93 
11 102 
11 259 
11 273 
11 301 
12 84 
12 218 
12 222 
12 302 
13 49 
13 303 
14 15 
14 16 
14 17 
14 18 
14 19 
14 20 
14 21 
14 304 
15 305 
16 258 
16 306 
17 307 
18 308 
19 66 
19 68 
19 82 
19 97 
19 129 
19 191 
19 216 
19 309 
20 66 
20 102 
20 278 
20 310 
21 141 
21 156 
21 311 
22 23 
22 24 
22 25 
22 26 
22 312 
23 65 
23 68 
23 82 
23 97 
23 102 
23 127 
23 129 
23 136 
23 216 
23 313 
24 104 
24 231 
24 314 
25 315 
26 316 
27 28 
27 317 
28 52 
28 177 
28 318 
29 30 
29 31 
29 32 
29 33 
29 34 
29 35 
29 319 
30 320 
31 321 
32 132 
32 322 
33 323 
34 48 
34 53 
34 130 
34 324 
35 180 
35 325 
36 37 
36 38 
36 39 
36 40 
36 326 
37 236 
37 327 
38 170 
38 328 
39 329 
40 330 
41 42 
41 43 
41 44 
41 45 
41 331 
42 332 
43 260 
43 333 
44 163 
44 334 
45 85 
45 174 
45 335 
46 47 
46 48 
46 49 
46 289 
46 336 
47 115 
47 337 
48 125 
48 338 
49 143 
49 339 
50 51 
50 52 
50 53 
50 54 
50 55 
50 56 
50 340 
51 161 
51 341 
52 80 
52 84 
52 129 
52 131 
52 136 
52 183 
52 214 
52 274 
52 342 
53 92 
53 235 
53 343 
54 344 
55 345 
56 92 
56 157 
56 197 
56 229 
56 346 
57 58 
57 59 
57 60 
57 61 
57 62 
57 347 
58 74 
58 348 
59 349 
60 350 
61 80 
61 81 
61 82 
61 102 
61 216 
61 351 
62 352 
63 64 
63 65 
63 66 
63 67 
63 68 
63 69 
63 70 
63 353 
64 66 
64 80 
64 81 
64 85 
64 97 
64 167 
64 176 
64 188 
64 198 
64 202 
64 213 
64 217 
64 273 
64 354 
65 66 
65 80 
65 82 
65 83 
65 84 
65 85 
65 102 
65 129 
65 132 
65 176 
65 182 
65 188 
65 197 
65 213 
65 215 
65 245 
65 252 
65 355 
66 80 
66 82 
66 84 
66 85 
66 96 
66 99 
66 107 
66 128 
66 181 
66 197 
66 198 
66 202 
66 218 
66 242 
66 272 
66 356 
67 73 
67 81 
67 102 
67 213 
67 252 
67 253 
67 278 
67 357 
68 69 
68 88 
68 97 
68 135 
68 169 
68 183 
68 230 
68 286 
68 358 
69 81 
69 95 
69 98 
69 100 
69 127 
69 153 
69 167 
69 176 
69 187 
69 188 
69 202 
69 215 
69 218 
69 223 
69 224 
69 254 
69 272 
69 288 
69 359 
70 74 
70 88 
70 93 
70 95 
70 187 
70 230 
70 360 
71 72 
71 73 
71 74 
71 75 
71 76 
71 77 
71 78 
71 361 
72 362 
73 75 
73 84 
73 130 
73 176 
73 363 
74 133 
74 364 
75 365 
76 366 
77 367 
78 368 
79 80 
79 81 
79 82 
79 83 
79 84 
79 85 
79 86 
79 163 
79 369 
80 83 
80 100 
80 107 
80 123 
80 129 
80 153 
80 182 
80 188 
80 218 
80 254 
80 370 
81 83 
81 96 
81 129 
81 136 
81 145 
81 182 
81 273 
81 371 
82 86 
82 95 
82 97 
82 100 
82 182 
82 183 
82 197 
82 223 
82 230 
82 253 
82 372 
83 123 
83 135 
83 142 
83 175 
83 198 
83 202 
83 205 
83 252 
83 273 
83 373 
84 99 
84 100 
84 135 
84 136 
84 154 
84 181 
84 182 
84 205 
84 216 
84 217 
84 218 
84 230 
84 272 
84 288 
84 374 
85 86 
85 99 
85 128 
85 164 
85 182 
85 185 
85 214 
85 223 
85 229 
85 245 
85 253 
85 375 
86 100 
86 123 
86 130 
86 132 
86 169 
86 176 
86 286 
86 376 
87 88 
87 89 
87 90 
87 377 
88 98 
88 123 
88 176 
88 378 
89 207 
89 379 
90 380 
91 92 
91 93 
91 94 
91 95 
91 381 
92 260 
92 382 
93 98 
93 123 
93 176 
93 216 
93 383 
94 384 
95 97 
95 100 
95 127 
95 176 
95 385 
96 97 
96 98 
96 99 
96 100 
96 101 
96 102 
96 103 
96 386 
97 123 
97 129 
97 183 
97 218 
97 253 
97 387 
98 146 
98 205 
98 270 
98 278 
98 286 
98 388 
99 107 
99 119 
99 128 
99 167 
99 174 
99 175 
99 183 
99 187 
99 200 
99 288 
99 389 
100 154 
100 169 
100 181 
100 182 
100 217 
100 274 
100 390 
101 271 
101 391 
102 130 
102 169 
102 245 
102 274 
102 278 
102 392 
103 278 
103 393 
104 105 
104 106 
104 107 
104 108 
104 394 
105 256 
105 395 
106 396 
107 214 
107 273 
107 397 
108 216 
108 398 
109 110 
109 111 
109 112 
109 399 
110 208 
110 400 
111 401 
112 231 
112 402 
113 114 
113 115 
113 403 
114 143 
114 404 
115 248 
115 405 
116 117 
116 118 
116 147 
116 190 
116 406 
117 407 
118 154 
118 408 
119 120 
119 121 
119 277 
119 409 
120 410 
121 411 
122 123 
122 124 
122 125 
122 126 
122 412 
123 170 
123 230 
123 288 
123 413 
124 259 
124 414 
125 415 
126 416 
127 202 
127 205 
127 286 
127 417 
128 154 
128 159 
128 169 
128 198 
128 205 
128 272 
128 286 
128 418 
129 130 
129 131 
129 136 
129 154 
129 167 
129 174 
129 175 
129 176 
129 245 
129 254 
129 419 
130 273 
130 278 
130 420 
131 153 
131 167 
131 176 
131 181 
131 185 
131 188 
131 217 
131 218 
131 245 
131 254 
131 270 
131 272 
131 286 
131 421 
132 145 
132 153 
132 154 
132 254 
132 272 
132 422 
133 134 
133 423 
134 424 
135 136 
135 137 
135 425 
136 153 
136 154 
136 164 
136 181 
136 182 
136 183 
136 185 
136 202 
136 213 
136 252 
136 253 
136 426 
137 427 
138 139 
138 140 
138 141 
138 142 
138 143 
138 191 
138 428 
139 429 
140 430 
141 431 
142 153 
142 432 
143 433 
144 145 
144 146 
144 434 
145 175 
145 216 
145 435 
146 188 
146 436 
147 148 
147 149 
147 150 
147 151 
147 437 
148 438 
149 166 
149 439 
150 440 
151 441 
152 153 
152 154 
152 155 
152 442 
153 183 
153 443 
154 193 
154 215 
154 444 
155 445 
156 157 
156 158 
156 159 
156 160 
156 446 
157 447 
158 258 
158 448 
159 449 
160 450 
161 162 
161 163 
161 164 
161 451 
162 452 
163 248 
163 267 
163 453 
164 274 
164 454 
165 166 
165 167 
165 168 
165 169 
165 170 
165 171 
165 172 
165 173 
165 455 
166 184 
166 456 
167 170 
167 260 
167 273 
167 457 
168 458 
169 216 
169 459 
170 260 
170 460 
171 461 
172 237 
172 462 
173 188 
173 257 
173 273 
173 463 
174 175 
174 176 
174 177 
174 178 
174 179 
174 464 
175 182 
175 213 
175 214 
175 252 
175 288 
175 465 
176 182 
176 198 
176 218 
176 242 
176 245 
176 252 
176 273 
176 288 
176 466 
177 467 
178 247 
178 276 
178 468 
179 469 
180 470 
181 182 
181 183 
181 471 
182 185 
182 274 
182 472 
183 187 
183 214 
183 218 
183 242 
183 245 
183 274 
183 473 
184 185 
184 186 
184 187 
184 188 
184 189 
184 190 
184 474 
185 214 
185 475 
186 476 
187 215 
187 477 
188 197 
188 478 
189 479 
190 480 
191 192 
191 193 
191 194 
191 195 
191 196 
191 481 
192 241 
192 482 
193 483 
194 196 
194 484 
195 485 
196 486 
197 198 
197 199 
197 200 
197 213 
197 215 
197 272 
197 278 
197 487 
198 214 
198 218 
198 488 
199 489 
200 490 
201 202 
201 203 
201 204 
201 205 
201 491 
202 214 
202 215 
202 218 
202 274 
202 492 
203 493 
204 208 
204 494 
205 214 
205 495 
206 207 
206 208 
206 209 
206 210 
206 211 
206 212 
206 496 
207 497 
208 284 
208 498 
209 499 
210 218 
210 500 
211 501 
212 249 
212 502 
213 214 
213 215 
213 216 
213 503 
214 217 
214 253 
214 288 
214 504 
215 218 
215 272 
215 505 
216 278 
216 288 
216 506 
217 218 
217 507 
218 252 
218 254 
218 508 
219 220 
219 221 
219 222 
219 223 
219 224 
219 225 
219 226 
219 509 
220 510 
221 511 
222 512 
223 274 
223 513 
224 514 
225 287 
225 515 
226 516 
227 228 
227 229 
227 230 
227 517 
228 518 
229 519 
230 520 
231 232 
231 521 
232 522 
233 234 
233 523 
234 250 
234 524 
235 236 
235 237 
235 238 
235 268 
235 525 
236 526 
237 527 
238 528 
239 240 
239 241 
239 242 
239 243 
239 244 
239 245 
239 529 
240 530 
241 254 
241 531 
242 532 
243 533 
244 261 
244 534 
245 535 
246 247 
246 248 
246 249 
246 536 
247 537 
248 538 
249 539 
250 251 
250 252 
250 253 
250 254 
250 540 
251 541 
252 542 
253 543 
254 544 
255 256 
255 545 
256 546 
257 258 
257 547 
258 280 
258 281 
258 282 
258 283 
258 284 
258 548 
259 260 
259 261 
259 262 
259 263 
259 549 
260 275 
260 276 
260 277 
260 278 
260 279 
260 550 
261 551 
262 552 
263 553 
264 265 
264 266 
264 267 
264 554 
265 555 
266 556 
267 557 
268 269 
268 270 
268 271 
268 558 
269 286 
269 559 
270 271 
270 560 
271 561 
272 273 
272 274 
272 562 
273 563 
274 564 
275 565 
276 285 
276 566 
277 567 
278 568 
279 569 
280 285 
280 570 
281 571 
282 572 
283 287 
283 573 
284 574 
285 286 
285 575 
286 576 
287 288 
287 289 
287 577 
288 578 
289 579 
290 291 
290 292 
290 293 
290 294 
290 295 
290 296 
291 300 
291 309 
291 313 
291 353 
291 355 
291 387 
291 393 
291 471 
291 495 
291 542 
291 544 
291 572 
292 371 
292 392 
292 397 
292 425 
292 454 
292 465 
292 472 
292 475 
292 505 
292 508 
292 513 
292 520 
292 532 
292 560 
293 309 
293 359 
293 363 
293 376 
293 378 
293 387 
293 389 
293 392 
293 417 
293 419 
293 426 
293 454 
293 466 
293 472 
293 506 
293 513 
293 543 
294 335 
294 355 
294 369 
294 372 
294 373 
294 387 
294 389 
294 390 
294 435 
294 454 
294 466 
294 472 
294 475 
294 513 
294 563 
295 309 
295 335 
295 371 
295 374 
295 383 
295 428 
295 435 
295 450 
295 503 
295 507 
295 535 
295 576 
295 578 
296 335 
296 356 
296 359 
296 363 
296 374 
296 390 
296 392 
296 413 
296 417 
296 418 
296 419 
296 420 
296 421 
296 422 
296 473 
296 475 
297 298 
297 299 
297 300 
297 301 
297 302 
297 303 
298 380 
299 546 
300 355 
300 360 
300 370 
300 421 
300 426 
300 472 
300 508 
301 351 
301 383 
301 392 
301 549 
301 563 
302 374 
302 508 
302 512 
303 339 
304 305 
304 306 
304 307 
304 308 
304 309 
304 310 
304 311 
306 548 
309 356 
309 358 
309 372 
309 387 
309 419 
309 481 
309 506 
310 356 
310 392 
310 568 
311 431 
311 446 
312 313 
312 314 
312 315 
312 316 
313 355 
313 358 
313 372 
313 387 
313 392 
313 417 
313 419 
313 426 
313 506 
314 394 
314 521 
317 318 
318 342 
318 467 
319 320 
319 321 
319 322 
319 323 
319 324 
319 325 
322 422 
324 338 
324 343 
324 420 
325 470 
326 327 
326 328 
326 329 
326 330 
327 526 
328 460 
331 332 
331 333 
331 334 
331 335 
333 550 
334 453 
335 375 
335 464 
336 337 
336 338 
336 339 
336 579 
337 405 
338 415 
339 433 
340 341 
340 342 
340 343 
340 344 
340 345 
340 346 
341 451 
342 370 
342 374 
342 419 
342 421 
342 426 
342 473 
342 504 
342 564 
343 382 
343 525 
346 382 
346 447 
346 487 
346 519 
347 348 
347 349 
347 350 
347 351 
347 352 
348 364 
351 370 
351 371 
351 372 
351 392 
351 506 
353 354 
353 355 
353 356 
353 357 
353 358 
353 359 
353 360 
354 356 
354 370 
354 371 
354 375 
354 387 
354 457 
354 466 
354 478 
354 488 
354 492 
354 503 
354 507 
354 563 
355 356 
355 370 
355 372 
355 373 
355 374 
355 375 
355 392 
355 419 
355 422 
355 466 
355 472 
355 478 
355 487 
355 503 
355 505 
355 535 
355 542 
356 370 
356 372 
356 374 
356 375 
356 386 
356 389 
356 397 
356 418 
356 471 
356 487 
356 488 
356 492 
356 508 
356 532 
356 562 
357 363 
357 371 
357 392 
357 503 
357 542 
357 543 
357 568 
358 359 
358 378 
358 387 
358 425 
358 459 
358 473 
358 520 
358 576 
359 371 
359 385 
359 388 
359 390 
359 417 
359 443 
359 457 
359 466 
359 477 
359 478 
359 492 
359 505 
359 508 
359 513 
359 514 
359 544 
359 562 
359 578 
360 364 
360 378 
360 383 
360 385 
360 477 
360 520 
361 362 
361 363 
361 364 
361 365 
361 366 
361 367 
361 368 
363 365 
363 374 
363 420 
363 466 
364 423 
369 370 
369 371 
369 372 
369 373 
369 374 
369 375 
369 376 
369 453 
370 373 
370 390 
370 397 
370 413 
370 419 
370 443 
370 472 
370 478 
370 508 
370 544 
371 373 
371 386 
371 419 
371 426 
371 435 
371 472 
371 563 
372 376 
372 385 
372 387 
372 390 
372 472 
372 473 
372 487 
372 513 
372 520 
372 543 
373 413 
373 425 
373 432 
373 465 
373 488 
373 492 
373 495 
373 542 
373 563 
374 389 
374 390 
374 425 
374 426 
374 444 
374 471 
374 472 
374 495 
374 506 
374 507 
374 508 
374 520 
374 562 
374 578 
375 376 
375 389 
375 418 
375 454 
375 472 
375 475 
375 504 
375 513 
375 519 
375 535 
375 543 
376 390 
376 413 
376 420 
376 422 
376 459 
376 466 
376 576 
377 378 
377 379 
377 380 
378 388 
378 413 
378 466 
379 497 
381 382 
381 383 
381 384 
381 385 
382 550 
383 388 
383 413 
383 466 
383 506 
385 387 
385 390 
385 417 
385 466 
386 387 
386 388 
386 389 
386 390 
386 391 
386 392 
386 393 
387 413 
387 419 
387 473 
387 508 
387 543 
388 436 
388 495 
388 560 
388 568 
388 576 
389 397 
389 409 
389 418 
389 457 
389 464 
389 465 
389 473 
389 477 
389 490 
389 578 
390 444 
390 459 
390 471 
390 472 
390 507 
390 564 
391 561 
392 420 
392 459 
392 535 
392 564 
392 568 
393 568 
394 395 
394 396 
394 397 
394 398 
395 546 
397 504 
397 563 
398 506 
399 400 
399 401 
399 402 
400 498 
402 521 
403 404 
403 405 
404 433 
405 538 
406 407 
406 408 
406 437 
406 480 
408 444 
409 410 
409 411 
409 567 
412 413 
412 414 
412 415 
412 416 
413 460 
413 520 
413 578 
414 549 
417 492 
417 495 
417 576 
418 444 
418 449 
418 459 
418 488 
418 495 
418 562 
418 576 
419 420 
419 421 
419 426 
419 444 
419 457 
419 464 
419 465 
419 466 
419 535 
419 544 
420 563 
420 568 
421 443 
421 457 
421 466 
421 471 
421 475 
421 478 
421 507 
421 508 
421 535 
421 544 
421 560 
421 562 
421 576 
422 435 
422 443 
422 444 
422 544 
422 562 
423 424 
425 426 
425 427 
426 443 
426 444 
426 454 
426 471 
426 472 
426 473 
426 475 
426 492 
426 503 
426 542 
426 543 
428 429 
428 430 
428 431 
428 432 
428 433 
428 481 
432 443 
434 435 
434 436 
435 465 
435 506 
436 478 
437 438 
437 439 
437 440 
437 441 
439 456 
442 443 
442 444 
442 445 
443 473 
444 483 
444 505 
446 447 
446 448 
446 449 
446 450 
448 548 
451 452 
451 453 
451 454 
453 538 
453 557 
454 564 
455 456 
455 457 
455 458 
455 459 
455 460 
455 461 
455 462 
455 463 
456 474 
457 460 
457 550 
457 563 
459 506 
460 550 
462 527 
463 478 
463 547 
463 563 
464 465 
464 466 
464 467 
464 468 
464 469 
465 472 
465 503 
465 504 
465 542 
465 578 
466 472 
466 488 
466 508 
466 532 
466 535 
466 542 
466 563 
466 578 
468 537 
468 566 
471 472 
471 473 
472 475 
472 564 
473 477 
473 504 
473 508 
473 532 
473 535 
473 564 
474 475 
474 476 
474 477 
474 478 
474 479 
474 480 
475 504 
477 505 
478 487 
481 482 
481 483 
481 484 
481 485 
481 486 
482 531 
484 486 
487 488 
487 489 
487 490 
487 503 
487 505 
487 562 
487 568 
488 504 
488 508 
491 492 
491 493 
491 494 
491 495 
492 504 
492 505 
492 508 
492 564 
494 498 
495 504 
496 497 
496 498 
496 499 
496 500 
496 501 
496 502 
498 574 
500 508 
502 539 
503 504 
503 505 
503 506 
504 507 
504 543 
504 578 
505 508 
505 562 
506 568 
506 578 
507 508 
508 542 
508 544 
509 510 
509 511 
509 512 
509 513 
509 514 
509 515 
509 516 
513 564 
515 577 
517 518 
517 519 
517 520 
521 522 
523 524 
524 540 
525 526 
525 527 
525 528 
525 558 
529 530 
529 531 
529 532 
529 533 
529 534 
529 535 
531 544 
534 551 
536 537 
536 538 
536 539 
540 541 
540 542 
540 543 
540 544 
545 546 
547 548 
548 570 
548 571 
548 572 
548 573 
548 574 
549 550 
549 551 
549 552 
549 553 
550 565 
550 566 
550 567 
550 568 
550 569 
554 555 
554 556 
554 557 
558 559 
558 560 
558 561 
559 576 
560 561 
562 563 
562 564 
566 575 
570 575 
573 577 
575 576 
577 578 
577 579 
