false
false
1000
2130
1 2
1 3
1 4
1 5
1 6
1 7
1 8
1 9
1 10
1 11
1 12
1 13
1 14
1 15
1 16
1 17
1 18
1 19
1 20
1 21
1 22
1 23
1 24
1 25
1 26
1 27
1 28
1 29
1 30
1 31
1 32
1 33
1 34
1 35
1 36
1 37
1 38
1 39
1 40
1 41
1 42
1 43
1 44
1 45
1 46
1 47
1 48
1 49
1 50
1 51
1 52
1 53
1 54
1 55
1 56
1 57
1 58
1 59
1 60
1 61
1 62
1 63
1 64
1 65
1 66
1 67
1 68
1 69
1 70
1 71
1 72
1 73
1 74
1 75
1 76
1 77
1 78
1 79
1 80
1 81
1 82
1 83
1 84
1 85
1 86
1 87
1 88
1 89
1 90
1 91
1 92
1 93
1 94
1 95
1 96
1 97
1 98
1 99
1 100
1 101
1 102
1 103
1 104
1 105
1 106
1 107
1 108
1 109
1 110
1 111
1 112
1 113
1 114
1 115
1 116
1 117
1 118
1 119
1 120
1 121
1 122
1 123
1 124
1 125
1 126
1 127
1 128
1 129
1 130
1 131
1 132
1 133
1 134
1 135
1 136
1 137
1 138
1 139
1 140
1 141
1 142
1 143
1 144
1 145
1 146
1 147
1 148
1 149
1 150
1 151
1 152
1 153
1 154
1 155
1 156
1 157
1 158
1 159
1 160
1 161
1 162
1 163
1 164
1 165
1 166
1 167
1 168
1 169
1 170
1 171
1 172
1 173
1 174
1 175
1 176
1 177
1 178
1 179
1 180
1 181
1 182
1 183
1 184
1 185
1 186
1 187
1 188
1 189
1 190
1 191
1 192
1 193
1 194
1 195
1 196
1 197
1 198
1 199
1 200
1 201
1 202
1 203
1 204
1 205
1 206
1 207
1 208
1 209
1 210
1 211
1 212
1 213
1 214
1 215
1 216
1 217
1 218
1 219
1 220
1 221
1 222
1 223
1 224
1 225
1 226
1 227
1 228
1 229
1 230
1 231
1 232
1 233
1 234
1 235
1 236
1 237
1 238
1 239
1 240
1 241
1 242
1 243
1 244
1 245
1 246
1 247
1 248
1 249
1 250
1 251
1 252
1 253
1 254
1 255
1 256
1 257
1 258
1 259
1 260
1 261
1 262
1 263
1 264
1 265
1 266
1 267
1 268
1 269
1 270
1 271
1 272
1 273
1 274
1 275
1 276
1 277
1 278
1 279
1 280
1 281
1 282
1 283
1 284
1 285
1 286
1 287
1 288
1 289
1 290
1 291
1 292
1 293
1 294
1 295
1 296
1 297
1 298
1 299
1 300
1 301
1 302
1 303
1 304
1 305
1 306
1 307
1 308
1 309
1 310
1 311
1 312
1 313
1 314
1 315
1 316
1 317
1 318
1 319
1 320
1 321
1 322
1 323
1 324
1 325
1 326
1 327
1 328
1 329
1 330
1 331
1 332
1 333
1 334
1 335
1 336
1 337
1 338
1 339
1 340
1 341
1 342
1 343
1 344
1 345
1 346
1 347
1 348
1 349
1 350
1 351
1 352
1 353
1 354
1 355
1 356
1 357
1 358
1 359
1 360
1 361
2 362
2 363
2 364
2 365
2 366
2 367
2 368
2 369
2 370
2 371
2 372
2 373
2 374
2 375
2 376
2 377
2 378
2 379
2 380
2 381
2 382
2 383
2 384
2 385
2 386
2 387
2 388
2 389
2 390
2 391
2 392
2 393
2 394
2 395
2 396
2 397
2 398
2 399
2 400
2 401
2 402
2 403
2 404
2 405
2 406
2 407
2 408
2 409
2 410
2 411
2 412
2 413
2 414
2 415
2 416
2 417
2 418
2 419
2 420
2 421
2 422
2 423
2 424
2 425
2 426
2 427
2 428
2 429
2 430
2 431
2 432
2 433
2 434
2 435
2 436
2 437
2 438
2 439
2 440
2 441
2 442
2 443
2 444
2 445
2 446
2 447
2 448
2 449
2 450
2 451
2 452
2 453
2 454
2 455
2 456
2 457
2 458
2 459
2 460
2 461
2 462
2 463
2 464
2 465
2 466
2 467
2 468
2 469
2 470
2 471
2 472
2 473
2 474
2 475
2 476
2 477
2 478
2 479
2 480
2 481
2 482
2 483
2 484
2 485
2 486
2 487
2 488
2 489
2 490
2 491
2 492
2 493
2 494
2 495
2 496
2 497
2 498
2 499
2 500
2 501
2 502
2 503
2 504
2 505
2 506
2 507
2 508
2 509
2 510
2 511
2 512
2 513
2 514
2 515
2 516
2 517
2 518
2 519
2 521
2 522
2 523
2 524
2 525
2 526
2 527
2 528
2 529
2 530
2 531
2 532
2 533
2 534
2 535
2 536
2 537
2 538
2 539
2 540
2 541
2 542
2 543
2 544
2 545
2 546
2 547
2 548
2 549
2 550
2 551
2 552
2 553
2 554
2 555
2 556
2 557
2 558
2 559
2 560
2 561
2 562
2 563
2 564
2 565
2 566
2 567
2 568
2 569
2 570
2 572
2 573
2 574
2 520
2 571
3 575
3 576
3 577
3 578
3 579
3 580
3 581
3 582
4 583
4 584
4 585
4 586
4 587
4 588
4 589
4 590
4 591
4 592
4 593
4 594
4 595
4 596
4 597
4 598
4 599
4 600
4 601
5 602
5 603
5 604
5 605
5 606
6 607
6 608
6 609
6 610
6 611
7 612
7 613
7 614
7 615
7 616
7 617
7 618
7 619
7 620
7 621
7 622
7 623
7 624
7 625
7 626
7 627
8 628
8 629
8 630
8 631
8 632
8 633
9 634
9 635
9 636
9 637
9 638
9 639
9 640
9 641
10 642
10 643
10 644
10 645
10 646
10 647
10 648
10 649
10 650
11 575
11 576
11 651
11 652
11 653
11 654
11 655
11 656
11 657
11 658
11 659
11 660
11 661
11 662
11 663
11 664
12 665
12 666
12 667
12 668
12 669
12 670
12 671
12 672
12 673
12 674
13 629
13 675
13 676
13 677
13 678
13 679
13 680
13 681
13 682
13 683
13 684
13 685
13 686
13 687
13 688
14 689
14 690
14 691
14 692
14 693
14 694
15 695
15 696
15 697
15 698
15 699
15 700
16 701
16 702
16 703
16 704
16 705
16 706
16 707
16 708
17 709
17 710
17 711
17 712
18 677
18 713
18 714
18 715
18 716
18 717
18 718
18 719
19 720
19 721
19 722
19 723
19 724
19 725
19 726
19 727
20 728
20 729
20 730
20 731
20 732
20 733
20 734
20 735
20 736
20 737
21 738
21 739
21 740
21 741
21 742
21 743
21 744
21 745
21 746
22 747
23 748
23 749
23 750
23 751
24 752
24 753
25 754
25 755
26 756
26 757
26 758
26 759
27 760
27 761
27 762
27 763
28 764
28 765
28 766
28 767
28 768
28 769
28 770
28 771
28 772
28 773
28 774
28 775
29 764
29 765
29 767
29 769
29 776
29 777
29 778
29 779
29 780
30 781
30 782
31 695
31 783
31 784
31 785
31 786
32 787
32 788
32 789
32 790
32 791
32 792
32 793
32 794
33 795
33 796
33 797
33 798
33 799
33 800
34 801
34 802
34 803
34 804
34 805
34 806
34 807
34 808
34 809
34 810
34 811
35 812
35 813
35 814
35 815
35 816
35 817
35 818
35 819
35 820
35 821
35 822
35 823
35 824
36 39
36 59
36 60
36 363
36 388
36 396
36 397
36 398
36 399
36 400
36 402
36 403
36 404
36 467
36 471
36 472
36 477
36 479
36 498
36 557
36 565
36 614
36 651
36 720
36 740
36 825
36 826
36 827
36 828
36 829
36 830
36 831
36 832
36 833
36 834
36 835
36 836
36 837
36 838
36 839
36 840
36 841
36 842
36 843
36 844
36 845
36 846
36 847
36 848
36 849
36 850
36 851
36 852
36 853
36 854
36 855
36 856
36 857
36 858
36 859
36 860
36 861
36 862
36 863
36 864
36 865
36 866
36 867
36 868
36 869
36 870
36 871
36 872
36 873
36 874
36 875
36 876
36 877
36 878
36 879
36 880
36 881
36 882
36 883
36 884
36 885
36 886
36 887
36 888
36 889
36 890
36 891
36 892
36 893
36 894
36 895
36 896
36 897
36 898
36 899
36 900
36 901
36 902
36 903
36 904
36 905
36 906
36 907
36 908
36 909
36 910
36 911
36 912
36 913
36 914
36 915
36 916
36 917
36 918
36 919
36 920
36 921
36 922
36 923
36 924
36 925
36 926
36 927
36 928
36 929
36 930
36 931
36 932
36 933
36 934
36 935
36 936
36 937
36 938
36 939
36 940
36 941
36 942
36 943
36 944
36 945
36 946
36 947
36 948
36 949
36 950
36 951
36 952
36 953
36 954
36 955
36 956
36 957
36 958
36 959
36 960
36 961
36 962
36 963
36 964
36 965
36 966
36 967
36 968
36 969
36 970
36 971
36 972
36 973
36 974
36 975
36 976
36 977
36 978
36 979
36 980
36 981
36 982
36 983
36 984
36 985
36 986
36 987
36 988
36 989
36 990
36 991
36 992
36 993
36 994
36 995
36 996
36 997
36 998
36 999
36 1000
37 38
37 388
37 825
37 828
38 43
38 357
38 363
38 364
38 365
38 388
38 396
38 397
38 398
38 400
38 402
38 403
38 404
38 446
38 467
38 470
38 471
38 472
38 476
38 477
38 478
38 479
38 480
38 486
38 498
38 519
38 525
38 527
38 535
38 538
38 545
38 552
38 554
38 556
38 557
38 559
38 564
38 565
38 566
38 520
38 876
39 43
39 59
39 251
39 358
39 363
39 388
39 396
39 397
39 398
39 399
39 400
39 402
39 403
39 404
39 467
39 470
39 471
39 472
39 477
39 479
39 498
39 519
39 525
39 557
39 565
39 566
39 569
39 570
39 720
39 740
39 825
39 827
39 828
39 833
39 834
39 836
39 837
39 838
39 840
39 841
39 843
39 845
39 846
39 848
39 849
39 850
39 851
39 852
39 853
39 854
39 855
39 856
39 857
39 858
39 859
39 860
39 861
39 863
39 865
39 866
39 870
39 871
39 872
39 874
39 875
39 876
39 877
39 880
39 881
39 882
39 883
39 885
39 886
39 889
39 890
39 891
39 894
39 895
39 896
39 898
39 900
39 901
39 905
39 906
39 908
39 910
39 913
39 914
39 915
39 916
39 917
39 918
39 919
39 920
39 921
39 922
39 923
39 924
39 925
39 926
39 927
39 928
39 929
39 930
39 931
39 932
39 933
39 934
39 935
39 936
39 940
39 941
39 942
39 943
39 944
39 945
39 947
39 948
39 949
39 950
39 951
39 952
39 953
39 954
39 955
39 956
39 957
39 958
39 959
39 960
39 961
39 962
39 964
39 965
39 966
39 967
39 969
39 970
39 972
39 973
39 976
39 977
39 978
39 980
39 981
39 982
39 983
39 984
39 986
39 987
39 988
39 989
39 990
39 991
39 992
39 993
39 994
39 995
39 997
39 998
39 999
39 1000
41 769
43 357
43 358
43 396
43 498
43 825
43 827
43 828
43 847
43 850
43 851
43 852
43 853
43 854
43 855
43 858
43 859
43 907
44 575
44 576
44 577
44 578
44 580
44 677
44 713
46 769
51 677
52 713
56 668
56 670
59 861
59 862
59 876
60 861
60 938
62 299
62 324
65 520
71 804
71 805
72 612
72 613
72 616
76 738
76 740
83 677
85 749
88 575
101 583
101 584
101 586
101 587
101 588
101 589
104 628
104 629
104 632
105 690
106 584
106 748
106 767
109 690
111 765
112 749
117 765
117 867
117 886
120 690
124 767
138 670
151 690
152 643
152 644
153 666
153 667
153 668
155 812
157 713
169 738
169 740
170 575
170 576
170 580
170 651
170 910
173 882
175 996
193 765
196 689
196 765
196 769
201 632
202 996
204 629
204 677
204 767
206 575
206 576
206 577
206 578
209 690
215 666
215 667
215 668
218 643
218 644
218 749
220 812
223 677
223 713
223 765
223 767
225 628
228 812
239 738
239 740
246 362
246 363
246 364
246 396
246 397
246 404
246 527
246 569
246 570
246 520
248 767
249 738
249 740
251 576
251 876
259 643
259 644
259 833
262 299
262 628
262 632
268 705
268 850
271 738
271 740
273 869
277 738
277 740
280 738
280 740
281 738
281 740
282 575
286 738
286 740
291 628
291 632
295 738
295 740
298 738
299 324
303 738
303 740
306 812
310 812
325 738
325 740
331 705
335 643
335 644
342 738
342 740
343 675
344 575
344 576
345 738
345 740
351 628
351 632
351 911
351 996
353 690
357 498
358 363
358 365
358 388
358 396
358 397
358 398
358 399
358 400
358 402
358 403
358 404
358 467
358 470
358 471
358 472
358 479
358 498
358 519
358 525
358 535
358 538
358 545
358 552
358 554
358 555
358 557
358 564
358 565
358 566
358 569
358 570
358 572
358 573
358 861
358 876
358 907
359 738
361 573
362 364
362 365
362 366
362 527
362 555
362 556
362 825
362 826
362 827
362 828
362 829
362 830
362 831
363 364
363 527
364 396
364 397
364 402
364 404
364 477
364 568
364 569
364 570
365 366
365 397
365 399
365 568
365 570
366 527
366 555
366 556
366 568
366 861
366 876
367 690
368 575
368 576
371 628
371 629
371 632
373 765
376 575
376 576
376 577
376 578
376 580
376 713
381 812
383 728
396 400
396 527
397 527
397 556
399 527
402 545
404 527
406 765
407 812
416 583
416 584
416 586
417 584
419 690
422 812
425 677
427 670
429 628
429 632
434 867
434 886
434 949
440 575
445 812
446 535
453 738
453 740
454 812
456 812
463 812
466 666
466 667
466 670
467 527
467 545
469 602
469 604
483 690
497 996
507 651
509 738
509 740
513 666
513 667
513 668
523 721
523 722
527 568
527 569
527 570
528 749
530 812
531 812
532 769
534 738
535 557
536 738
536 740
537 681
537 749
541 665
541 666
541 667
543 812
555 568
555 569
563 812
565 850
568 571
568 825
568 827
568 828
574 825
574 827
575 577
575 581
575 826
576 581
576 826
576 938
577 578
577 581
577 690
578 580
578 581
578 690
579 677
579 715
581 582
583 586
583 587
583 591
583 596
583 767
583 833
583 915
583 918
583 926
583 930
583 931
583 933
583 949
583 951
583 996
584 589
584 602
584 612
584 764
584 765
584 767
584 855
584 887
584 894
584 910
584 915
584 920
584 922
584 925
584 929
584 988
586 589
586 591
586 592
586 643
586 833
586 837
586 868
586 926
586 930
586 932
586 937
586 949
586 951
586 958
587 588
587 592
587 594
587 595
587 629
588 594
588 595
588 597
588 614
588 767
588 867
588 911
589 591
589 594
590 592
590 594
590 597
590 599
591 594
591 595
591 629
591 833
592 593
592 594
592 595
593 594
593 595
594 595
594 596
594 597
594 599
595 597
595 599
597 601
599 601
603 605
603 629
603 801
604 605
604 606
607 610
608 610
612 615
612 616
612 618
612 621
612 748
612 835
612 841
612 869
612 874
612 895
612 913
613 616
613 947
614 617
614 621
614 622
614 634
614 689
614 833
614 834
614 838
614 840
614 861
614 867
614 868
614 869
614 874
614 876
614 883
614 890
614 895
614 905
614 918
614 919
614 921
614 924
614 925
614 926
614 929
614 947
614 954
614 972
614 974
614 996
615 616
615 618
615 621
615 651
615 897
615 910
616 617
616 675
616 689
617 618
617 619
617 621
617 622
617 624
617 625
617 637
618 619
618 621
619 621
619 947
620 621
621 622
621 625
621 748
622 953
623 624
623 625
623 626
623 627
624 625
625 626
629 633
629 677
629 682
629 697
629 728
629 764
629 776
629 868
629 869
629 875
629 881
629 890
629 926
629 942
629 950
629 951
629 952
629 960
629 964
629 969
630 631
630 633
631 633
631 911
632 898
632 923
633 677
634 655
634 675
634 841
634 863
634 865
634 891
634 896
634 900
634 901
634 916
634 952
634 955
635 636
635 637
635 640
635 874
635 886
636 637
636 638
636 639
636 640
636 641
636 887
637 892
642 645
642 646
642 651
642 832
642 833
642 835
642 840
642 846
642 867
642 870
642 875
642 886
642 890
642 891
642 896
642 903
642 906
642 910
642 915
642 916
642 917
642 918
642 919
642 920
642 921
642 922
642 924
642 927
642 931
642 932
642 933
642 934
642 937
642 938
642 940
642 941
642 942
642 943
642 944
642 945
642 949
642 950
642 951
642 952
642 953
642 956
642 957
642 960
642 963
642 964
642 966
642 967
642 968
642 970
642 971
642 972
642 974
642 976
642 981
642 983
642 984
642 988
642 990
642 991
642 993
642 994
642 995
643 644
643 764
643 834
643 867
643 887
643 895
644 681
644 833
644 887
644 936
645 646
645 647
645 649
645 728
646 648
646 649
646 650
647 648
647 650
647 948
648 649
649 650
651 675
651 690
651 695
651 749
651 833
651 834
651 836
651 837
651 838
651 839
651 840
651 841
651 843
651 845
651 848
651 849
651 853
651 854
651 855
651 856
651 857
651 858
651 859
651 860
651 861
651 863
651 864
651 865
651 867
651 868
651 869
651 870
651 871
651 872
651 873
651 874
651 875
651 876
651 877
651 878
651 880
651 881
651 882
651 883
651 884
651 886
651 888
651 889
651 890
651 892
651 893
651 894
651 895
651 897
651 899
651 901
651 902
651 903
651 906
651 908
651 910
651 913
651 916
651 931
651 934
651 937
651 938
651 942
651 949
651 951
651 971
651 977
652 653
652 654
652 656
652 657
652 660
652 663
653 656
653 664
654 657
654 664
654 906
655 661
655 865
656 660
656 663
657 664
658 659
658 661
662 664
663 664
665 666
665 667
665 668
665 689
665 898
666 668
666 669
666 671
666 764
666 840
666 898
667 668
667 689
667 835
668 669
668 689
668 898
669 671
669 672
669 673
671 673
671 674
672 674
673 674
675 690
675 695
675 776
675 837
675 861
675 863
675 872
675 903
675 910
675 915
675 916
675 934
676 682
676 684
676 685
677 679
677 682
677 685
677 714
677 716
677 718
677 719
677 996
678 910
679 684
679 685
679 687
680 682
680 684
680 685
680 686
681 749
681 846
681 886
681 940
681 949
681 981
682 684
682 685
682 687
683 685
683 873
684 685
684 686
685 686
686 687
689 728
689 765
689 801
689 833
689 834
689 840
689 845
689 853
689 869
689 875
689 891
689 894
689 901
690 695
691 692
691 693
692 693
695 696
695 728
695 784
695 785
695 859
695 865
695 899
696 697
696 699
696 700
697 698
701 702
701 703
701 704
701 706
701 707
701 708
702 706
702 905
703 704
703 706
704 707
705 1000
706 708
709 966
710 711
710 712
713 833
713 834
713 836
713 840
713 841
713 845
713 853
713 854
713 856
713 863
713 872
713 890
713 913
713 914
713 941
713 942
713 943
713 944
713 945
714 718
720 881
720 977
721 722
721 738
721 801
721 843
721 910
