false
false
100
100
0 1 
0 2 
0 3 
0 4 
0 9 
0 11 
0 24 
0 26 
0 28 
0 32 
0 48 
0 53 
0 54 
0 58 
0 59 
0 75 
0 84 
0 87 
0 93 
1 2 
1 5 
1 6 
1 15 
1 18 
1 19 
1 29 
1 30 
1 33 
1 40 
1 51 
1 61 
1 67 
1 79 
1 81 
1 90 
1 91 
2 10 
2 13 
2 20 
2 21 
2 39 
2 56 
2 83 
3 8 
3 14 
4 7 
4 22 
4 25 
5 16 
6 12 
6 23 
8 46 
8 62 
8 64 
10 95 
11 17 
11 27 
11 35 
11 36 
11 73 
11 82 
12 31 
12 85 
17 50 
17 63 
17 94 
18 43 
19 34 
19 42 
19 89 
21 68 
22 74 
23 49 
23 70 
24 38 
24 55 
24 72 
25 37 
25 44 
25 88 
26 66 
27 52 
31 76 
32 60 
36 41 
36 92 
36 99 
39 45 
39 78 
45 47 
45 65 
48 71 
54 57 
54 69 
54 80 
61 77 
61 96 
63 86 
69 98 
89 97 
