false
false
100
197
0 1 
0 2 
0 3 
0 4 
0 22 
0 34 
0 52 
0 63 
0 66 
0 73 
0 90 
1 2 
1 3 
1 6 
1 10 
1 12 
1 13 
1 14 
1 15 
1 22 
1 23 
1 26 
1 28 
1 37 
1 41 
1 43 
1 46 
1 47 
1 55 
1 68 
1 72 
1 76 
1 80 
1 91 
2 4 
2 5 
2 7 
2 11 
2 16 
2 21 
2 31 
2 36 
2 50 
2 51 
2 70 
2 77 
2 99 
3 5 
3 7 
3 45 
3 69 
4 10 
4 54 
5 6 
5 26 
5 72 
6 8 
6 9 
6 13 
6 17 
6 18 
6 25 
6 27 
6 42 
6 45 
6 61 
6 64 
6 71 
6 88 
7 8 
7 16 
7 17 
7 18 
7 19 
7 23 
7 30 
7 36 
7 37 
7 38 
7 48 
7 49 
7 54 
7 60 
7 67 
7 93 
7 95 
7 97 
8 9 
8 12 
8 15 
8 34 
8 40 
8 44 
8 97 
9 11 
9 14 
9 48 
9 53 
9 78 
9 84 
11 27 
11 28 
11 61 
11 99 
12 20 
12 25 
12 74 
12 85 
13 24 
13 29 
13 39 
13 50 
13 57 
13 69 
13 78 
14 32 
14 38 
14 49 
14 80 
15 24 
15 83 
16 82 
16 95 
17 19 
17 20 
17 21 
17 44 
17 71 
18 35 
18 46 
18 66 
18 79 
18 84 
18 87 
18 92 
19 33 
19 63 
19 83 
20 33 
21 31 
21 82 
24 30 
24 40 
24 42 
24 56 
24 58 
24 94 
24 96 
26 96 
27 29 
27 62 
28 55 
29 32 
30 39 
30 58 
30 60 
31 53 
31 56 
31 59 
32 35 
34 41 
34 65 
34 67 
36 77 
36 93 
36 98 
37 43 
37 68 
38 81 
41 94 
42 76 
42 88 
43 81 
44 52 
44 65 
44 70 
45 47 
45 51 
46 75 
48 87 
48 89 
50 73 
50 90 
52 75 
53 59 
55 57 
56 64 
56 74 
58 62 
58 92 
61 86 
61 89 
68 98 
70 91 
71 85 
75 79 
78 86 
