false
false
300
597
0 1 
0 2 
0 3 
0 5 
0 6 
0 7 
0 12 
0 16 
0 17 
0 27 
0 32 
0 33 
0 34 
0 38 
0 40 
0 43 
0 44 
0 49 
0 50 
0 51 
0 53 
0 56 
0 58 
0 60 
0 62 
0 64 
0 65 
0 69 
0 72 
0 73 
0 80 
0 87 
0 90 
0 101 
0 104 
0 108 
0 112 
0 113 
0 115 
0 127 
0 131 
0 141 
0 143 
0 156 
0 158 
0 163 
0 164 
0 187 
0 188 
0 215 
0 216 
0 236 
0 289 
0 292 
1 2 
1 3 
1 8 
1 11 
1 13 
1 19 
1 23 
1 27 
1 28 
1 35 
1 36 
1 39 
1 45 
1 75 
1 83 
1 91 
1 133 
1 135 
1 143 
1 159 
1 177 
1 182 
1 228 
1 256 
1 269 
1 286 
1 291 
2 4 
2 9 
2 10 
2 11 
2 15 
2 19 
2 21 
2 31 
2 38 
2 44 
2 49 
2 54 
2 84 
2 89 
2 106 
2 164 
2 171 
2 180 
2 203 
2 206 
2 278 
2 281 
3 4 
3 5 
3 14 
3 61 
3 77 
3 129 
3 198 
3 210 
3 248 
3 275 
4 6 
4 10 
4 16 
4 22 
4 30 
4 56 
4 118 
4 166 
4 169 
4 173 
4 239 
4 279 
5 7 
5 13 
5 14 
5 24 
5 25 
5 26 
5 35 
5 41 
5 70 
5 78 
5 102 
5 122 
5 124 
5 140 
5 227 
5 231 
5 234 
5 268 
5 295 
5 299 
6 25 
6 26 
6 29 
6 33 
6 42 
6 66 
6 74 
6 134 
6 154 
6 270 
7 8 
7 9 
7 23 
7 34 
7 39 
7 150 
7 192 
7 254 
7 259 
7 277 
8 18 
8 29 
8 47 
8 58 
8 64 
8 83 
8 84 
8 110 
8 149 
8 162 
8 184 
8 193 
8 219 
8 226 
8 246 
8 252 
8 272 
9 12 
9 20 
9 41 
9 46 
9 48 
9 59 
9 85 
9 107 
9 136 
9 142 
9 199 
9 209 
9 214 
9 258 
9 268 
9 280 
9 292 
10 20 
10 30 
10 36 
10 37 
10 50 
10 62 
10 75 
10 93 
10 99 
10 149 
10 242 
11 61 
11 66 
11 68 
11 82 
11 91 
11 107 
11 155 
11 162 
11 237 
12 73 
12 257 
12 293 
13 15 
13 17 
13 22 
13 46 
13 55 
13 72 
13 88 
13 118 
13 170 
13 225 
13 240 
13 251 
13 265 
15 47 
15 92 
15 112 
15 146 
15 167 
15 181 
15 274 
16 97 
17 18 
17 24 
17 185 
17 191 
17 206 
17 233 
17 243 
18 21 
18 52 
18 150 
18 294 
19 59 
19 122 
19 147 
20 202 
20 250 
20 278 
23 32 
24 40 
24 103 
24 238 
25 48 
25 97 
25 120 
25 202 
26 28 
26 153 
26 245 
27 53 
28 37 
28 43 
28 63 
28 67 
28 105 
28 111 
28 121 
28 123 
28 157 
28 197 
28 220 
28 252 
29 31 
29 88 
30 71 
30 134 
30 141 
30 160 
30 195 
30 230 
30 265 
31 94 
31 223 
32 81 
33 146 
34 54 
34 65 
34 90 
34 106 
34 174 
34 190 
34 214 
34 224 
34 237 
34 271 
34 294 
35 92 
35 176 
36 57 
36 71 
36 108 
36 165 
36 245 
36 290 
37 51 
37 86 
37 191 
37 197 
37 262 
37 285 
38 45 
38 98 
38 101 
38 113 
38 144 
38 207 
38 290 
39 142 
39 225 
39 257 
39 282 
39 289 
40 42 
40 144 
41 55 
42 68 
42 79 
42 126 
42 137 
42 138 
42 179 
44 67 
44 69 
44 96 
44 132 
44 242 
44 251 
45 57 
45 86 
45 152 
45 234 
45 244 
46 52 
46 145 
47 173 
48 241 
49 95 
49 96 
49 160 
49 161 
49 168 
49 178 
51 194 
54 63 
54 82 
55 186 
55 272 
58 60 
58 121 
58 177 
59 183 
60 132 
60 297 
61 78 
62 70 
62 76 
62 95 
62 114 
62 130 
64 105 
64 116 
64 171 
64 211 
64 224 
64 230 
64 240 
64 269 
65 114 
65 139 
67 74 
67 138 
67 139 
67 217 
67 222 
68 169 
68 189 
69 77 
69 85 
69 103 
69 111 
69 115 
69 128 
69 136 
69 145 
69 232 
70 87 
70 219 
70 288 
72 117 
73 81 
73 124 
73 126 
73 135 
73 189 
73 218 
73 221 
73 283 
74 76 
74 79 
74 94 
74 104 
74 174 
74 188 
74 204 
74 249 
74 298 
75 203 
77 80 
77 102 
77 204 
79 100 
79 129 
79 130 
79 228 
79 231 
80 218 
80 247 
80 288 
82 119 
82 263 
83 178 
83 196 
84 89 
84 93 
84 100 
84 128 
84 155 
84 159 
84 190 
84 210 
84 260 
84 273 
84 285 
85 99 
86 110 
86 120 
86 229 
86 261 
87 109 
87 161 
91 183 
91 201 
91 277 
92 117 
92 151 
92 166 
94 137 
95 98 
95 125 
95 180 
96 175 
96 176 
96 266 
97 151 
97 186 
97 196 
97 287 
98 133 
98 213 
99 131 
99 181 
100 244 
100 249 
101 109 
103 193 
103 200 
103 207 
104 227 
105 116 
105 291 
106 148 
108 248 
110 123 
110 125 
110 127 
110 167 
110 205 
110 266 
113 168 
116 119 
116 148 
116 156 
116 267 
117 140 
118 213 
120 215 
121 223 
121 261 
122 253 
124 263 
126 163 
126 175 
127 152 
128 255 
128 296 
129 154 
129 293 
130 157 
130 172 
130 220 
130 275 
131 170 
131 192 
131 258 
131 287 
132 172 
134 235 
135 284 
136 212 
136 264 
138 147 
139 254 
144 153 
144 158 
144 185 
144 212 
144 236 
144 264 
144 276 
145 295 
150 165 
150 187 
151 217 
151 297 
156 221 
158 179 
158 273 
158 274 
160 232 
162 205 
162 247 
164 209 
166 200 
166 222 
166 298 
167 229 
167 241 
171 216 
173 184 
173 239 
173 271 
175 208 
177 182 
177 194 
178 198 
178 286 
180 199 
180 296 
181 201 
183 208 
184 195 
184 233 
187 284 
191 250 
193 253 
194 270 
205 211 
214 267 
219 226 
219 260 
222 276 
226 235 
226 256 
226 280 
226 283 
227 262 
228 243 
230 238 
233 246 
240 259 
242 279 
250 255 
256 281 
268 299 
281 282 
