false
false
300
597
0 1 
0 2 
0 3 
0 4 
0 6 
0 7 
0 9 
0 10 
0 12 
0 13 
0 14 
0 21 
0 22 
0 26 
0 27 
0 33 
0 36 
0 37 
0 39 
0 40 
0 43 
0 52 
0 78 
0 81 
0 95 
0 99 
0 105 
0 113 
0 126 
0 174 
0 192 
0 211 
0 214 
0 221 
0 223 
0 225 
0 235 
0 242 
0 247 
0 251 
0 254 
0 257 
0 274 
0 297 
1 2 
1 11 
1 17 
1 21 
1 28 
1 41 
1 48 
1 49 
1 56 
1 141 
1 148 
1 156 
1 203 
1 217 
1 249 
1 266 
1 292 
1 294 
2 3 
2 4 
2 5 
2 7 
2 8 
2 11 
2 12 
2 13 
2 19 
2 20 
2 26 
2 29 
2 34 
2 44 
2 47 
2 50 
2 56 
2 58 
2 83 
2 128 
2 130 
2 134 
2 136 
2 137 
2 142 
2 147 
2 149 
2 155 
2 161 
2 169 
2 184 
2 200 
2 206 
2 228 
2 236 
2 251 
2 258 
2 262 
2 272 
2 273 
2 280 
2 292 
3 66 
3 68 
3 73 
3 119 
3 216 
4 5 
4 6 
4 8 
4 9 
4 10 
4 15 
4 18 
4 29 
4 44 
4 45 
4 52 
4 54 
4 55 
4 67 
4 74 
4 102 
4 151 
4 152 
4 239 
4 269 
4 278 
5 16 
5 31 
5 60 
5 96 
5 136 
5 141 
5 150 
5 193 
5 208 
5 231 
6 17 
6 47 
6 51 
6 73 
6 88 
6 162 
6 177 
6 207 
6 264 
6 267 
7 30 
7 53 
7 84 
7 108 
8 24 
8 31 
8 32 
8 41 
8 76 
8 124 
8 142 
8 166 
8 279 
9 15 
9 25 
9 51 
9 80 
9 112 
9 129 
9 181 
9 194 
9 197 
9 298 
10 43 
10 82 
10 113 
11 20 
11 65 
11 69 
11 94 
11 103 
11 107 
11 149 
11 203 
11 213 
11 220 
11 277 
11 285 
12 18 
12 34 
12 79 
12 171 
13 14 
13 27 
13 58 
13 125 
13 215 
13 224 
13 256 
14 16 
14 22 
14 38 
14 67 
14 87 
14 93 
14 104 
14 111 
14 124 
14 146 
14 164 
14 199 
14 209 
14 230 
14 238 
14 291 
15 19 
15 28 
15 33 
15 38 
15 71 
15 150 
15 155 
15 174 
15 183 
15 212 
15 267 
15 288 
16 63 
16 69 
16 70 
16 77 
16 103 
16 270 
17 23 
17 24 
17 30 
17 55 
17 72 
17 79 
17 83 
17 132 
17 139 
17 181 
17 197 
17 215 
17 221 
17 229 
17 265 
17 284 
18 35 
18 36 
18 40 
18 74 
18 77 
18 97 
19 95 
19 98 
19 100 
19 138 
19 156 
19 170 
19 176 
19 178 
19 185 
19 249 
19 283 
20 23 
20 25 
20 42 
20 46 
20 89 
20 101 
20 129 
21 50 
21 62 
23 106 
23 133 
24 42 
24 114 
25 46 
25 72 
25 90 
25 105 
25 157 
25 231 
26 64 
27 32 
27 48 
27 116 
27 196 
28 92 
28 110 
29 170 
29 178 
29 233 
30 57 
30 62 
30 66 
30 123 
30 140 
30 163 
30 186 
30 252 
30 281 
30 299 
31 37 
31 39 
31 165 
31 194 
31 201 
31 230 
31 239 
31 240 
31 245 
31 260 
31 271 
31 295 
32 35 
32 86 
32 87 
32 121 
33 261 
34 61 
34 116 
34 134 
34 180 
36 59 
36 65 
36 115 
36 160 
36 164 
36 222 
37 45 
37 57 
37 76 
37 236 
38 90 
38 114 
38 122 
38 143 
38 265 
39 60 
39 63 
39 78 
39 106 
39 108 
39 287 
40 49 
40 59 
40 70 
40 85 
40 161 
40 198 
40 241 
40 274 
42 53 
43 289 
45 152 
45 190 
45 260 
46 54 
46 128 
47 143 
48 121 
48 145 
48 290 
51 256 
52 86 
52 89 
52 99 
52 153 
52 179 
52 242 
53 64 
53 68 
53 71 
53 111 
54 97 
54 109 
54 250 
54 255 
55 61 
55 88 
56 138 
57 104 
57 198 
57 227 
57 275 
58 75 
58 98 
59 123 
59 188 
60 75 
60 96 
60 120 
60 135 
60 172 
60 173 
60 192 
60 195 
60 247 
60 281 
60 283 
60 287 
61 93 
61 94 
61 115 
61 226 
61 276 
63 102 
63 118 
63 126 
63 131 
63 204 
63 225 
65 120 
65 127 
65 183 
65 232 
66 81 
66 110 
66 172 
66 188 
66 233 
67 209 
67 282 
67 297 
68 91 
68 219 
68 286 
68 296 
69 84 
69 85 
69 112 
70 118 
70 187 
70 196 
72 157 
72 160 
72 195 
72 250 
73 92 
73 119 
76 82 
76 139 
77 146 
78 80 
78 154 
78 246 
79 125 
80 224 
81 140 
81 218 
82 91 
82 132 
82 147 
82 263 
84 130 
84 189 
84 268 
85 144 
85 153 
86 173 
88 117 
88 175 
92 100 
92 189 
92 193 
92 244 
95 229 
96 154 
96 271 
97 101 
97 232 
98 210 
99 222 
100 237 
101 122 
101 176 
101 266 
102 276 
103 107 
103 109 
103 117 
103 254 
103 272 
104 253 
104 273 
107 158 
108 165 
108 168 
108 182 
109 205 
109 258 
111 169 
112 167 
112 234 
113 166 
113 191 
113 278 
114 159 
114 179 
114 235 
115 127 
115 243 
115 248 
117 148 
117 177 
119 158 
119 295 
120 144 
121 131 
121 145 
121 212 
123 277 
124 263 
124 288 
125 213 
126 135 
126 137 
127 162 
127 228 
128 237 
128 299 
130 191 
130 241 
131 133 
132 168 
132 182 
135 167 
135 279 
136 205 
136 243 
136 298 
139 261 
141 151 
141 163 
142 227 
143 219 
145 185 
147 175 
148 202 
149 218 
151 186 
151 223 
153 171 
156 190 
157 159 
162 200 
166 217 
166 264 
169 180 
169 245 
170 284 
172 216 
172 240 
173 184 
173 244 
174 259 
176 220 
177 248 
180 275 
181 255 
183 238 
184 226 
185 187 
185 214 
185 268 
187 262 
190 211 
191 208 
193 201 
193 202 
195 207 
196 210 
196 246 
197 199 
197 270 
198 204 
198 206 
198 296 
210 234 
222 269 
223 257 
224 290 
226 286 
227 291 
230 280 
233 253 
241 293 
245 259 
249 252 
250 289 
253 285 
266 282 
269 293 
280 294 
