false
false
400
1980
0 1 
0 4 
0 5 
0 6 
0 7 
0 8 
0 9 
0 12 
0 13 
0 15 
0 17 
0 21 
0 23 
0 25 
0 26 
0 30 
0 31 
0 35 
0 47 
0 61 
0 64 
0 68 
0 69 
0 73 
0 76 
0 80 
0 87 
0 97 
0 105 
0 106 
0 107 
0 120 
0 134 
0 147 
0 148 
0 153 
0 158 
0 166 
0 196 
0 207 
0 222 
0 239 
0 245 
0 250 
0 261 
0 274 
0 279 
0 280 
0 292 
0 298 
0 301 
0 363 
0 371 
0 382 
0 396 
0 399 
1 2 
1 5 
1 6 
1 10 
1 11 
1 12 
1 13 
1 14 
1 16 
1 18 
1 28 
1 30 
1 33 
1 34 
1 37 
1 38 
1 42 
1 45 
1 65 
1 74 
1 86 
1 99 
1 103 
1 126 
1 129 
1 138 
1 156 
1 168 
1 267 
1 269 
1 369 
1 377 
2 3 
2 5 
2 6 
2 7 
2 9 
2 10 
2 11 
2 14 
2 15 
2 17 
2 23 
2 24 
2 25 
2 26 
2 27 
2 28 
2 29 
2 30 
2 50 
2 52 
2 55 
2 57 
2 74 
2 77 
2 80 
2 82 
2 85 
2 89 
2 93 
2 95 
2 102 
2 108 
2 110 
2 113 
2 118 
2 120 
2 123 
2 129 
2 136 
2 148 
2 168 
2 202 
2 229 
2 233 
2 241 
2 249 
2 250 
2 251 
2 256 
2 305 
2 306 
2 345 
2 361 
2 374 
2 392 
2 394 
2 399 
3 4 
3 5 
3 6 
3 7 
3 8 
3 9 
3 10 
3 16 
3 18 
3 29 
3 32 
3 42 
3 45 
3 46 
3 52 
3 57 
3 64 
3 70 
3 88 
3 91 
3 100 
3 125 
3 129 
3 131 
3 133 
3 134 
3 144 
3 145 
3 153 
3 158 
3 164 
3 178 
3 180 
3 183 
3 194 
3 219 
3 245 
3 251 
3 261 
3 285 
3 310 
3 331 
3 333 
3 334 
3 374 
3 378 
3 387 
3 390 
3 392 
4 5 
4 14 
4 25 
4 35 
4 60 
4 81 
4 84 
4 87 
4 96 
4 130 
4 152 
4 155 
4 158 
4 173 
4 182 
4 185 
4 186 
4 198 
4 221 
4 273 
4 303 
4 324 
4 366 
5 6 
5 7 
5 8 
5 9 
5 10 
5 11 
5 13 
5 17 
5 20 
5 24 
5 25 
5 30 
5 32 
5 41 
5 44 
5 47 
5 53 
5 54 
5 58 
5 61 
5 62 
5 67 
5 73 
5 76 
5 89 
5 90 
5 91 
5 96 
5 111 
5 115 
5 116 
5 124 
5 125 
5 131 
5 146 
5 148 
5 150 
5 174 
5 179 
5 190 
5 201 
5 215 
5 224 
5 225 
5 242 
5 257 
5 259 
5 265 
5 268 
5 287 
5 295 
5 311 
5 312 
5 316 
5 318 
5 325 
5 326 
5 330 
5 341 
5 357 
5 362 
5 391 
5 397 
6 7 
6 8 
6 11 
6 12 
6 13 
6 19 
6 23 
6 27 
6 31 
6 34 
6 35 
6 36 
6 39 
6 40 
6 44 
6 45 
6 48 
6 51 
6 53 
6 58 
6 63 
6 67 
6 75 
6 84 
6 100 
6 110 
6 111 
6 114 
6 115 
6 116 
6 131 
6 135 
6 148 
6 149 
6 176 
6 178 
6 180 
6 182 
6 186 
6 191 
6 200 
6 207 
6 213 
6 221 
6 227 
6 236 
6 238 
6 242 
6 243 
6 247 
6 248 
6 249 
6 258 
6 259 
6 263 
6 275 
6 285 
6 288 
6 301 
6 314 
6 317 
6 322 
6 327 
6 342 
6 354 
6 367 
6 387 
7 8 
7 12 
7 13 
7 14 
7 16 
7 17 
7 18 
7 19 
7 20 
7 21 
7 22 
7 33 
7 40 
7 42 
7 45 
7 47 
7 48 
7 61 
7 62 
7 78 
7 83 
7 94 
7 114 
7 122 
7 126 
7 138 
7 161 
7 169 
7 174 
7 175 
7 196 
7 206 
7 219 
7 231 
7 274 
7 302 
7 326 
7 347 
7 351 
7 366 
7 368 
8 9 
8 11 
8 15 
8 37 
8 49 
8 53 
8 64 
8 72 
8 73 
8 79 
8 94 
8 96 
8 116 
8 121 
8 132 
8 133 
8 143 
8 158 
8 170 
8 178 
8 207 
8 222 
8 274 
8 286 
8 299 
8 305 
8 330 
8 331 
8 336 
8 351 
8 356 
8 367 
8 382 
9 10 
9 12 
9 16 
9 17 
9 18 
9 20 
9 22 
9 35 
9 36 
9 37 
9 38 
9 39 
9 40 
9 43 
9 44 
9 48 
9 55 
9 59 
9 63 
9 71 
9 77 
9 79 
9 80 
9 95 
9 99 
9 104 
9 110 
9 134 
9 136 
9 158 
9 159 
9 200 
9 202 
9 206 
9 214 
9 255 
9 272 
9 299 
9 304 
9 328 
9 332 
9 353 
9 359 
9 364 
9 371 
10 15 
10 16 
10 18 
10 21 
10 39 
10 55 
10 56 
10 60 
10 72 
10 105 
10 152 
10 163 
10 167 
10 177 
10 187 
10 192 
10 267 
10 282 
10 318 
10 349 
11 14 
11 22 
11 23 
11 34 
11 40 
11 53 
11 81 
11 83 
11 87 
11 113 
11 154 
11 169 
11 174 
11 186 
11 187 
11 194 
11 224 
11 235 
11 238 
11 247 
11 316 
11 319 
11 365 
12 19 
12 28 
12 51 
12 64 
12 120 
12 141 
12 164 
12 165 
12 172 
12 200 
12 230 
12 246 
12 249 
12 260 
12 284 
12 296 
12 309 
12 310 
12 319 
12 320 
12 323 
12 340 
12 352 
12 361 
12 389 
13 46 
13 53 
13 54 
13 61 
13 94 
13 106 
13 114 
13 119 
13 151 
13 195 
13 203 
13 209 
13 216 
13 239 
13 249 
13 278 
13 287 
13 291 
13 296 
13 384 
14 15 
14 19 
14 21 
14 31 
14 37 
14 41 
14 48 
14 52 
14 79 
14 94 
14 110 
14 138 
14 140 
14 146 
14 153 
14 162 
14 188 
14 190 
14 194 
14 233 
14 250 
14 259 
14 263 
14 266 
14 290 
14 306 
14 381 
15 24 
15 27 
15 28 
15 32 
15 49 
15 52 
15 54 
15 59 
15 65 
15 66 
15 75 
15 91 
15 104 
15 143 
15 189 
15 192 
15 199 
15 220 
15 235 
15 238 
15 245 
15 264 
15 275 
15 278 
15 324 
15 335 
15 344 
15 371 
15 388 
16 20 
16 22 
16 24 
16 31 
16 34 
16 43 
16 56 
16 62 
16 79 
16 90 
16 100 
16 131 
16 137 
16 214 
16 311 
16 337 
16 347 
16 360 
16 392 
17 19 
17 26 
17 29 
17 34 
17 50 
17 59 
17 86 
17 125 
17 234 
17 240 
17 246 
17 250 
17 370 
18 20 
18 24 
18 25 
18 26 
18 27 
18 38 
18 45 
18 50 
18 60 
18 66 
18 105 
18 107 
18 128 
18 132 
18 134 
18 135 
18 144 
18 154 
18 161 
18 181 
18 214 
18 235 
18 246 
18 269 
18 294 
18 325 
18 360 
18 387 
19 22 
19 38 
19 62 
19 75 
19 155 
19 184 
19 198 
19 208 
19 219 
19 290 
19 356 
19 368 
19 374 
19 376 
20 21 
20 83 
20 269 
20 374 
21 23 
21 26 
21 33 
21 39 
21 60 
21 62 
21 68 
21 69 
21 76 
21 97 
21 105 
21 138 
21 188 
21 206 
21 217 
21 220 
21 264 
21 301 
21 302 
21 312 
21 329 
22 28 
22 29 
22 30 
22 38 
22 40 
22 41 
22 46 
22 56 
22 71 
22 88 
22 90 
22 96 
22 98 
22 104 
22 111 
22 140 
22 141 
22 145 
22 151 
22 164 
22 174 
22 184 
22 227 
22 231 
22 241 
22 246 
22 251 
22 264 
22 288 
22 290 
22 337 
22 349 
23 36 
23 44 
23 58 
23 68 
23 74 
23 81 
23 84 
23 88 
23 96 
23 119 
23 132 
23 137 
23 177 
23 204 
23 248 
23 252 
23 254 
23 258 
23 262 
23 280 
23 293 
23 332 
23 346 
23 360 
23 367 
23 373 
23 380 
23 381 
23 399 
24 32 
24 33 
24 43 
24 46 
24 51 
24 64 
24 73 
24 91 
24 101 
24 107 
24 108 
24 109 
24 139 
24 167 
24 175 
24 204 
24 216 
24 240 
24 257 
24 271 
24 295 
24 314 
24 372 
24 383 
24 384 
24 391 
25 27 
25 39 
25 60 
25 63 
25 98 
25 112 
25 117 
25 131 
25 184 
25 185 
25 193 
25 234 
25 265 
25 311 
25 324 
25 391 
26 29 
26 36 
26 43 
26 44 
26 47 
26 50 
26 58 
26 59 
26 66 
26 68 
26 75 
26 84 
26 85 
26 115 
26 126 
26 127 
26 137 
26 141 
26 147 
26 157 
26 162 
26 164 
26 184 
26 188 
26 203 
26 218 
26 271 
26 272 
26 283 
26 308 
26 321 
26 340 
26 342 
26 348 
26 356 
26 379 
27 42 
27 43 
27 57 
27 63 
27 106 
27 129 
27 133 
27 157 
27 173 
27 199 
27 203 
27 218 
27 222 
27 297 
27 323 
27 375 
27 379 
27 383 
27 385 
28 41 
28 70 
28 74 
28 124 
28 130 
28 210 
28 338 
28 382 
29 31 
29 50 
29 58 
29 84 
29 91 
29 93 
29 104 
29 125 
29 163 
29 202 
29 272 
29 294 
30 71 
30 201 
30 216 
30 285 
30 321 
31 32 
31 35 
31 73 
31 74 
31 108 
31 109 
31 126 
31 175 
31 203 
31 204 
31 218 
31 228 
31 254 
31 301 
31 321 
31 327 
31 346 
31 358 
32 33 
32 36 
32 49 
32 51 
32 56 
32 70 
32 72 
32 89 
32 97 
32 105 
32 108 
32 122 
32 141 
32 162 
32 194 
32 234 
32 279 
32 325 
32 332 
32 343 
32 345 
32 356 
32 367 
33 52 
33 83 
33 109 
33 137 
33 176 
33 206 
33 278 
33 294 
33 300 
33 383 
34 92 
34 117 
34 123 
34 140 
34 156 
34 174 
34 222 
34 312 
34 324 
34 386 
34 395 
35 37 
35 48 
35 49 
35 79 
35 85 
35 101 
35 103 
35 114 
35 117 
35 152 
35 155 
35 197 
35 199 
35 205 
36 41 
36 42 
36 150 
36 152 
36 156 
36 220 
36 244 
36 308 
36 341 
36 366 
36 378 
36 389 
37 241 
37 267 
37 292 
37 322 
37 342 
38 47 
38 55 
38 57 
38 85 
38 98 
38 103 
38 128 
38 140 
38 169 
38 249 
38 253 
38 271 
38 303 
38 349 
38 396 
39 67 
39 72 
39 189 
39 209 
39 223 
39 304 
39 309 
39 318 
39 352 
39 376 
40 46 
40 49 
40 57 
40 59 
40 63 
40 78 
40 156 
40 276 
40 314 
40 396 
41 54 
41 82 
41 121 
41 180 
41 182 
41 207 
41 208 
41 237 
41 248 
41 257 
41 269 
41 308 
41 313 
41 328 
41 329 
42 55 
42 70 
42 77 
42 101 
42 113 
42 127 
42 140 
42 151 
42 176 
42 191 
42 263 
42 283 
42 342 
42 399 
43 95 
44 69 
44 87 
44 129 
44 157 
44 164 
44 167 
44 228 
44 283 
44 302 
45 51 
45 67 
45 82 
45 92 
45 102 
45 160 
45 231 
46 86 
47 54 
47 61 
47 65 
47 88 
47 93 
47 101 
47 103 
47 112 
47 124 
47 142 
47 150 
47 197 
47 199 
47 205 
47 235 
47 236 
47 257 
47 289 
47 291 
47 319 
47 323 
47 354 
47 355 
47 372 
48 56 
48 65 
48 75 
48 90 
48 97 
48 110 
48 111 
48 116 
48 202 
48 226 
48 244 
48 262 
48 266 
48 267 
48 381 
48 389 
49 66 
49 89 
49 93 
49 95 
49 170 
49 180 
49 182 
49 198 
49 217 
49 274 
49 297 
49 341 
50 70 
50 77 
50 78 
50 104 
50 160 
50 181 
50 252 
50 335 
50 399 
51 72 
51 102 
51 135 
51 192 
51 195 
51 213 
51 224 
51 237 
51 257 
51 277 
51 312 
51 385 
52 132 
52 136 
52 167 
52 245 
52 300 
52 330 
52 363 
52 393 
53 71 
53 78 
53 82 
53 145 
53 150 
53 176 
53 183 
53 185 
53 196 
53 244 
53 274 
53 280 
53 321 
53 386 
54 66 
54 77 
54 95 
54 114 
54 130 
54 195 
54 200 
54 212 
54 225 
54 253 
54 271 
54 281 
54 331 
54 366 
55 69 
55 156 
55 166 
55 190 
55 205 
55 237 
55 279 
55 365 
55 394 
56 76 
56 82 
56 85 
56 99 
56 121 
56 137 
56 179 
56 197 
56 198 
56 228 
56 229 
56 231 
56 286 
56 328 
56 369 
56 391 
57 80 
57 119 
57 165 
57 259 
57 317 
57 322 
57 334 
58 80 
58 153 
58 155 
58 248 
58 308 
58 309 
58 345 
59 65 
59 133 
59 160 
59 171 
59 181 
59 295 
59 329 
59 334 
59 358 
60 102 
60 149 
60 327 
60 386 
61 68 
61 98 
61 107 
61 146 
61 148 
61 151 
61 225 
61 260 
61 261 
61 265 
61 266 
61 306 
61 351 
61 369 
62 67 
62 71 
62 88 
62 92 
62 143 
62 193 
62 209 
62 211 
63 87 
63 97 
63 99 
63 120 
63 124 
63 147 
63 214 
63 267 
64 111 
64 161 
64 169 
64 183 
64 204 
64 212 
64 253 
64 284 
64 310 
64 333 
65 232 
66 112 
66 127 
66 172 
66 173 
66 186 
66 196 
66 198 
66 291 
66 302 
66 304 
66 310 
66 352 
66 373 
67 69 
67 86 
67 138 
67 149 
67 294 
67 296 
67 369 
67 381 
68 81 
68 83 
68 116 
68 159 
68 194 
68 205 
69 160 
69 183 
69 270 
69 362 
70 113 
70 146 
70 165 
70 215 
70 220 
70 227 
70 248 
70 375 
70 395 
71 142 
71 172 
71 175 
71 181 
71 217 
71 355 
71 357 
71 365 
72 101 
72 124 
72 226 
72 228 
72 255 
72 264 
72 276 
72 298 
72 304 
73 76 
73 136 
73 221 
73 260 
73 292 
73 347 
74 78 
74 98 
74 298 
75 99 
75 103 
75 139 
75 295 
75 350 
76 92 
76 100 
76 117 
76 154 
76 181 
76 221 
76 253 
76 278 
76 338 
76 385 
77 89 
77 127 
77 139 
77 185 
77 284 
79 94 
79 122 
79 155 
79 271 
79 293 
80 81 
80 144 
80 178 
80 233 
80 241 
80 251 
80 317 
80 326 
81 93 
81 126 
81 134 
81 192 
81 201 
81 264 
81 282 
81 337 
81 370 
81 394 
82 86 
82 106 
82 132 
82 170 
82 247 
82 375 
83 122 
83 161 
83 172 
83 179 
83 192 
83 232 
83 333 
84 191 
84 324 
85 122 
85 147 
85 208 
85 210 
85 245 
85 256 
85 270 
85 287 
85 359 
85 370 
85 383 
86 119 
86 128 
86 144 
86 167 
86 173 
86 187 
86 201 
86 208 
86 235 
86 240 
86 254 
86 273 
86 286 
86 313 
86 395 
87 107 
87 195 
87 373 
88 90 
88 100 
88 118 
88 120 
88 130 
88 214 
88 226 
89 92 
89 149 
89 170 
89 197 
89 277 
89 281 
89 287 
90 363 
90 390 
91 179 
91 320 
91 350 
91 358 
92 115 
92 118 
92 121 
92 123 
92 168 
92 206 
92 281 
92 307 
92 311 
92 384 
92 398 
93 276 
93 281 
94 108 
94 109 
94 128 
94 168 
94 213 
94 221 
94 238 
94 337 
94 344 
94 353 
95 106 
95 152 
95 165 
95 188 
95 328 
96 118 
96 141 
96 166 
96 202 
97 113 
97 123 
97 128 
97 223 
97 273 
97 390 
97 396 
98 102 
98 143 
98 190 
98 241 
98 255 
98 293 
99 125 
99 147 
99 187 
99 225 
99 261 
99 268 
99 387 
100 135 
100 162 
100 166 
100 193 
100 230 
100 284 
100 291 
100 303 
100 313 
100 339 
100 354 
101 173 
102 143 
102 144 
102 171 
102 211 
102 272 
102 289 
102 307 
102 311 
103 121 
103 160 
103 210 
103 286 
103 303 
103 340 
104 112 
104 135 
104 162 
104 169 
104 225 
104 226 
104 231 
104 317 
104 333 
105 259 
106 159 
107 109 
107 139 
107 191 
107 296 
108 171 
108 189 
108 236 
108 348 
109 112 
109 127 
109 187 
109 263 
109 273 
109 312 
110 115 
110 349 
111 183 
111 314 
111 315 
111 397 
112 166 
112 339 
112 372 
112 384 
113 189 
113 226 
113 316 
113 328 
113 381 
114 163 
114 307 
115 123 
115 136 
115 146 
115 153 
115 203 
115 234 
115 346 
115 375 
116 117 
116 161 
116 279 
117 118 
117 210 
117 361 
117 377 
118 119 
118 193 
118 197 
118 213 
118 227 
119 139 
119 165 
119 205 
119 223 
119 233 
119 246 
119 273 
119 297 
119 326 
120 151 
120 196 
121 130 
121 168 
121 172 
121 191 
121 209 
121 242 
121 266 
121 280 
121 307 
121 353 
121 360 
121 377 
122 149 
122 240 
122 296 
122 338 
122 363 
122 370 
123 253 
123 375 
124 336 
124 371 
125 142 
125 178 
125 261 
125 364 
125 394 
125 397 
126 142 
126 145 
126 157 
126 188 
126 193 
126 215 
126 287 
126 309 
126 329 
126 334 
126 358 
126 366 
127 159 
127 295 
128 237 
128 240 
128 242 
128 307 
129 157 
129 288 
129 351 
129 388 
129 393 
130 154 
130 185 
130 292 
130 304 
130 345 
130 359 
130 380 
130 395 
131 133 
131 145 
131 300 
132 154 
132 212 
132 223 
132 266 
132 299 
133 142 
133 150 
133 159 
133 189 
133 270 
133 277 
133 305 
134 347 
135 223 
135 305 
136 210 
137 265 
138 179 
138 326 
139 200 
140 316 
140 369 
140 376 
142 358 
143 163 
143 216 
143 232 
143 359 
144 170 
144 230 
144 318 
145 340 
145 343 
145 380 
145 386 
146 163 
146 228 
146 299 
147 209 
147 232 
148 180 
148 398 
149 252 
149 276 
149 285 
149 313 
149 344 
150 177 
150 280 
150 285 
150 339 
150 378 
153 351 
154 309 
154 331 
154 373 
155 171 
155 182 
155 211 
155 268 
155 355 
155 368 
156 201 
156 251 
156 256 
156 319 
156 344 
157 378 
159 186 
160 294 
160 297 
162 195 
162 211 
162 250 
162 303 
162 333 
163 224 
164 284 
164 318 
166 265 
166 340 
167 177 
167 199 
167 254 
167 357 
167 394 
168 184 
168 252 
168 327 
168 331 
169 171 
169 208 
169 219 
169 237 
169 243 
169 393 
170 211 
170 398 
171 218 
171 306 
172 217 
172 229 
172 255 
172 319 
172 368 
172 380 
173 175 
173 176 
173 215 
173 258 
173 268 
175 177 
175 207 
175 232 
175 346 
176 190 
176 230 
176 243 
176 255 
176 270 
178 227 
178 390 
180 212 
180 230 
180 243 
180 315 
180 359 
180 361 
181 215 
183 239 
183 289 
183 305 
184 213 
184 272 
185 299 
185 339 
187 290 
189 367 
189 382 
189 388 
191 224 
191 298 
192 236 
192 262 
192 395 
193 289 
194 204 
194 234 
194 243 
194 281 
195 254 
197 229 
197 339 
198 279 
198 353 
199 282 
199 315 
199 342 
200 291 
201 329 
202 218 
202 387 
203 219 
203 269 
204 222 
204 276 
204 348 
205 244 
205 297 
205 332 
205 377 
206 258 
206 368 
207 212 
207 244 
207 338 
207 352 
208 242 
208 282 
208 300 
208 385 
209 347 
211 357 
212 239 
212 278 
213 217 
213 220 
213 247 
213 275 
213 332 
214 216 
214 263 
215 229 
215 236 
215 336 
215 341 
215 378 
216 334 
217 238 
217 343 
219 397 
221 233 
221 239 
222 388 
223 256 
227 293 
227 350 
230 262 
231 322 
232 252 
232 256 
232 262 
232 298 
233 288 
233 325 
235 300 
235 376 
236 258 
237 277 
237 317 
238 260 
238 293 
238 325 
238 379 
240 288 
242 247 
242 362 
243 320 
243 364 
244 283 
245 321 
245 371 
245 391 
248 270 
249 320 
251 268 
251 392 
251 398 
252 335 
254 260 
254 275 
254 314 
254 315 
256 313 
256 374 
257 320 
258 361 
259 282 
259 316 
259 383 
262 283 
262 310 
262 352 
264 301 
264 345 
264 350 
266 330 
266 346 
266 354 
266 365 
266 389 
268 275 
268 277 
271 290 
271 292 
271 308 
272 286 
273 376 
274 289 
274 344 
274 348 
274 363 
275 354 
275 355 
277 330 
277 362 
278 306 
278 356 
278 380 
278 396 
279 341 
282 335 
282 393 
283 360 
285 302 
286 348 
287 338 
287 357 
287 372 
289 336 
294 323 
294 349 
295 327 
297 323 
297 337 
298 315 
298 365 
301 343 
302 364 
304 364 
304 382 
307 322 
307 393 
308 384 
311 385 
312 343 
320 355 
321 398 
327 397 
328 370 
329 336 
329 377 
331 335 
332 379 
336 373 
337 350 
348 372 
352 353 
358 362 
358 379 
361 388 
363 386 
365 389 
378 392 
383 390 
