false
false
300
300
0 1 
0 2 
0 6 
0 7 
0 26 
0 38 
0 44 
0 139 
0 149 
0 154 
1 2 
1 3 
1 42 
1 46 
1 88 
1 93 
1 105 
1 184 
1 223 
1 265 
2 4 
2 5 
2 9 
2 10 
2 11 
2 13 
2 14 
2 16 
2 18 
2 21 
2 22 
2 24 
2 29 
2 35 
2 52 
2 57 
2 65 
2 72 
2 78 
2 79 
2 94 
2 101 
2 106 
2 107 
2 109 
2 111 
2 115 
2 119 
2 124 
2 127 
2 131 
2 136 
2 140 
2 152 
2 156 
2 157 
2 158 
2 166 
2 169 
2 173 
2 174 
2 177 
2 204 
2 209 
2 210 
2 211 
2 212 
2 214 
2 224 
2 251 
2 255 
2 258 
2 259 
2 264 
2 269 
2 272 
2 275 
2 278 
2 288 
4 17 
4 25 
4 30 
4 48 
4 49 
4 56 
4 67 
4 91 
4 98 
4 191 
4 205 
6 8 
6 23 
6 100 
6 189 
8 144 
9 36 
9 45 
9 134 
9 183 
9 187 
9 193 
9 270 
10 12 
10 54 
10 64 
10 74 
10 117 
10 137 
10 141 
10 161 
10 190 
10 203 
10 243 
10 279 
11 19 
11 20 
11 37 
11 50 
11 89 
11 148 
11 151 
11 164 
11 178 
11 195 
11 281 
11 297 
12 15 
12 43 
12 69 
12 146 
12 295 
13 96 
13 133 
14 31 
14 71 
14 86 
14 198 
14 234 
14 250 
15 150 
16 163 
16 170 
16 290 
17 27 
17 32 
17 59 
17 70 
17 92 
17 201 
17 232 
17 253 
17 271 
20 28 
20 39 
20 40 
20 66 
20 68 
20 81 
20 84 
20 121 
20 181 
20 186 
20 192 
23 176 
23 261 
23 283 
24 73 
24 125 
24 147 
24 168 
24 188 
24 202 
24 296 
25 33 
25 47 
25 83 
25 180 
25 245 
26 252 
27 99 
28 85 
29 87 
29 159 
29 238 
30 248 
32 34 
32 51 
32 63 
32 104 
32 227 
32 276 
33 143 
33 268 
34 239 
34 287 
35 142 
35 155 
35 298 
36 285 
37 90 
37 165 
37 196 
37 231 
38 41 
39 55 
40 61 
40 97 
40 122 
40 254 
40 273 
41 62 
42 75 
43 185 
43 194 
44 80 
44 82 
44 128 
46 236 
47 60 
47 110 
47 206 
48 53 
48 58 
48 77 
48 113 
48 171 
51 118 
51 221 
51 282 
52 289 
53 76 
55 218 
55 293 
58 108 
60 114 
60 220 
61 160 
64 120 
67 95 
67 153 
67 213 
67 299 
69 102 
71 112 
71 135 
71 145 
71 257 
72 246 
72 262 
73 230 
77 103 
77 263 
84 200 
85 130 
85 182 
87 277 
88 116 
88 274 
93 175 
101 138 
103 267 
106 129 
109 126 
110 256 
116 294 
118 132 
118 162 
122 123 
125 216 
127 240 
128 235 
133 208 
138 217 
139 199 
140 207 
147 172 
151 167 
151 179 
159 242 
161 219 
161 292 
164 249 
164 266 
174 197 
182 222 
182 284 
187 228 
198 215 
198 241 
201 280 
208 237 
211 226 
211 233 
213 229 
213 260 
218 247 
224 225 
224 244 
259 291 
277 286 
