false
false
300
300
0 1 
0 2 
0 5 
0 39 
0 50 
0 78 
0 87 
0 145 
0 165 
0 194 
0 255 
0 291 
1 2 
1 3 
1 4 
1 6 
1 9 
1 10 
1 12 
1 17 
1 23 
1 24 
1 26 
1 36 
1 51 
1 75 
1 86 
1 105 
1 109 
1 121 
1 122 
1 130 
1 131 
1 147 
1 166 
1 231 
1 237 
1 275 
1 278 
2 8 
2 19 
2 60 
2 82 
2 100 
2 123 
2 148 
2 168 
2 196 
2 230 
2 262 
3 32 
4 11 
4 15 
4 18 
4 49 
4 54 
4 56 
4 63 
4 85 
4 89 
4 93 
4 95 
4 108 
4 115 
4 138 
4 141 
4 142 
4 156 
4 222 
4 280 
4 298 
5 7 
5 48 
5 66 
5 103 
5 112 
5 118 
5 192 
5 250 
7 13 
7 29 
7 61 
7 104 
7 220 
7 227 
8 35 
8 42 
8 117 
8 190 
8 296 
9 257 
10 37 
10 40 
10 162 
11 43 
11 116 
11 265 
13 14 
13 28 
13 41 
13 70 
13 71 
13 92 
13 126 
13 187 
13 217 
13 226 
13 271 
14 16 
14 21 
14 52 
14 53 
14 94 
14 161 
14 169 
15 81 
15 177 
16 34 
16 38 
16 59 
16 133 
16 172 
17 22 
17 164 
18 20 
18 46 
18 124 
18 132 
19 44 
19 102 
19 209 
20 113 
21 25 
21 213 
21 229 
21 256 
21 285 
21 295 
22 45 
22 72 
22 197 
22 206 
23 62 
23 90 
23 228 
23 252 
24 30 
24 83 
24 125 
24 129 
25 27 
25 33 
25 47 
25 183 
25 246 
28 106 
29 31 
29 57 
29 76 
29 98 
29 140 
29 157 
29 176 
29 294 
33 204 
34 55 
34 64 
34 134 
34 146 
34 175 
34 225 
35 80 
35 119 
36 68 
38 69 
38 127 
40 208 
42 178 
42 286 
43 74 
43 149 
43 202 
44 96 
45 232 
46 58 
46 79 
47 174 
49 88 
49 258 
51 101 
51 233 
52 77 
52 198 
52 219 
52 284 
53 65 
53 239 
54 73 
54 167 
54 189 
57 179 
57 184 
57 269 
58 67 
58 136 
58 151 
58 236 
58 272 
59 110 
62 111 
62 240 
70 84 
71 159 
72 268 
74 128 
74 238 
75 99 
75 214 
75 260 
77 143 
78 281 
81 137 
81 180 
82 91 
82 154 
82 155 
82 182 
83 97 
83 107 
83 191 
84 135 
84 160 
84 188 
84 218 
85 114 
85 210 
86 283 
89 152 
89 245 
90 199 
91 211 
91 289 
93 185 
93 205 
94 163 
94 263 
95 120 
95 181 
95 264 
98 150 
106 249 
106 288 
110 212 
110 243 
110 270 
111 144 
117 235 
119 170 
120 223 
120 224 
120 279 
120 290 
122 216 
122 277 
129 186 
129 193 
129 215 
129 251 
129 293 
131 158 
137 139 
137 153 
137 171 
137 200 
137 201 
137 254 
137 273 
138 297 
144 207 
144 253 
145 282 
153 287 
155 259 
158 173 
162 241 
164 242 
165 203 
165 248 
168 195 
181 276 
182 234 
200 221 
202 299 
224 274 
229 244 
229 247 
229 266 
258 261 
261 267 
283 292 
