false
false
500
1988
0 1 
0 3 
0 4 
0 5 
0 7 
0 11 
0 16 
0 17 
0 20 
0 22 
0 29 
0 31 
0 33 
0 42 
0 43 
0 45 
0 50 
0 61 
0 67 
0 74 
0 76 
0 77 
0 81 
0 82 
0 86 
0 89 
0 92 
0 97 
0 98 
0 99 
0 119 
0 120 
0 122 
0 126 
0 136 
0 139 
0 142 
0 145 
0 158 
0 167 
0 174 
0 182 
0 211 
0 218 
0 222 
0 225 
0 238 
0 242 
0 245 
0 257 
0 273 
0 280 
0 293 
0 308 
0 324 
0 330 
0 331 
0 362 
0 365 
0 402 
0 411 
0 417 
0 418 
0 430 
0 440 
0 450 
0 474 
0 478 
0 488 
0 493 
0 499 
1 2 
1 4 
1 5 
1 12 
1 14 
1 16 
1 20 
1 23 
1 24 
1 31 
1 32 
1 39 
1 44 
1 64 
1 86 
1 89 
1 98 
1 99 
1 105 
1 109 
1 114 
1 120 
1 123 
1 147 
1 166 
1 211 
1 221 
1 271 
1 273 
1 286 
1 287 
1 305 
1 306 
1 323 
1 329 
1 361 
1 371 
1 378 
1 394 
1 398 
1 399 
1 408 
1 411 
2 3 
2 4 
2 5 
2 6 
2 13 
2 19 
2 20 
2 25 
2 26 
2 30 
2 34 
2 38 
2 49 
2 51 
2 55 
2 62 
2 68 
2 69 
2 71 
2 124 
2 150 
2 174 
2 195 
2 219 
2 220 
2 238 
2 244 
2 246 
2 252 
2 280 
2 286 
2 318 
2 331 
2 352 
2 353 
2 386 
2 402 
2 422 
2 439 
2 445 
2 446 
2 463 
2 480 
2 484 
2 489 
3 4 
3 6 
3 7 
3 8 
3 22 
3 29 
3 36 
3 41 
3 66 
3 135 
3 156 
3 171 
3 187 
3 203 
3 215 
3 221 
3 235 
3 279 
3 313 
3 319 
3 363 
3 377 
3 403 
3 406 
3 459 
3 479 
4 5 
4 6 
4 9 
4 10 
4 11 
4 12 
4 14 
4 21 
4 23 
4 27 
4 29 
4 35 
4 38 
4 39 
4 43 
4 49 
4 53 
4 55 
4 60 
4 66 
4 71 
4 73 
4 95 
4 104 
4 105 
4 108 
4 112 
4 118 
4 134 
4 137 
4 140 
4 142 
4 167 
4 169 
4 172 
4 175 
4 180 
4 216 
4 231 
4 250 
4 261 
4 262 
4 276 
4 277 
4 288 
4 309 
4 340 
4 358 
4 369 
4 382 
4 384 
4 387 
4 390 
4 404 
4 412 
4 420 
4 465 
4 471 
4 484 
4 496 
5 6 
5 7 
5 8 
5 9 
5 10 
5 13 
5 15 
5 18 
5 19 
5 21 
5 25 
5 27 
5 33 
5 34 
5 35 
5 36 
5 49 
5 52 
5 58 
5 63 
5 68 
5 72 
5 77 
5 84 
5 87 
5 90 
5 93 
5 101 
5 102 
5 109 
5 118 
5 128 
5 178 
5 186 
5 201 
5 220 
5 226 
5 239 
5 240 
5 244 
5 245 
5 272 
5 286 
5 291 
5 298 
5 311 
5 317 
5 329 
5 331 
5 345 
5 356 
5 363 
5 402 
5 408 
5 423 
5 455 
5 492 
5 498 
6 7 
6 8 
6 9 
6 10 
6 11 
6 12 
6 15 
6 20 
6 21 
6 27 
6 34 
6 44 
6 50 
6 58 
6 61 
6 62 
6 100 
6 110 
6 115 
6 116 
6 119 
6 124 
6 135 
6 145 
6 155 
6 157 
6 164 
6 168 
6 170 
6 182 
6 190 
6 201 
6 211 
6 220 
6 230 
6 234 
6 290 
6 294 
6 299 
6 304 
6 308 
6 316 
6 321 
6 334 
6 336 
6 339 
6 351 
6 364 
6 400 
6 414 
6 432 
6 436 
6 446 
6 450 
6 482 
6 495 
7 8 
7 9 
7 11 
7 13 
7 14 
7 15 
7 17 
7 18 
7 19 
7 21 
7 24 
7 28 
7 38 
7 47 
7 48 
7 58 
7 61 
7 62 
7 68 
7 75 
7 82 
7 87 
7 92 
7 93 
7 107 
7 115 
7 117 
7 126 
7 128 
7 133 
7 139 
7 148 
7 179 
7 192 
7 216 
7 217 
7 226 
7 246 
7 247 
7 258 
7 263 
7 281 
7 296 
7 315 
7 322 
7 330 
7 382 
7 433 
7 434 
7 471 
7 493 
8 14 
8 17 
8 30 
8 39 
8 43 
8 74 
8 75 
8 77 
8 87 
8 99 
8 107 
8 116 
8 154 
8 209 
8 255 
8 275 
8 282 
8 301 
8 337 
8 347 
8 356 
8 380 
8 401 
8 481 
9 10 
9 17 
9 27 
9 32 
9 33 
9 36 
9 44 
9 45 
9 48 
9 58 
9 64 
9 69 
9 80 
9 81 
9 92 
9 94 
9 127 
9 137 
9 167 
9 169 
9 172 
9 176 
9 199 
9 233 
9 300 
9 303 
9 325 
9 335 
9 374 
9 435 
9 436 
9 442 
9 493 
10 12 
10 13 
10 16 
10 23 
10 24 
10 26 
10 30 
10 31 
10 36 
10 40 
10 45 
10 51 
10 53 
10 57 
10 67 
10 76 
10 82 
10 85 
10 94 
10 115 
10 121 
10 126 
10 130 
10 135 
10 143 
10 144 
10 159 
10 173 
10 197 
10 213 
10 217 
10 223 
10 252 
10 275 
10 308 
10 324 
10 357 
10 367 
10 379 
10 395 
10 437 
10 473 
10 477 
11 15 
11 22 
11 25 
11 42 
11 47 
11 56 
11 61 
11 70 
11 102 
11 133 
11 160 
11 170 
11 182 
11 208 
11 223 
11 224 
11 236 
11 288 
11 340 
11 350 
12 19 
12 24 
12 57 
12 160 
12 183 
12 241 
12 249 
12 324 
12 329 
12 366 
12 446 
12 490 
13 18 
13 25 
13 55 
13 56 
13 75 
13 88 
13 97 
13 100 
13 267 
13 269 
13 280 
13 291 
13 299 
13 344 
13 350 
13 374 
13 417 
13 435 
13 483 
14 16 
14 30 
14 55 
14 86 
14 176 
14 188 
14 191 
14 196 
14 224 
14 225 
14 227 
14 239 
14 312 
14 381 
14 429 
15 45 
15 57 
15 63 
15 78 
15 104 
15 108 
15 152 
15 156 
15 195 
15 228 
15 237 
15 254 
15 260 
15 369 
15 455 
15 472 
15 478 
16 165 
16 181 
16 190 
16 281 
16 493 
17 18 
17 23 
17 26 
17 28 
17 40 
17 51 
17 59 
17 62 
17 65 
17 69 
17 72 
17 73 
17 94 
17 101 
17 107 
17 108 
17 114 
17 125 
17 143 
17 154 
17 157 
17 164 
17 179 
17 183 
17 209 
17 240 
17 242 
17 249 
17 250 
17 252 
17 257 
17 271 
17 272 
17 308 
17 336 
17 385 
17 394 
17 399 
17 403 
17 414 
17 430 
17 468 
18 46 
18 50 
18 79 
18 183 
18 204 
18 416 
18 458 
19 37 
19 41 
19 74 
19 84 
19 93 
19 104 
19 119 
19 136 
19 151 
19 152 
19 155 
19 201 
19 211 
19 217 
19 231 
19 243 
19 360 
19 371 
19 397 
19 418 
19 433 
19 460 
19 478 
19 485 
20 22 
20 29 
20 35 
20 37 
20 41 
20 54 
20 56 
20 59 
20 60 
20 73 
20 80 
20 100 
20 110 
20 132 
20 138 
20 163 
20 164 
20 170 
20 198 
20 241 
20 246 
20 258 
20 274 
20 289 
20 319 
20 340 
20 380 
20 387 
20 413 
20 480 
21 28 
21 43 
21 47 
21 50 
21 53 
21 56 
21 104 
21 190 
21 208 
21 222 
21 243 
21 271 
21 279 
21 310 
21 397 
21 404 
21 408 
21 448 
22 32 
22 37 
22 48 
22 78 
22 125 
22 161 
22 162 
22 195 
22 250 
22 274 
22 275 
22 337 
22 350 
22 377 
22 403 
22 423 
22 447 
23 41 
23 67 
23 83 
23 177 
23 193 
23 200 
23 259 
23 318 
23 338 
23 459 
24 52 
24 81 
24 82 
24 85 
24 113 
24 131 
24 289 
24 309 
24 346 
24 351 
24 360 
24 379 
24 469 
24 473 
24 485 
24 499 
25 26 
25 28 
25 42 
25 90 
25 91 
25 130 
25 168 
25 244 
25 273 
25 284 
25 322 
25 356 
25 466 
26 31 
26 49 
26 65 
26 96 
26 108 
26 112 
26 115 
26 133 
26 140 
26 146 
26 147 
26 151 
26 158 
26 189 
26 196 
26 218 
26 242 
26 252 
26 253 
26 256 
26 261 
26 283 
26 284 
26 294 
26 301 
26 303 
26 305 
26 326 
26 341 
26 362 
26 376 
26 408 
26 429 
26 430 
26 458 
26 497 
27 34 
27 39 
27 123 
27 223 
27 224 
27 232 
27 422 
27 431 
28 33 
28 46 
28 54 
28 91 
28 111 
28 112 
28 132 
28 178 
28 179 
28 186 
28 269 
28 272 
28 340 
28 376 
28 443 
28 454 
28 478 
29 48 
29 59 
29 136 
29 235 
29 357 
30 32 
30 37 
30 47 
30 72 
30 291 
30 334 
30 345 
30 364 
30 377 
30 384 
31 46 
31 66 
31 68 
31 81 
31 128 
31 142 
31 202 
31 208 
31 249 
31 267 
31 287 
31 361 
31 393 
31 491 
31 497 
32 88 
32 121 
32 172 
32 315 
32 323 
33 35 
33 64 
33 65 
33 219 
33 296 
33 313 
33 444 
34 40 
34 67 
34 96 
34 101 
34 198 
34 201 
34 210 
34 233 
34 263 
34 281 
34 315 
34 354 
34 419 
34 420 
34 463 
34 474 
34 496 
35 44 
35 99 
35 153 
35 163 
35 171 
35 174 
35 248 
35 260 
35 346 
35 389 
35 407 
35 413 
36 38 
36 40 
36 46 
36 51 
36 70 
36 74 
36 85 
36 100 
36 150 
36 165 
36 178 
36 179 
36 187 
36 206 
36 251 
36 312 
36 323 
36 375 
36 394 
36 396 
37 75 
37 134 
38 42 
38 59 
38 64 
38 76 
38 79 
38 117 
38 137 
38 138 
38 141 
38 163 
38 188 
38 225 
38 248 
38 255 
38 268 
38 288 
38 320 
38 357 
38 359 
38 420 
38 483 
39 114 
39 153 
39 189 
39 225 
39 303 
40 53 
40 71 
40 110 
40 138 
40 229 
40 249 
40 268 
40 291 
40 305 
40 325 
40 329 
40 330 
40 444 
40 456 
41 54 
41 84 
41 85 
41 157 
41 315 
41 366 
41 464 
41 489 
42 72 
42 88 
42 89 
42 118 
42 166 
42 168 
42 302 
42 370 
42 439 
42 461 
42 474 
42 498 
43 160 
43 313 
43 422 
44 87 
44 91 
44 114 
44 144 
44 316 
44 411 
45 137 
45 264 
46 63 
46 70 
46 79 
46 90 
46 98 
46 311 
46 341 
46 370 
47 52 
47 97 
47 111 
47 117 
47 171 
47 178 
47 207 
47 219 
47 243 
47 251 
47 263 
47 306 
47 326 
47 458 
48 52 
48 107 
48 122 
48 134 
49 60 
49 76 
49 266 
50 83 
51 106 
51 170 
51 206 
51 215 
51 219 
51 336 
52 95 
52 101 
52 102 
52 169 
52 254 
52 287 
52 413 
52 483 
53 54 
53 57 
53 63 
53 66 
53 105 
53 113 
53 127 
53 148 
53 163 
53 183 
53 185 
53 200 
53 359 
53 373 
53 461 
54 60 
54 117 
54 146 
54 151 
54 177 
54 204 
54 247 
54 251 
54 268 
54 348 
54 421 
54 437 
54 440 
54 465 
55 123 
55 256 
55 268 
55 310 
55 335 
55 378 
56 77 
56 130 
56 136 
56 153 
56 202 
56 212 
56 276 
56 380 
56 498 
57 70 
57 218 
57 382 
57 383 
57 437 
57 445 
57 455 
57 487 
58 65 
58 88 
58 94 
58 105 
58 142 
58 189 
58 226 
58 233 
58 283 
58 295 
58 312 
58 335 
58 338 
58 339 
58 398 
58 486 
59 153 
59 171 
60 69 
60 80 
60 111 
60 149 
60 154 
60 184 
60 275 
60 348 
60 469 
61 71 
61 78 
61 173 
61 180 
61 195 
61 213 
61 224 
61 307 
61 310 
61 333 
61 456 
61 487 
61 494 
62 106 
62 120 
62 220 
62 227 
62 237 
62 240 
62 263 
62 265 
62 274 
62 482 
62 487 
63 102 
63 243 
63 472 
64 83 
64 90 
64 123 
64 124 
64 155 
64 239 
64 271 
64 284 
64 320 
64 330 
64 410 
64 418 
65 103 
65 120 
65 368 
66 79 
66 119 
66 147 
66 191 
66 196 
66 216 
66 236 
66 293 
66 475 
67 80 
67 83 
67 93 
67 141 
67 143 
67 194 
67 206 
67 238 
67 396 
67 438 
68 106 
68 111 
68 133 
68 149 
68 173 
68 226 
68 246 
68 319 
68 393 
68 458 
69 214 
69 388 
69 392 
69 425 
70 73 
70 97 
70 113 
70 116 
70 141 
70 160 
70 196 
70 261 
70 290 
70 337 
71 86 
71 89 
71 122 
71 125 
71 149 
71 169 
71 180 
71 244 
71 285 
71 358 
71 378 
71 480 
72 154 
72 451 
73 369 
74 110 
74 395 
75 103 
75 175 
75 184 
75 261 
75 307 
75 355 
75 481 
76 96 
76 146 
77 78 
77 96 
77 98 
77 148 
77 197 
77 255 
77 270 
77 305 
77 318 
77 355 
77 415 
77 462 
78 95 
78 241 
78 350 
78 352 
79 320 
80 84 
80 112 
81 132 
81 222 
81 273 
81 290 
81 313 
81 349 
81 468 
81 481 
82 92 
82 132 
83 109 
83 113 
83 126 
83 130 
83 144 
83 172 
83 181 
83 232 
83 258 
83 277 
83 365 
83 391 
83 401 
83 444 
83 474 
85 125 
85 235 
85 290 
85 359 
86 121 
86 188 
87 91 
87 228 
87 257 
87 323 
87 367 
87 381 
87 407 
87 485 
88 95 
88 129 
88 131 
88 368 
89 122 
89 159 
89 190 
89 203 
89 209 
89 214 
89 221 
89 248 
89 262 
89 382 
89 466 
90 155 
90 217 
90 343 
90 495 
91 206 
91 335 
91 339 
92 187 
92 358 
92 404 
93 462 
94 128 
94 477 
95 103 
95 218 
95 245 
95 293 
95 379 
96 118 
96 161 
96 259 
96 262 
96 325 
96 344 
96 372 
96 486 
97 407 
97 483 
99 103 
99 140 
99 148 
99 228 
99 234 
99 321 
99 354 
100 121 
100 124 
100 158 
100 166 
100 173 
100 248 
100 457 
101 162 
101 264 
101 311 
101 422 
101 427 
102 106 
102 139 
102 145 
102 158 
102 184 
102 202 
102 262 
102 272 
102 299 
102 301 
102 347 
102 409 
102 479 
102 499 
103 277 
103 295 
103 444 
104 186 
104 203 
104 266 
104 353 
104 463 
105 116 
105 176 
105 200 
105 231 
105 232 
105 402 
105 424 
105 462 
106 194 
106 207 
106 215 
106 355 
106 441 
106 476 
107 109 
107 260 
107 410 
107 427 
107 447 
107 451 
108 127 
108 157 
108 194 
108 233 
108 247 
108 396 
109 204 
109 373 
109 456 
109 479 
110 312 
110 327 
110 398 
110 405 
112 186 
112 197 
112 203 
112 278 
112 391 
112 398 
112 447 
113 141 
113 175 
113 192 
113 307 
113 309 
113 368 
113 392 
113 471 
113 495 
114 127 
114 145 
114 282 
114 328 
115 192 
116 140 
116 221 
116 264 
116 334 
116 351 
117 138 
117 166 
117 174 
117 177 
117 185 
117 258 
117 304 
117 353 
117 405 
118 131 
118 156 
118 159 
118 185 
118 192 
118 303 
118 349 
118 355 
118 427 
118 428 
118 469 
119 230 
119 346 
119 445 
120 129 
120 131 
120 134 
120 198 
120 282 
120 306 
120 374 
120 447 
121 129 
121 181 
121 247 
121 420 
121 472 
122 135 
122 332 
122 388 
122 426 
123 146 
123 193 
123 198 
123 210 
123 212 
123 223 
123 307 
123 363 
123 367 
123 385 
123 397 
123 409 
123 433 
124 215 
124 238 
124 473 
125 129 
125 314 
125 375 
125 386 
125 442 
125 448 
126 341 
127 152 
127 245 
127 477 
128 150 
128 207 
128 237 
128 302 
128 432 
128 476 
129 149 
129 212 
129 265 
129 421 
130 147 
130 152 
130 199 
130 222 
130 228 
130 320 
130 338 
130 362 
130 390 
130 433 
130 449 
130 491 
131 151 
131 156 
131 256 
131 292 
131 294 
131 332 
131 339 
131 407 
131 431 
131 460 
131 466 
132 143 
132 162 
132 188 
132 208 
132 210 
133 144 
133 209 
133 214 
133 310 
133 432 
133 490 
134 461 
135 181 
135 199 
135 288 
135 400 
136 139 
136 167 
136 443 
137 328 
137 332 
137 353 
137 389 
137 494 
139 177 
139 241 
139 285 
139 466 
140 175 
140 229 
141 197 
141 227 
141 301 
141 396 
141 431 
143 150 
143 161 
143 267 
143 306 
143 325 
143 366 
143 369 
143 436 
144 191 
144 193 
144 200 
144 283 
144 365 
144 453 
145 213 
145 234 
145 250 
145 282 
145 289 
145 300 
145 372 
146 193 
146 205 
146 338 
146 421 
146 452 
147 199 
147 341 
147 416 
147 443 
148 164 
148 168 
148 230 
148 434 
149 159 
149 189 
149 240 
149 297 
149 415 
149 425 
150 212 
150 336 
150 381 
151 162 
151 207 
151 229 
151 462 
152 410 
152 412 
153 400 
154 161 
156 210 
156 352 
156 385 
156 467 
157 165 
157 191 
157 213 
157 319 
158 253 
158 279 
158 296 
158 347 
158 389 
158 468 
158 491 
159 239 
159 425 
160 165 
160 176 
160 286 
160 482 
161 266 
161 359 
162 298 
162 316 
162 387 
163 202 
163 281 
164 295 
164 378 
164 467 
165 450 
166 184 
166 494 
168 182 
168 205 
168 253 
168 285 
168 292 
168 298 
169 348 
170 180 
170 274 
170 395 
171 314 
171 342 
173 297 
173 316 
173 475 
174 185 
174 256 
174 389 
175 204 
175 229 
175 446 
176 328 
176 376 
177 254 
177 276 
177 465 
177 484 
178 394 
180 216 
180 265 
180 300 
180 333 
180 404 
180 405 
180 440 
181 187 
181 279 
181 386 
181 388 
182 237 
182 283 
182 327 
182 375 
182 439 
182 457 
184 354 
186 278 
187 270 
187 289 
188 318 
189 194 
189 205 
189 232 
189 259 
189 293 
189 317 
189 397 
189 450 
189 492 
189 497 
190 337 
190 470 
191 401 
192 269 
192 280 
192 393 
192 415 
192 476 
193 205 
194 331 
194 399 
195 417 
195 453 
195 489 
196 214 
196 334 
196 409 
196 424 
197 292 
197 298 
197 321 
197 373 
198 490 
201 326 
203 253 
206 267 
206 393 
206 442 
206 464 
209 327 
210 381 
210 429 
211 254 
211 302 
213 269 
213 416 
214 342 
214 343 
215 380 
217 277 
220 236 
220 260 
220 349 
220 496 
221 322 
221 406 
222 230 
222 390 
222 453 
223 227 
223 234 
223 242 
223 251 
223 259 
223 297 
223 414 
223 480 
225 231 
225 357 
226 360 
227 383 
228 451 
229 328 
229 344 
229 351 
229 386 
230 297 
230 437 
231 235 
231 300 
231 311 
231 333 
231 461 
231 476 
234 236 
234 299 
234 435 
235 278 
235 314 
236 264 
236 470 
238 388 
238 428 
239 257 
239 460 
240 292 
241 270 
241 302 
241 317 
241 342 
241 426 
243 419 
244 419 
245 333 
245 345 
245 406 
246 412 
247 399 
247 401 
247 406 
247 470 
248 314 
249 363 
250 284 
251 285 
252 324 
252 346 
254 255 
254 370 
254 403 
254 449 
255 366 
256 371 
257 304 
258 294 
258 321 
260 266 
260 360 
260 417 
261 368 
261 372 
261 443 
262 265 
262 475 
263 270 
263 332 
263 352 
265 356 
265 365 
265 383 
265 432 
265 471 
266 449 
268 419 
270 296 
271 276 
271 309 
272 278 
272 412 
272 467 
274 322 
275 434 
277 497 
278 287 
278 295 
278 304 
278 391 
278 459 
278 465 
279 326 
281 385 
282 391 
284 438 
285 379 
286 498 
287 327 
289 387 
290 390 
291 371 
293 445 
293 464 
294 383 
296 436 
297 384 
297 409 
297 470 
299 364 
299 416 
299 439 
299 488 
302 317 
303 347 
303 361 
303 481 
304 457 
304 486 
305 477 
306 479 
307 358 
308 460 
309 343 
309 344 
309 345 
309 400 
311 343 
311 410 
312 425 
314 364 
315 418 
320 468 
322 342 
322 453 
323 431 
323 487 
324 472 
326 374 
326 421 
326 449 
327 349 
331 372 
333 361 
334 424 
337 392 
338 348 
338 441 
338 454 
338 455 
340 370 
340 373 
340 426 
341 414 
342 354 
343 413 
343 448 
344 376 
344 392 
345 362 
347 482 
349 395 
351 384 
351 473 
353 375 
354 441 
354 492 
355 377 
357 411 
358 424 
361 430 
363 423 
363 441 
366 367 
368 434 
369 415 
369 428 
369 489 
371 435 
372 438 
373 463 
375 438 
378 426 
383 456 
383 457 
384 454 
387 442 
387 475 
387 499 
396 405 
396 454 
398 488 
401 464 
403 452 
403 496 
404 427 
404 452 
407 429 
408 469 
409 423 
412 490 
412 492 
420 428 
421 440 
429 452 
439 459 
441 486 
444 448 
444 451 
453 494 
458 467 
458 485 
461 484 
468 491 
469 488 
478 495 
