false
false
500
997
0 1 
0 2 
0 6 
0 13 
0 93 
0 132 
0 179 
0 194 
0 281 
0 285 
0 436 
0 443 
1 2 
1 3 
1 4 
1 16 
1 19 
1 22 
1 32 
1 37 
1 46 
1 54 
1 75 
1 91 
1 94 
1 137 
1 142 
1 145 
1 152 
1 155 
1 190 
1 195 
1 200 
1 201 
1 206 
1 212 
1 241 
1 247 
1 288 
1 303 
1 344 
1 364 
1 372 
1 382 
1 392 
1 440 
1 457 
1 470 
1 482 
2 3 
2 4 
2 5 
2 7 
2 9 
2 10 
2 19 
2 20 
2 21 
2 23 
2 28 
2 29 
2 33 
2 38 
2 40 
2 41 
2 42 
2 47 
2 52 
2 55 
2 60 
2 65 
2 71 
2 74 
2 79 
2 84 
2 87 
2 88 
2 104 
2 105 
2 107 
2 113 
2 121 
2 124 
2 144 
2 147 
2 167 
2 188 
2 191 
2 201 
2 207 
2 213 
2 217 
2 219 
2 227 
2 234 
2 238 
2 243 
2 247 
2 263 
2 277 
2 289 
2 316 
2 319 
2 336 
2 349 
2 350 
2 365 
2 387 
2 403 
2 415 
2 434 
2 454 
2 461 
2 464 
2 465 
2 481 
2 497 
3 5 
3 12 
3 27 
3 28 
3 39 
3 72 
3 75 
3 78 
3 128 
3 144 
3 162 
3 169 
3 177 
3 209 
3 222 
3 251 
3 255 
3 269 
3 270 
3 274 
3 292 
3 357 
3 366 
3 386 
3 391 
3 394 
3 400 
3 410 
3 412 
3 466 
3 489 
4 7 
4 8 
4 9 
4 10 
4 14 
4 17 
4 21 
4 34 
4 57 
4 78 
4 96 
4 118 
4 130 
4 186 
4 224 
4 404 
4 428 
5 6 
5 11 
5 12 
5 14 
5 15 
5 16 
5 17 
5 20 
5 39 
5 44 
5 46 
5 50 
5 58 
5 63 
5 71 
5 85 
5 86 
5 89 
5 95 
5 166 
5 257 
5 275 
5 278 
5 296 
5 331 
5 333 
5 345 
5 379 
5 390 
5 444 
5 499 
6 18 
6 26 
6 40 
6 50 
6 90 
6 114 
6 116 
6 119 
6 128 
6 143 
6 153 
6 158 
6 208 
6 210 
6 241 
6 364 
6 380 
6 383 
6 395 
6 421 
6 482 
7 8 
7 18 
7 69 
7 106 
7 107 
7 156 
7 171 
7 215 
7 250 
7 282 
7 338 
8 86 
8 138 
8 195 
8 233 
8 253 
8 433 
9 13 
9 25 
9 27 
9 36 
9 38 
9 68 
9 95 
9 159 
9 198 
9 287 
10 11 
10 15 
10 41 
10 57 
10 127 
10 134 
10 136 
10 206 
10 402 
10 408 
12 34 
12 47 
12 64 
12 81 
12 105 
12 120 
12 150 
12 154 
12 164 
12 169 
12 178 
12 182 
12 219 
12 283 
12 296 
12 308 
12 449 
13 44 
13 108 
13 349 
13 375 
13 386 
13 487 
14 49 
14 83 
14 85 
14 216 
14 242 
14 261 
14 273 
14 498 
15 483 
16 25 
16 31 
16 35 
16 37 
16 52 
16 66 
16 110 
16 120 
16 123 
16 210 
16 211 
16 339 
16 390 
17 59 
17 132 
17 181 
17 229 
17 356 
17 368 
17 450 
18 22 
18 23 
18 31 
18 33 
18 35 
18 56 
18 61 
18 113 
18 163 
18 170 
18 240 
18 262 
18 317 
18 330 
18 331 
18 485 
19 76 
19 81 
19 156 
19 231 
19 235 
19 267 
19 273 
19 313 
19 419 
20 42 
20 51 
20 94 
20 99 
20 160 
20 187 
20 194 
20 243 
20 323 
20 378 
20 473 
21 24 
21 26 
21 32 
21 36 
21 45 
21 56 
21 101 
21 111 
21 173 
21 301 
21 351 
21 355 
21 417 
21 481 
22 30 
22 124 
22 182 
22 261 
22 289 
22 311 
22 363 
22 433 
22 490 
23 24 
23 51 
23 119 
23 134 
23 150 
23 184 
23 233 
23 365 
23 447 
23 471 
24 70 
24 73 
24 76 
24 148 
24 188 
24 238 
24 268 
24 313 
24 326 
24 367 
24 387 
24 441 
24 486 
25 65 
25 73 
25 96 
25 239 
25 330 
25 367 
25 384 
25 466 
25 484 
26 30 
26 68 
26 97 
26 102 
26 118 
26 334 
26 337 
26 407 
27 55 
27 63 
27 104 
27 106 
27 131 
27 149 
27 160 
27 171 
27 172 
27 259 
27 280 
27 281 
27 297 
27 320 
27 385 
27 438 
28 29 
28 43 
28 77 
28 161 
28 237 
28 359 
29 80 
29 276 
30 43 
30 48 
30 53 
30 74 
30 115 
30 139 
30 259 
30 293 
30 412 
30 455 
30 497 
32 159 
33 483 
34 136 
34 304 
34 408 
34 444 
35 61 
35 67 
35 99 
35 336 
35 463 
36 49 
36 103 
36 142 
36 152 
36 209 
36 295 
36 361 
36 477 
37 58 
37 122 
37 153 
37 174 
37 198 
37 204 
37 232 
37 392 
37 488 
39 48 
39 53 
39 66 
39 100 
39 103 
39 284 
40 322 
40 348 
40 362 
41 60 
41 88 
41 272 
41 310 
42 45 
42 69 
42 140 
42 162 
42 168 
42 199 
42 226 
42 309 
42 411 
42 472 
43 67 
43 334 
44 82 
44 89 
44 126 
44 176 
44 202 
44 266 
44 277 
44 315 
44 362 
45 165 
45 196 
45 267 
45 494 
46 91 
46 130 
46 133 
46 176 
46 179 
46 324 
46 338 
46 370 
46 447 
47 114 
47 125 
47 141 
47 223 
47 257 
47 325 
47 410 
47 468 
48 64 
48 98 
48 151 
48 187 
48 213 
49 54 
49 82 
50 413 
51 59 
51 70 
51 109 
51 110 
51 112 
51 314 
51 335 
52 419 
53 398 
54 148 
54 298 
55 122 
55 139 
55 391 
55 469 
56 62 
56 72 
56 174 
56 183 
56 203 
56 223 
56 286 
56 303 
56 328 
56 393 
56 424 
58 62 
58 80 
58 315 
58 341 
59 129 
59 146 
59 254 
59 305 
59 428 
59 449 
59 459 
59 473 
60 77 
60 167 
60 168 
60 172 
60 345 
61 479 
62 129 
62 164 
62 271 
62 373 
62 441 
63 87 
64 102 
64 117 
64 192 
64 451 
65 92 
65 137 
65 228 
65 254 
65 310 
65 351 
66 112 
66 282 
66 377 
66 409 
67 279 
68 83 
68 178 
68 228 
68 244 
69 199 
69 221 
70 416 
71 207 
71 318 
71 452 
72 149 
72 214 
72 376 
72 394 
73 115 
73 154 
73 335 
74 79 
74 90 
74 196 
74 321 
74 354 
75 389 
76 109 
76 145 
76 461 
77 93 
77 133 
77 151 
77 166 
77 218 
77 258 
77 329 
77 416 
78 135 
78 360 
79 84 
79 193 
79 220 
79 272 
79 319 
80 111 
80 177 
80 293 
80 300 
80 318 
80 421 
80 458 
81 291 
82 100 
82 415 
85 157 
85 180 
85 193 
85 263 
85 299 
86 98 
86 123 
86 185 
86 200 
86 252 
86 274 
86 346 
86 427 
86 431 
87 205 
87 496 
88 221 
88 236 
88 290 
88 297 
88 366 
89 92 
89 240 
89 271 
89 369 
90 249 
90 341 
91 121 
91 155 
91 190 
91 244 
91 356 
91 374 
93 186 
93 312 
94 404 
95 401 
96 97 
96 108 
96 126 
96 227 
96 379 
97 158 
97 175 
97 229 
97 305 
97 401 
98 101 
98 173 
98 192 
98 214 
98 294 
100 165 
100 208 
101 425 
102 248 
103 125 
103 320 
103 357 
103 418 
103 469 
104 147 
104 494 
106 184 
106 239 
106 249 
107 161 
107 211 
107 230 
107 295 
107 382 
108 246 
109 127 
109 251 
109 270 
109 453 
110 117 
110 131 
110 262 
110 285 
111 116 
112 287 
113 140 
113 146 
113 157 
113 245 
113 429 
113 438 
114 170 
115 332 
115 344 
117 141 
117 180 
117 183 
118 384 
120 143 
120 422 
121 298 
121 348 
121 378 
123 135 
123 189 
123 234 
123 278 
123 286 
123 316 
124 163 
124 288 
125 230 
126 325 
126 375 
126 439 
126 462 
127 255 
128 371 
129 347 
129 477 
130 396 
131 138 
131 245 
132 225 
132 413 
133 448 
134 332 
136 343 
136 418 
136 431 
137 358 
138 442 
138 499 
139 222 
139 301 
141 395 
142 437 
143 389 
144 446 
145 205 
145 397 
146 216 
147 462 
148 306 
148 478 
151 175 
151 465 
151 491 
152 181 
152 197 
152 388 
154 189 
154 385 
154 430 
155 435 
157 340 
157 420 
161 204 
161 361 
161 423 
162 329 
162 393 
162 420 
163 197 
163 373 
164 212 
164 368 
164 372 
165 256 
165 299 
166 266 
166 275 
166 409 
168 215 
168 232 
168 242 
168 269 
168 280 
168 342 
169 284 
169 376 
169 467 
170 220 
170 311 
171 250 
171 302 
171 475 
172 452 
173 352 
176 480 
176 492 
177 191 
177 253 
177 265 
177 328 
177 435 
178 327 
178 354 
180 202 
180 225 
181 203 
182 185 
182 246 
182 492 
184 231 
184 258 
184 264 
184 276 
184 370 
184 383 
184 396 
184 398 
184 491 
185 252 
186 424 
187 359 
187 468 
187 489 
188 399 
190 256 
193 337 
194 472 
200 224 
200 307 
200 352 
200 380 
201 353 
208 407 
208 487 
208 493 
209 343 
209 414 
209 425 
210 218 
212 217 
212 340 
213 236 
214 369 
215 226 
216 235 
216 260 
216 353 
216 381 
216 490 
218 476 
219 264 
219 291 
219 326 
219 374 
219 381 
219 411 
222 427 
222 432 
224 248 
224 321 
225 355 
226 302 
227 327 
229 314 
231 237 
232 260 
232 339 
233 279 
233 414 
236 265 
238 268 
238 290 
238 322 
238 456 
241 312 
241 445 
241 448 
243 458 
245 426 
245 463 
248 292 
248 309 
250 304 
254 283 
255 406 
256 294 
257 371 
260 498 
264 459 
266 360 
267 307 
267 434 
267 470 
269 455 
271 453 
273 308 
273 485 
278 317 
280 306 
287 350 
288 300 
293 440 
298 342 
299 460 
302 358 
303 437 
303 479 
303 480 
306 456 
308 323 
308 346 
309 388 
311 451 
313 426 
314 476 
316 460 
316 467 
316 474 
319 324 
328 377 
328 422 
332 333 
332 397 
334 454 
336 486 
338 403 
342 446 
343 347 
343 402 
343 430 
344 432 
344 495 
346 363 
346 406 
351 496 
353 405 
364 405 
365 443 
365 484 
368 445 
371 399 
373 474 
385 475 
387 450 
393 400 
393 417 
393 423 
393 439 
400 436 
420 457 
421 442 
423 429 
429 464 
444 493 
451 471 
452 488 
472 495 
474 478 
