52 0.0442857
1 0
2 0
1 0
2 0
3 0
5 0.0157143
7 0.00857143
1 0
31 0.0171429
2 0
15 0.08
22 0
1 0
41 0.0971429
57 0.234286
17 0
1 0
3 0.125714
1 0
10 0
1 0
8 0
86 0.0957143
29 0.02
6 0
29 0
2 0
1 0
12 0.00571429
4 0
2 0
58 0.00571429
7 0
6 0
11 0
1 0
3 0
2 0
1 0
3 0
29 0
1 0
23 0
30 0.08
4 0
21 0
14 0
4 0
1 0
1 0
3 0
36 0
8 0
16 0
17 0
1 0
2 0
1 0
9 0
18 0.01
2 0
1 0
2 0
1 0
1 0
1 0
6 0
1 0
1 0
1 0
2 0
2 0.0657143
1 0
3 0
1 0
1 0
1 0
1 0
2 0
1 0
1 0
1 0
2 0
1 0
2 0
1 0
1 0
1 0
2 0
5 0
2 0
2 0
1 0
2 0
8 0.0685714
1 0
4 0
2 0
5 0
1 0
1 0
3 0
1 0
1 0
1 0
1 0
1 0
3 0
1 0
2 0
1 0
14 0
1 0
44 0
3 0
8 0
1 0
2 0
1 0
3 0
2 0
1 0
2 0
1 0
2 0
3 0
5 0
2 0
1 0
6 0
1 0
2 0
1 0
7 0
2 0
1 0
1 0
2 0
1 0
1 0
2 0
1 0
36 0.0128571
1 0
3 0
1 0
3 0
1 0
1 0
1 0
1 0
1 0
1 0
1 0
1 0
1 0
3 0
6 0
3 0
2 0
1 0
1 0
4 0
1 0
7 0.00428571
7 0
1 0
1 0
2 0
1 0
2 0
2 0
5 0
2 0
1 0
2 0
1 0
1 0
3 0
1 0
1 0
4 0
1 0
1 0
3 0
1 0
3 0
4 0
1 0
1 0
4 0
2 0
4 0
8 0
1 0
3 0
2 0
6 0
2 0
4 0
1 0
2 0
3 0
2 0
1 0
1 0
8 0
1 0
3 0
1 0
3 0
1 0
2 0
2 0
1 0
1 0
1 0
2 0
9 0
7 0
1 0
1 0
1 0
2 0
2 0
2 0
6 0
1 0
1 0
1 0
2 0
1 0
1 0
5 0
1 0
3 0
4 0
1 0
1 0
1 0
1 0
1 0
11 0
5 0
8 0
1 0
3 0
2 0
1 0
1 0
1 0
1 0
1 0
1 0
2 0
1 0
1 0
1 0
3 0
6 0
2 0
2 0
1 0
1 0
2 0
1 0
1 0
1 0
2 0
4 0
3 0
3 0
1 0
2 0
3 0
2 0
1 0
2 0
3 0
2 0
1 0
2 0
1 0
1 0
1 0
1 0
1 0
1 0
1 0
1 0
1 0
4 0
1 0
2 0
2 0
1 0
2 0
1 0
3 0
1 0
1 0
1 0
1 0
1 0
2 0
6 0
2 0
2 0
15 0
2 0
1 0
7 0
5 0
1 0
9 0
1 0
21 0
1 0
2 0
14 0.00857143
2 0
11 0
2 0
5 0
14 0
3 0
2 0
1 0
4 0
3 0
2 0
1 0
2 0
2 0
1 0
1 0
3 0
2 0
1 0
1 0
2 0
3 0
2 0
3 0
1 0
2 0
2 0
1 0
1 0
2 0
1 0
1 0
2 0
2 0
1 0
1 0
4 0
2 0
3 0
4 0
1 0
2 0
2 0
2 0
1 0
3 0
1 0
2 0
1 0
2 0
1 0
3 0
2 0
1 0
1 0
2 0
2 0
1 0
2 0
1 0
2 0
2 0
1 0
1 0
1 0
1 0
5 0
1 0
1 0
1 0
2 0
1 0
1 0
1 0
1 0
2 0
3 0
1 0
1 0
1 0
1 0
1 0
1 0
2 0
1 0
1 0
1 0
1 0
2 0
3 0
2 0
1 0
1 0
4 0
1 0
2 0
1 0
1 0
1 0
3 0
1 0
1 0
1 0
2 0
2 0
1 0
1 0
1 0
1 0
1 0
2 0
1 0
1 0
1 0
1 0
1 0
1 0
1 0
1 0
1 0
2 0
1 0
1 0
1 0
1 0
1 0
1 0
1 0
