52 0.0608129
1 0
2 0.000189839
1 0
2 6.08221e-005
3 0
5 0.00431284
7 0.00490816
1 0
31 0.0307686
2 0
15 0.0376526
22 0.00688211
1 0
41 0.0431671
57 0.0948051
17 0.00893716
1 0
3 0.0309253
1 0
10 0.0158377
1 0
8 0.00155926
86 0.0999473
29 0.0356915
6 0.00158875
29 0.0380783
2 0.00155926
1 0
12 0.0102329
4 0
2 0
58 0.0235861
7 0.000525282
6 1.84309e-005
11 0.0124132
1 0
3 0.00171776
2 0.00155926
1 0
3 0
29 0.0386829
1 0
23 0.00650059
30 0.0331333
4 0
21 0.00609511
14 0.00677521
4 0
1 0
1 0
3 0.00311483
36 0.0225042
8 0.00444554
16 0.00126621
17 0.00622966
1 0
2 1.47447e-005
1 0
9 0.0038023
18 0.0138545
2 0
1 0
2 0
1 0
1 0
1 0
6 0.00155926
1 0
1 0
1 0
2 0
2 0.0295761
1 0
3 0
1 0
1 0
1 0
1 0
2 0
1 0
1 0
1 0
2 0
1 0
2 0
1 0
1 0
1 0
2 0
5 0
2 0
2 0
1 0
2 0
8 0.0185341
1 0
4 0
2 0.00155926
5 0.00311483
1 0
1 0
3 1.10586e-005
1 0
1 0
1 0
1 0
1 0
3 0
1 0
2 0.00155926
1 0
14 0.0028568
1 0
44 0.0228378
3 0
8 0.000276464
1 0
2 0
1 0
3 0
2 0
1 0
2 0.00155926
1 0
2 0
3 0
5 0.00466671
2 0
1 0
6 0.00440131
1 0
2 0
1 0
7 0
2 0
1 0
1 0
2 0
1 0
1 0
2 0
1 0
36 0.00440131
1 0
3 0
1 0
3 0
1 0
1 0
1 0
1 0
1 0
1 0
1 0
1 0
1 0
3 0.00127173
6 0.0067918
3 0.00172882
2 0
1 0
1 0
4 0.00466671
1 0
7 0.00150212
7 4.79204e-005
1 0
1 0
2 0
1 0
2 0
2 0
5 0.00466671
2 0
1 0
2 0
1 0
1 0
3 0.00155926
1 0
1 0
4 0.00311483
1 0
1 0
3 0
1 0
3 6.81945e-005
4 0.000552928
1 0
1 0
4 0.00162561
2 0.00048842
4 0.00536893
8 0
1 0
3 0
2 0
6 0.00311483
2 0.00641581
4 0
1 0
2 0
3 0
2 0
1 0
1 0
8 0.00311114
1 0
3 0
1 0
3 0
1 0
2 0.00155926
2 9.58409e-005
1 0
1 0
1 0
2 0
9 0
7 0.0030964
1 0
1 0
1 0
2 0
2 0
2 1.10586e-005
6 1.84309e-005
1 0
1 0
1 0
2 3.68619e-006
1 0
1 0
5 0.00311483
1 0
3 0.000276464
4 0.000287523
1 0
1 0
1 0
1 0
1 0
11 0.0114032
5 4.42342e-005
8 0
1 0
3 0
2 0
1 0
1 0
1 0
1 0
1 0
1 0
2 0.00030964
1 0
1 0
1 0
3 0
6 0.00233151
2 0.00467593
2 0
1 0
1 0
2 0
1 0
1 0
1 0
2 0
4 0
3 0
3 0.00155926
1 0
2 0
3 0
2 0
1 0
2 0
3 0
2 0
1 0
2 0
1 0
1 0
1 0
1 0
1 0
1 0
1 0
1 0
1 0
4 0
1 0
2 0
2 0
1 0
2 0
1 0
3 0
1 0
1 0
1 0
1 0
1 0
2 0
6 0.00186337
2 0
2 0
15 0.00140997
2 0.00155926
1 0
7 0.00155926
5 7.37237e-005
1 0
9 0.0108374
1 0
21 0.0296314
1 0
2 0
14 0.0148056
2 0
11 0.00488051
2 0
5 0.00311483
14 0.00295264
3 0.00311483
2 0
1 0
4 0.000289366
3 0
2 0
1 0
2 0
2 0
1 0
1 0
3 0
2 0
1 0
1 0
2 0
3 0.00311483
2 0
3 0.00311483
1 0
2 0
2 0
1 0
1 0
2 0
1 0
1 0
2 0
2 0
1 0
1 0
4 0.00311483
2 0
3 0.000967624
4 0.00155926
1 0
2 0
2 0.00155926
2 0
1 0
3 0
1 0
2 0
1 0
2 0
1 0
3 0
2 0
1 0
1 0
2 0
2 0
1 0
2 0
1 0
2 0
2 0
1 0
1 0
1 0
1 0
5 0.000704062
1 0
1 0
1 0
2 0.00155926
1 0
1 0
1 0
1 0
2 0.00507219
3 0.00155926
1 0
1 0
1 0
1 0
1 0
1 0
2 0
1 0
1 0
1 0
1 0
2 0
3 0.000258033
2 0
1 0
1 0
4 0.00311483
1 0
2 0.00601954
1 0
1 0
1 0
3 0.00155926
1 0
1 0
1 0
2 0
2 0.00155926
1 0
1 0
1 0
1 0
1 0
2 0.00155926
1 0
1 0
1 0
1 0
1 0
1 0
1 0
1 0
1 0
2 0.00155926
1 0
1 0
1 0
1 0
1 0
1 0
1 0
