true
false
297
0 1 2 3 4 5 6 7 8 9 10 11 12 13 14 15 16 17 18 19 20 21 22 23 24 25 26 27 28 29 30 31 32 33 34 35 36 37 38 39 40 41 42 43 44 45 46 47 48 49 50 51 52 53 54 55 56 57 58 59 60 61 62 63 64 65 66 67 68 69 70 71 72 73 74 75 76 77 78 79 80 81 82 83 84 85 86 87 88 89 90 91 92 93 94 95 96 97 98 99 100 101 102 103 104 105 106 107 108 109 110 111 112 113 114 115 116 117 118 119 120 121 122 123 124 125 126 127 128 129 130 131 132 133 134 135 136 137 138 139 140 141 142 143 144 145 146 147 148 149 150 151 152 153 154 155 156 157 158 159 160 161 162 163 164 165 166 167 168 169 170 171 172 173 174 175 176 177 178 179 180 181 182 183 184 185 186 187 188 189 190 191 192 193 194 195 196 197 198 199 200 201 202 203 204 205 206 207 208 209 210 211 212 213 214 215 216 217 218 219 220 221 222 223 224 225 226 227 228 229 230 231 232 233 234 235 236 237 238 239 240 241 242 243 244 245 246 247 248 249 250 251 252 253 254 255 256 257 258 259 260 261 262 263 264 265 266 267 268 269 270 271 272 273 274 275 276 277 278 279 280 281 282 283 284 285 286 287 288 289 290 291 292 293 294 295 296 
3000
0 1 
0 2 
0 3 
0 4 
0 5 
0 6 
0 7 
0 8 
0 9 
1 7 
1 10 
1 12 
1 72 
1 74 
1 84 
1 115 
1 129 
1 130 
1 131 
2 4 
2 8 
2 12 
2 67 
2 86 
2 118 
2 125 
2 151 
2 152 
2 153 
2 154 
2 155 
2 156 
2 157 
2 158 
2 159 
2 160 
2 161 
2 162 
2 163 
2 164 
2 165 
2 166 
2 167 
2 168 
2 169 
2 173 
2 175 
2 176 
2 177 
2 178 
2 179 
2 180 
2 181 
2 182 
2 183 
2 184 
2 185 
2 186 
3 12 
3 117 
3 125 
3 151 
3 154 
3 155 
3 159 
3 160 
3 161 
3 162 
3 168 
3 173 
3 178 
3 179 
3 180 
3 182 
3 186 
3 189 
3 195 
3 196 
3 197 
4 2 
4 118 
4 151 
4 154 
4 155 
4 159 
4 160 
4 161 
4 162 
4 168 
4 172 
4 173 
4 174 
4 178 
4 179 
4 180 
4 182 
4 189 
4 195 
4 196 
4 197 
5 3 
5 8 
5 10 
5 11 
5 12 
5 13 
5 14 
6 23 
6 25 
6 27 
6 34 
6 35 
6 43 
6 46 
6 47 
6 48 
6 50 
6 72 
6 73 
6 74 
6 75 
6 77 
6 88 
6 94 
7 1 
7 2 
7 3 
7 6 
7 59 
7 73 
8 3 
8 4 
8 5 
8 14 
8 36 
8 102 
8 103 
8 108 
8 193 
8 213 
8 214 
8 235 
9 4 
9 5 
9 7 
9 24 
9 103 
9 108 
9 213 
9 218 
9 236 
10 13 
10 14 
10 102 
10 124 
10 138 
10 142 
10 208 
11 3 
11 12 
11 13 
11 14 
11 118 
12 2 
12 3 
12 16 
12 84 
12 117 
12 151 
12 152 
12 153 
12 154 
12 155 
12 156 
12 157 
12 158 
12 159 
12 160 
12 161 
12 162 
12 163 
12 164 
12 165 
12 166 
12 167 
12 168 
12 169 
12 170 
12 171 
12 172 
12 173 
12 174 
12 175 
12 176 
12 177 
12 178 
12 179 
12 180 
12 181 
12 182 
12 183 
13 6 
13 23 
13 34 
13 35 
13 43 
13 46 
13 47 
13 48 
13 73 
13 74 
13 75 
13 77 
13 88 
13 209 
14 3 
14 4 
14 11 
14 12 
14 13 
14 75 
14 86 
14 114 
14 118 
15 4 
15 16 
15 17 
15 18 
15 19 
15 20 
15 21 
15 22 
15 23 
15 24 
15 25 
15 26 
16 1 
16 2 
16 12 
16 19 
16 22 
16 73 
16 84 
16 92 
16 98 
16 113 
16 114 
16 115 
16 116 
16 117 
16 118 
16 119 
16 120 
17 22 
17 23 
17 41 
17 44 
17 53 
18 4 
18 14 
18 15 
18 17 
18 23 
18 35 
18 43 
18 47 
18 51 
18 71 
18 72 
18 73 
18 74 
18 75 
18 76 
19 17 
19 20 
19 22 
19 46 
19 59 
19 70 
19 80 
20 2 
20 12 
20 73 
20 74 
20 75 
20 89 
20 130 
20 132 
20 209 
20 210 
21 2 
21 12 
21 73 
21 74 
21 75 
21 77 
21 85 
21 106 
22 55 
23 44 
23 46 
24 44 
24 48 
25 190 
26 22 
26 44 
26 49 
26 51 
26 64 
27 3 
27 20 
27 21 
27 28 
27 29 
27 30 
27 31 
27 32 
27 33 
27 34 
27 35 
27 36 
27 37 
27 38 
27 39 
28 114 
28 122 
29 30 
29 33 
29 35 
29 44 
29 50 
30 6 
30 29 
30 32 
30 33 
30 38 
30 49 
30 51 
30 52 
30 59 
30 64 
31 3 
31 4 
31 7 
31 27 
31 29 
31 35 
31 45 
31 46 
31 47 
31 48 
31 49 
31 58 
31 66 
31 73 
31 74 
31 75 
31 77 
32 21 
32 29 
32 30 
32 33 
32 43 
32 49 
32 59 
32 81 
33 68 
34 6 
34 13 
34 37 
34 43 
34 44 
34 47 
34 72 
34 74 
34 112 
35 43 
35 44 
36 44 
36 49 
36 93 
37 190 
38 33 
38 43 
38 44 
38 49 
38 50 
38 64 
40 22 
40 41 
40 42 
40 43 
40 44 
41 4 
41 23 
41 40 
41 43 
41 44 
41 46 
41 47 
41 48 
41 49 
42 17 
42 22 
42 29 
42 33 
42 40 
42 45 
42 84 
42 86 
42 98 
42 119 
42 137 
42 167 
42 168 
42 172 
42 173 
42 185 
42 218 
42 232 
43 6 
43 23 
43 35 
43 44 
45 33 
45 44 
45 46 
46 23 
46 44 
46 79 
47 6 
47 13 
47 31 
47 35 
47 44 
47 48 
47 214 
48 6 
48 13 
48 23 
48 44 
48 47 
48 213 
49 44 
50 3 
50 23 
50 35 
50 43 
50 44 
50 45 
50 46 
50 47 
50 48 
50 51 
50 52 
51 44 
52 4 
52 6 
52 9 
52 21 
52 32 
52 33 
52 37 
52 48 
52 84 
52 86 
52 99 
53 4 
53 13 
53 14 
53 17 
53 23 
53 46 
53 59 
53 75 
53 78 
53 86 
53 90 
54 11 
54 14 
54 22 
54 40 
54 49 
54 51 
54 55 
54 56 
55 21 
55 35 
55 78 
56 22 
56 35 
56 40 
56 44 
56 51 
57 21 
57 33 
57 45 
57 49 
57 51 
57 58 
57 59 
57 60 
57 61 
58 3 
58 7 
58 20 
58 21 
58 23 
58 24 
58 31 
58 45 
58 46 
58 50 
58 61 
58 68 
58 69 
58 82 
58 85 
58 87 
58 88 
58 95 
59 5 
59 6 
59 7 
59 13 
59 14 
59 15 
59 19 
59 22 
59 27 
59 32 
59 33 
59 39 
59 49 
59 55 
59 58 
59 64 
59 66 
59 68 
59 71 
59 91 
59 99 
59 102 
59 105 
59 108 
60 7 
60 14 
60 44 
61 33 
61 44 
61 46 
61 49 
61 60 
61 82 
62 3 
62 19 
62 20 
62 41 
62 47 
62 48 
62 49 
62 55 
62 59 
62 63 
62 64 
62 65 
63 2 
63 3 
63 8 
63 9 
63 12 
63 13 
63 18 
63 24 
63 34 
63 41 
63 47 
63 59 
63 62 
63 71 
63 81 
63 83 
63 85 
63 93 
63 94 
63 101 
63 129 
63 209 
63 215 
63 225 
64 44 
64 74 
65 3 
65 8 
65 11 
65 13 
65 20 
65 84 
65 98 
66 31 
66 32 
66 38 
66 47 
66 50 
66 51 
66 59 
66 64 
66 67 
66 68 
66 69 
67 2 
67 4 
67 8 
67 9 
67 12 
67 31 
67 48 
67 58 
67 59 
67 63 
67 87 
67 98 
67 106 
67 118 
67 129 
67 212 
67 218 
67 224 
68 20 
68 21 
68 23 
68 36 
68 79 
69 21 
69 37 
69 47 
69 48 
69 50 
69 52 
69 58 
69 66 
69 86 
69 87 
69 88 
69 89 
70 5 
70 13 
70 17 
70 19 
70 22 
70 26 
70 49 
70 51 
70 59 
70 64 
71 4 
71 14 
71 18 
71 20 
71 21 
71 22 
71 36 
71 40 
71 41 
71 43 
71 55 
71 56 
71 76 
71 83 
71 89 
71 90 
71 93 
71 94 
72 2 
72 18 
72 93 
72 114 
72 130 
72 132 
72 214 
73 6 
73 13 
73 44 
73 75 
74 6 
74 13 
74 44 
75 6 
75 13 
75 23 
75 44 
75 73 
75 209 
76 4 
76 14 
76 35 
76 43 
76 73 
76 74 
77 6 
77 13 
77 34 
77 35 
77 42 
77 44 
77 74 
78 190 
79 190 
80 190 
81 190 
82 3 
82 4 
82 7 
82 23 
82 46 
82 73 
82 74 
83 21 
83 25 
83 35 
83 41 
83 65 
83 71 
83 84 
83 85 
84 2 
84 4 
84 86 
84 118 
84 142 
84 151 
84 152 
84 155 
84 156 
84 157 
84 158 
84 163 
84 175 
84 180 
84 187 
84 188 
84 189 
84 190 
85 12 
85 44 
85 60 
85 211 
86 3 
86 12 
86 84 
86 117 
86 151 
86 152 
86 155 
86 156 
86 157 
86 158 
86 163 
86 175 
86 180 
86 187 
86 188 
86 189 
86 190 
86 191 
87 2 
87 4 
87 43 
87 44 
87 46 
87 47 
87 48 
87 52 
87 86 
87 103 
87 106 
87 109 
87 117 
87 119 
87 236 
88 190 
89 2 
89 44 
89 60 
89 212 
90 3 
90 4 
90 7 
90 14 
90 15 
90 23 
90 27 
90 31 
90 47 
90 48 
90 58 
90 71 
90 73 
90 74 
90 75 
90 77 
90 91 
90 130 
90 132 
90 187 
90 213 
90 218 
91 3 
91 6 
91 7 
91 12 
91 23 
91 29 
91 35 
91 43 
91 77 
91 78 
91 79 
92 3 
92 4 
92 39 
92 48 
93 3 
93 12 
93 25 
93 36 
93 43 
93 44 
93 47 
93 48 
93 65 
93 71 
93 78 
93 86 
93 101 
93 104 
93 114 
93 141 
93 216 
93 235 
94 190 
95 12 
95 61 
95 63 
95 67 
95 72 
95 119 
95 125 
95 142 
95 172 
95 198 
95 204 
95 207 
95 240 
95 241 
96 44 
96 60 
96 97 
97 44 
97 166 
97 221 
97 227 
98 2 
98 3 
98 84 
98 86 
98 118 
98 119 
98 125 
98 145 
98 172 
98 186 
98 191 
98 198 
98 202 
98 206 
98 207 
99 2 
99 4 
99 6 
99 7 
99 52 
99 107 
100 11 
100 13 
100 19 
100 101 
100 102 
100 103 
100 104 
101 1 
101 2 
101 3 
101 22 
101 77 
101 84 
101 86 
101 98 
101 114 
101 132 
101 224 
102 1 
102 4 
102 13 
102 59 
102 89 
102 100 
102 104 
102 113 
102 114 
102 132 
102 135 
102 136 
102 137 
103 5 
103 6 
103 11 
103 13 
103 52 
103 65 
103 102 
103 108 
103 137 
103 191 
103 201 
104 44 
104 64 
104 131 
104 222 
105 6 
105 9 
105 52 
105 89 
105 99 
105 103 
105 106 
105 107 
105 108 
105 109 
105 110 
105 111 
105 112 
106 3 
106 33 
106 75 
106 84 
106 86 
106 119 
106 130 
106 209 
107 6 
107 7 
107 105 
107 108 
107 139 
107 191 
108 1 
108 3 
108 4 
108 6 
108 85 
108 112 
108 114 
108 122 
108 130 
108 137 
109 2 
109 4 
109 6 
109 86 
109 87 
109 105 
109 106 
109 111 
109 114 
109 117 
109 118 
109 122 
109 142 
110 6 
110 28 
110 86 
110 103 
110 105 
110 108 
110 112 
111 2 
111 3 
111 6 
111 9 
111 12 
111 84 
111 86 
111 105 
111 125 
111 130 
111 145 
111 172 
111 187 
111 190 
111 193 
111 198 
111 201 
111 233 
112 44 
112 64 
112 72 
112 223 
113 1 
113 101 
113 102 
113 115 
113 124 
113 140 
113 141 
113 149 
113 191 
113 215 
114 2 
114 3 
114 13 
114 14 
114 73 
114 86 
114 130 
114 131 
114 132 
114 133 
115 1 
115 10 
115 107 
115 113 
115 114 
115 122 
115 124 
115 126 
115 128 
115 138 
115 139 
116 1 
116 12 
116 13 
116 22 
116 84 
116 100 
116 103 
116 113 
116 117 
116 118 
116 132 
116 141 
117 12 
117 84 
117 118 
117 125 
117 151 
117 152 
117 153 
117 156 
117 157 
117 159 
117 160 
117 161 
117 162 
117 163 
117 166 
117 167 
117 170 
117 173 
117 176 
117 178 
117 179 
117 181 
117 182 
117 186 
117 192 
117 193 
117 194 
118 2 
118 86 
118 117 
118 151 
118 152 
118 153 
118 156 
118 157 
118 159 
118 160 
118 161 
118 162 
118 163 
118 166 
118 167 
118 172 
118 173 
118 174 
118 176 
118 178 
118 179 
118 181 
118 182 
118 184 
118 192 
118 193 
118 194 
119 4 
119 12 
119 84 
119 86 
119 90 
119 117 
119 123 
119 125 
119 142 
119 148 
119 172 
119 174 
119 199 
119 204 
119 205 
120 13 
120 84 
120 85 
120 100 
120 102 
120 114 
121 2 
121 20 
121 21 
121 31 
121 84 
121 86 
121 98 
121 109 
121 114 
121 115 
121 117 
121 118 
121 122 
121 123 
121 124 
121 125 
122 106 
122 108 
122 114 
122 115 
122 121 
122 124 
122 139 
122 205 
123 8 
123 84 
123 89 
123 98 
123 103 
123 104 
123 118 
123 119 
123 121 
123 145 
123 198 
123 200 
123 201 
123 202 
123 203 
124 1 
124 10 
124 107 
124 114 
124 121 
124 122 
124 138 
125 2 
125 3 
125 4 
125 12 
125 42 
125 78 
125 84 
125 86 
125 90 
125 96 
125 117 
125 118 
125 119 
125 137 
125 151 
125 154 
125 160 
125 168 
125 169 
125 171 
125 172 
125 184 
125 187 
125 192 
125 232 
125 253 
125 254 
125 256 
125 262 
125 263 
125 264 
125 265 
125 266 
125 267 
126 10 
126 127 
127 1 
127 5 
127 14 
127 39 
127 96 
127 113 
127 115 
127 126 
128 107 
128 115 
129 1 
129 2 
129 12 
129 63 
129 67 
129 84 
129 86 
129 114 
129 117 
129 118 
129 137 
129 224 
130 1 
130 7 
130 12 
130 44 
130 47 
130 48 
130 73 
130 74 
130 84 
130 86 
130 90 
130 106 
130 119 
130 210 
130 211 
130 212 
130 213 
131 1 
131 12 
131 93 
131 130 
131 132 
132 12 
132 14 
132 44 
132 47 
132 48 
132 72 
132 74 
132 77 
132 84 
132 86 
132 90 
132 210 
132 211 
132 212 
133 44 
133 72 
133 114 
133 131 
133 132 
133 173 
133 178 
133 179 
133 196 
133 197 
133 200 
133 214 
133 219 
134 0 
134 7 
134 14 
134 28 
134 39 
134 99 
134 128 
134 135 
135 1 
135 6 
135 10 
135 105 
135 107 
135 113 
135 114 
135 124 
135 138 
136 1 
136 10 
136 102 
136 115 
136 124 
136 135 
136 138 
136 141 
137 3 
137 4 
137 6 
137 11 
137 12 
137 13 
137 42 
137 72 
137 84 
137 85 
137 89 
137 99 
137 102 
137 103 
137 104 
137 112 
137 125 
137 130 
137 133 
137 168 
137 169 
137 177 
137 185 
137 192 
137 201 
137 211 
137 212 
137 232 
137 253 
137 254 
138 1 
138 10 
138 12 
138 13 
138 113 
138 114 
138 122 
139 103 
139 105 
139 107 
139 108 
139 110 
139 115 
139 128 
139 135 
139 205 
140 1 
140 113 
140 127 
140 141 
141 1 
141 113 
141 144 
141 149 
142 1 
142 44 
142 87 
142 95 
142 102 
142 108 
142 114 
142 116 
142 117 
142 119 
142 120 
142 130 
142 148 
142 157 
142 163 
142 164 
142 169 
142 173 
142 181 
142 182 
142 186 
142 191 
142 202 
142 204 
142 205 
142 238 
142 244 
142 245 
143 109 
143 122 
143 124 
143 135 
143 138 
144 141 
144 145 
145 39 
145 93 
145 113 
145 141 
145 144 
145 187 
145 191 
145 193 
145 195 
145 200 
145 219 
146 142 
146 147 
146 148 
147 114 
147 122 
147 139 
147 150 
148 39 
148 122 
148 142 
148 147 
148 187 
148 193 
148 195 
148 199 
148 200 
148 205 
148 219 
149 4 
149 39 
149 86 
149 104 
149 113 
149 117 
149 118 
149 119 
149 123 
149 140 
149 141 
149 145 
149 198 
149 199 
149 202 
149 215 
149 216 
150 28 
150 39 
150 87 
150 98 
150 118 
150 122 
150 142 
150 146 
150 147 
150 191 
150 199 
150 202 
150 205 
151 44 
151 159 
151 200 
152 44 
152 165 
152 249 
152 268 
153 44 
153 161 
153 166 
153 167 
153 227 
153 249 
154 44 
154 160 
154 197 
155 44 
155 161 
155 189 
155 197 
156 44 
156 189 
156 231 
157 44 
157 162 
157 231 
157 234 
158 44 
158 163 
158 234 
158 269 
159 44 
159 197 
159 200 
160 44 
160 189 
160 197 
160 200 
160 219 
161 44 
161 162 
161 189 
161 231 
161 233 
162 44 
162 163 
162 231 
162 234 
162 269 
162 275 
163 44 
163 164 
163 269 
163 271 
163 276 
164 44 
164 165 
164 268 
164 273 
164 276 
165 44 
165 97 
165 166 
165 227 
165 249 
166 44 
166 97 
166 167 
166 221 
166 227 
167 44 
167 97 
167 221 
167 227 
168 44 
168 156 
168 189 
168 231 
168 233 
168 234 
168 269 
168 275 
169 44 
169 234 
169 269 
169 270 
169 271 
169 272 
169 273 
169 276 
169 277 
170 2 
170 12 
170 117 
170 118 
170 119 
170 207 
170 255 
170 256 
171 42 
171 125 
171 137 
171 185 
171 190 
171 213 
171 217 
171 246 
172 2 
172 3 
172 4 
172 12 
172 42 
172 79 
172 84 
172 86 
172 96 
172 117 
172 118 
172 125 
172 129 
172 137 
172 151 
172 154 
172 160 
172 168 
172 169 
172 170 
172 185 
172 187 
172 192 
172 201 
172 220 
172 232 
172 253 
172 254 
172 262 
172 263 
172 264 
172 265 
172 266 
172 267 
173 178 
174 190 
175 44 
175 176 
175 277 
176 44 
176 97 
176 177 
176 227 
176 249 
177 44 
177 97 
177 125 
177 153 
177 166 
177 167 
177 170 
177 172 
177 176 
177 183 
177 221 
177 253 
178 44 
178 179 
178 197 
178 200 
178 219 
179 44 
179 180 
179 189 
179 197 
179 219 
179 233 
180 44 
180 181 
180 231 
180 233 
181 44 
181 182 
181 231 
181 234 
181 275 
182 44 
182 188 
182 275 
183 44 
183 177 
184 2 
184 12 
184 42 
184 98 
184 117 
184 118 
184 172 
184 194 
184 256 
185 42 
185 137 
185 171 
185 172 
185 190 
185 217 
185 218 
185 246 
186 190 
187 4 
187 44 
187 97 
187 111 
187 151 
187 160 
187 173 
187 174 
187 199 
187 219 
187 220 
187 221 
188 44 
188 269 
188 271 
188 276 
188 279 
189 44 
189 155 
189 237 
191 44 
191 102 
191 108 
191 109 
191 110 
191 113 
191 116 
191 117 
191 119 
191 120 
191 132 
191 141 
191 142 
191 146 
191 157 
191 163 
191 173 
191 182 
191 186 
191 202 
191 215 
191 238 
191 244 
192 44 
192 157 
192 158 
192 231 
192 234 
192 269 
192 271 
192 275 
192 276 
193 1 
193 2 
193 8 
193 9 
193 12 
193 14 
193 84 
193 114 
193 195 
193 210 
193 213 
193 214 
193 218 
194 2 
194 12 
194 118 
194 170 
194 204 
194 226 
195 1 
195 8 
195 9 
195 44 
195 59 
195 64 
195 85 
195 97 
195 111 
195 114 
195 166 
195 187 
195 190 
195 193 
195 210 
195 213 
195 214 
195 218 
195 250 
196 44 
196 133 
196 178 
196 200 
196 219 
197 44 
197 155 
197 237 
198 85 
198 86 
198 98 
198 103 
198 105 
198 110 
198 111 
198 112 
198 117 
198 119 
198 123 
198 130 
198 148 
198 199 
198 200 
199 44 
199 84 
199 86 
199 119 
199 123 
199 142 
199 145 
199 185 
199 187 
199 202 
199 226 
199 227 
200 44 
200 196 
200 219 
201 0 
201 2 
201 5 
201 6 
201 12 
201 13 
201 65 
201 84 
201 86 
201 117 
201 118 
201 119 
201 125 
201 137 
201 172 
201 203 
202 44 
202 84 
202 98 
202 123 
202 133 
202 145 
202 171 
202 187 
202 191 
202 199 
202 226 
202 227 
203 2 
203 4 
203 8 
203 12 
203 84 
203 86 
203 101 
203 118 
203 123 
203 148 
203 172 
203 187 
203 190 
203 193 
203 201 
203 233 
204 2 
204 4 
204 44 
204 86 
204 95 
204 98 
204 118 
204 119 
204 172 
204 187 
204 189 
204 190 
204 194 
204 199 
204 205 
204 207 
204 219 
204 220 
204 221 
204 225 
204 226 
204 231 
204 233 
204 238 
204 245 
204 252 
205 33 
205 84 
205 86 
205 98 
205 109 
205 111 
205 119 
205 125 
205 130 
205 142 
205 172 
205 198 
205 202 
206 42 
206 67 
206 78 
206 84 
206 86 
206 95 
206 96 
206 98 
206 125 
206 159 
206 172 
206 225 
207 2 
207 4 
207 44 
207 86 
207 95 
207 98 
207 118 
207 119 
207 172 
207 187 
207 189 
207 190 
207 194 
207 199 
207 204 
207 205 
207 219 
207 221 
207 226 
207 231 
207 233 
207 238 
207 245 
207 252 
207 256 
208 10 
208 101 
208 102 
208 120 
208 126 
208 135 
208 140 
209 6 
209 13 
209 23 
209 25 
209 44 
209 46 
209 48 
209 64 
209 73 
209 75 
209 131 
210 44 
210 48 
210 114 
210 213 
210 218 
211 12 
211 31 
211 74 
211 130 
211 132 
211 210 
212 2 
212 73 
212 130 
212 132 
213 3 
213 4 
213 37 
213 72 
213 84 
213 130 
213 132 
213 137 
213 148 
213 185 
213 190 
213 206 
213 217 
214 1 
214 44 
214 47 
214 48 
214 87 
214 213 
214 218 
215 84 
215 86 
215 98 
215 123 
215 130 
215 132 
215 203 
215 216 
216 3 
216 15 
216 35 
216 71 
216 93 
216 118 
216 125 
216 172 
216 225 
216 239 
217 42 
217 125 
217 137 
217 171 
217 190 
217 206 
217 213 
218 73 
218 74 
218 75 
218 85 
218 130 
218 131 
218 132 
218 137 
218 145 
218 171 
218 190 
218 203 
218 217 
219 44 
219 159 
219 197 
219 200 
220 2 
220 118 
220 119 
220 172 
220 177 
220 252 
220 256 
221 44 
221 177 
222 72 
222 112 
223 104 
223 131 
224 2 
224 3 
224 4 
224 12 
224 67 
224 84 
224 86 
224 114 
224 117 
224 118 
224 125 
224 129 
224 133 
224 137 
224 190 
225 2 
225 39 
225 56 
225 63 
225 98 
225 125 
225 131 
225 191 
225 198 
225 204 
225 207 
226 2 
226 4 
226 12 
226 84 
226 98 
226 111 
226 117 
226 118 
226 125 
226 145 
226 148 
226 166 
226 172 
226 176 
226 190 
226 195 
226 202 
226 203 
226 204 
226 207 
226 228 
226 229 
227 44 
228 118 
228 123 
228 137 
228 145 
228 166 
228 198 
228 202 
228 226 
228 229 
228 255 
228 257 
229 123 
229 137 
229 145 
229 226 
229 228 
229 255 
229 257 
230 44 
230 151 
230 154 
230 189 
230 197 
230 200 
230 219 
230 231 
231 44 
232 44 
232 155 
232 189 
232 197 
232 219 
232 231 
232 233 
232 234 
233 44 
233 161 
233 189 
233 231 
234 44 
235 77 
235 85 
235 211 
236 36 
236 74 
236 77 
236 89 
236 212 
237 44 
237 178 
237 189 
237 197 
237 219 
237 233 
237 238 
238 44 
238 142 
238 200 
238 231 
238 233 
239 2 
239 3 
239 12 
239 21 
239 90 
239 114 
239 129 
239 214 
239 216 
240 23 
240 27 
240 58 
240 88 
240 95 
240 172 
241 1 
241 12 
241 16 
241 24 
241 36 
241 84 
241 86 
241 137 
242 190 
243 190 
244 44 
244 193 
244 195 
244 199 
244 202 
244 245 
244 283 
245 44 
245 142 
245 148 
245 187 
245 189 
245 197 
245 200 
245 219 
245 231 
245 233 
245 234 
245 238 
245 252 
245 269 
245 271 
245 275 
245 276 
245 282 
245 283 
246 44 
246 175 
246 268 
246 273 
246 277 
247 12 
247 137 
247 172 
247 190 
247 248 
248 2 
248 125 
248 137 
248 190 
248 247 
249 44 
250 44 
250 97 
250 167 
250 204 
251 44 
251 97 
252 190 
253 44 
253 97 
253 152 
253 153 
253 227 
253 249 
253 268 
253 273 
254 44 
254 97 
254 177 
255 2 
255 12 
255 117 
255 125 
255 177 
255 257 
256 12 
256 98 
256 117 
256 125 
256 177 
256 220 
256 252 
257 2 
257 12 
257 117 
257 118 
257 125 
257 172 
257 177 
257 255 
258 12 
258 125 
258 137 
258 170 
258 177 
259 123 
259 137 
259 167 
259 172 
259 177 
259 184 
259 258 
260 191 
261 12 
261 117 
261 137 
261 142 
261 172 
261 185 
262 44 
262 233 
263 44 
263 233 
263 275 
264 44 
264 275 
265 44 
265 275 
265 276 
266 44 
266 276 
267 44 
267 276 
267 277 
268 44 
269 44 
270 44 
270 269 
270 271 
271 44 
272 44 
272 164 
272 271 
272 273 
273 44 
274 44 
274 268 
274 273 
275 44 
275 162 
275 234 
275 269 
276 44 
276 164 
276 271 
276 273 
277 44 
277 165 
277 249 
277 268 
278 44 
278 97 
278 268 
278 269 
278 271 
278 273 
278 274 
278 277 
279 44 
279 246 
279 276 
280 44 
280 97 
280 277 
281 44 
281 277 
282 44 
282 142 
282 200 
282 219 
282 238 
283 44 
283 193 
283 195 
283 199 
283 202 
283 244 
283 276 
284 44 
284 142 
284 145 
284 183 
284 187 
284 221 
284 227 
284 233 
284 244 
284 249 
284 268 
284 271 
284 273 
284 275 
284 276 
284 277 
285 44 
286 44 
287 44 
288 44 
289 44 
290 44 
291 44 
292 44 
293 44 
294 44 
295 190 
296 190 
