false
false
600
626
0 1 
0 2 
0 5 
0 39 
0 50 
0 78 
0 87 
0 145 
0 165 
0 194 
0 255 
0 291 
1 2 
1 3 
1 4 
1 6 
1 9 
1 10 
1 12 
1 17 
1 23 
1 24 
1 26 
1 36 
1 51 
1 75 
1 86 
1 105 
1 109 
1 121 
1 122 
1 130 
1 131 
1 147 
1 166 
1 231 
1 237 
1 275 
1 278 
2 8 
2 19 
2 60 
2 82 
2 100 
2 123 
2 148 
2 168 
2 196 
2 230 
2 262 
3 32 
4 11 
4 15 
4 18 
4 49 
4 54 
4 56 
4 63 
4 85 
4 89 
4 93 
4 95 
4 108 
4 115 
4 138 
4 141 
4 142 
4 156 
4 222 
4 280 
4 298 
5 7 
5 48 
5 66 
5 103 
5 112 
5 118 
5 192 
5 250 
7 13 
7 29 
7 61 
7 104 
7 220 
7 227 
8 35 
8 42 
8 117 
8 190 
8 296 
9 257 
10 37 
10 40 
10 162 
11 43 
11 116 
11 265 
13 14 
13 28 
13 41 
13 70 
13 71 
13 92 
13 126 
13 187 
13 217 
13 226 
13 271 
14 16 
14 21 
14 52 
14 53 
14 94 
14 161 
14 169 
15 81 
15 177 
16 34 
16 38 
16 59 
16 133 
16 172 
17 22 
17 164 
18 20 
18 46 
18 124 
18 132 
19 44 
19 102 
19 209 
20 113 
21 25 
21 213 
21 229 
21 256 
21 285 
21 295 
22 45 
22 72 
22 197 
22 206 
23 62 
23 90 
23 228 
23 252 
24 30 
24 83 
24 125 
24 129 
25 27 
25 33 
25 47 
25 183 
25 246 
28 106 
29 31 
29 57 
29 76 
29 98 
29 140 
29 157 
29 176 
29 294 
33 204 
34 55 
34 64 
34 134 
34 146 
34 175 
34 225 
35 80 
35 119 
36 68 
38 69 
38 127 
40 208 
42 178 
42 286 
43 74 
43 149 
43 202 
44 96 
45 232 
46 58 
46 79 
47 174 
49 88 
49 258 
51 101 
51 233 
52 77 
52 198 
52 219 
52 284 
53 65 
53 239 
54 73 
54 167 
54 189 
57 179 
57 184 
57 269 
58 67 
58 136 
58 151 
58 236 
58 272 
59 110 
62 111 
62 240 
68 374 
70 84 
71 159 
72 268 
74 128 
74 238 
75 99 
75 214 
75 260 
77 143 
78 281 
78 342 
81 137 
81 180 
82 91 
82 154 
82 155 
82 182 
83 97 
83 107 
83 191 
84 135 
84 160 
84 188 
84 218 
85 114 
85 210 
85 333 
86 283 
89 152 
89 245 
90 199 
91 211 
91 289 
93 185 
93 205 
94 163 
94 263 
95 120 
95 181 
95 264 
98 150 
103 395 
106 249 
106 288 
110 212 
110 243 
110 270 
111 144 
112 402 
113 404 
114 405 
117 235 
119 170 
120 223 
120 224 
120 279 
120 290 
122 216 
122 277 
129 186 
129 193 
129 215 
129 251 
129 293 
129 348 
131 158 
132 423 
137 139 
137 153 
137 171 
137 200 
137 201 
137 254 
137 273 
138 297 
144 207 
144 253 
145 282 
153 287 
155 259 
158 173 
162 241 
164 242 
165 203 
165 248 
168 195 
169 458 
177 469 
181 276 
182 234 
200 221 
202 299 
204 495 
205 496 
209 502 
216 510 
224 274 
225 521 
227 523 
229 244 
229 247 
229 266 
232 528 
241 537 
244 540 
250 546 
258 261 
261 267 
265 560 
273 568 
276 571 
282 578 
283 292 
283 438 
300 301 
300 302 
300 306 
300 307 
300 326 
300 338 
300 344 
300 439 
300 449 
300 454 
301 302 
301 303 
301 342 
301 346 
301 388 
301 393 
301 405 
301 484 
301 523 
301 565 
302 304 
302 305 
302 309 
302 310 
302 311 
302 313 
302 314 
302 316 
302 318 
302 321 
302 322 
302 324 
302 329 
302 335 
302 352 
302 357 
302 365 
302 372 
302 378 
302 379 
302 394 
302 401 
302 406 
302 407 
302 409 
302 411 
302 415 
302 419 
302 424 
302 427 
302 431 
302 436 
302 440 
302 452 
302 456 
302 457 
302 458 
302 466 
302 469 
302 473 
302 474 
302 477 
302 504 
302 509 
302 510 
302 511 
302 512 
302 514 
302 524 
302 551 
302 555 
302 558 
302 559 
302 564 
302 569 
302 572 
302 575 
302 578 
302 588 
304 317 
304 325 
304 330 
304 348 
304 349 
304 356 
304 367 
304 391 
304 398 
304 491 
304 505 
306 308 
306 323 
306 400 
306 489 
308 444 
309 336 
309 345 
309 434 
309 483 
309 487 
309 493 
309 570 
310 312 
310 354 
310 364 
310 374 
310 417 
310 437 
310 441 
310 461 
310 490 
310 503 
310 543 
310 579 
311 319 
311 320 
311 337 
311 350 
311 389 
311 448 
311 451 
311 464 
311 478 
311 495 
311 581 
311 597 
312 315 
312 343 
312 369 
312 446 
312 595 
313 396 
313 433 
314 331 
314 371 
314 386 
314 498 
314 534 
314 550 
315 450 
316 463 
316 470 
316 590 
317 327 
317 332 
317 359 
317 370 
317 392 
317 501 
317 532 
317 553 
317 571 
320 328 
320 339 
320 340 
320 366 
320 368 
320 381 
320 384 
320 421 
320 481 
320 486 
320 492 
323 476 
323 561 
323 583 
324 373 
324 425 
324 447 
324 468 
324 488 
324 502 
324 596 
325 333 
325 347 
325 383 
325 480 
325 545 
326 552 
327 399 
328 385 
329 387 
329 459 
329 538 
330 548 
332 334 
332 351 
332 363 
332 404 
332 527 
332 576 
333 443 
333 568 
334 539 
334 587 
335 442 
335 455 
335 598 
336 585 
337 390 
337 465 
337 496 
337 531 
338 341 
339 355 
340 361 
340 397 
340 422 
340 554 
340 573 
341 362 
342 375 
343 485 
343 494 
344 380 
344 382 
344 428 
346 536 
347 360 
347 410 
347 506 
348 353 
348 358 
348 377 
348 413 
348 471 
351 418 
351 521 
351 582 
352 589 
353 376 
355 518 
355 593 
358 408 
360 414 
360 520 
361 460 
364 420 
367 395 
367 453 
367 513 
367 599 
369 402 
371 412 
371 435 
371 445 
371 557 
372 546 
372 562 
373 530 
377 403 
377 563 
384 500 
385 430 
385 482 
387 577 
388 416 
388 574 
393 475 
401 438 
403 567 
406 429 
409 426 
410 556 
416 594 
418 432 
418 462 
422 423 
425 516 
427 540 
428 535 
433 508 
438 517 
439 499 
440 507 
447 472 
451 467 
451 479 
459 542 
461 519 
461 592 
464 549 
464 566 
474 497 
482 522 
482 584 
487 528 
498 515 
498 541 
501 580 
508 537 
511 526 
511 533 
513 529 
513 560 
518 547 
524 525 
524 544 
559 591 
577 586 
