10 0.00698186
7 0.00324354
9 0.0048928
4 0.000824629
3 0
7 0.0055525
10 0.00841121
3 0.000824629
11 0.00747664
7 0.00395822
4 0.00142936
6 0.00225399
11 0.00912589
9 0.00164926
9 0.00852117
5 0.00164926
6 0.00269379
1 0
9 0.00522265
8 0.00241891
6 0.000934579
5 0.00109951
4 0.000989555
12 0.00692688
4 0.000494777
4 0.00181418
8 0.00175921
4 0.00175921
8 0.00291369
7 0.00940077
3 0.000384827
12 0.0142386
6 0.00142936
9 0.00395822
11 0.00923584
7 0.00478285
12 0.00775151
8 0.00461792
12 0.00538758
8 0.00241891
9 0.000494777
9 0.00362837
9 0.000989555
10 0.00714678
7 0.00247389
7 0
9 0.00340847
5 0
10 0.00274876
3 0.000604728
6 0.00219901
7 0.00186916
3 0
7 0.000824629
4 0.000164926
7 0.00252886
6 0.000384827
7 0
10 0.0137988
13 0.00505772
4 0.000714678
5 0.00329852
8 0.00329852
13 0.00973062
3 5.49753e-005
5 0.00109951
2 0
7 0.00247389
11 0.00912589
9 0.000934579
5 0
10 0.0048928
10 0.00181418
8 0
4 0.000329852
6 0.0046729
7 0.00258384
6 0.00247389
4 0.000549753
11 0.00159428
4 0.000274876
2 0.000219901
10 0.00571743
6 0.000329852
9 0.00230896
8 0.00329852
10 0.00395822
6 0.00159428
11 0.00676196
8 0.00291369
5 0.000879604
5 0.00115448
9 0.00318857
5 0.000439802
8 0.000439802
7 0.0042331
9 0.00252886
5 0.00115448
7 0.000879604
5 0.00170423
6 0.000384827
10 0.00241891
5 0.000714678
11 0.00368334
8 0.00164926
7 0.00230896
9 0.000879604
4 0
10 0.00291369
4 0.000549753
10 0.00516767
10 0.00175921
8 0.00274876
6 0.00351842
4 0.000549753
8 0.000164926
10 0.00291369
13 0.0137438
3 0.000109951
13 0.00324354
8 0.000549753
9 0.00214404
6 0.00192413
8 0.00505772
8 0.000164926
10 0.00137438
7 0.00104453
5 5.49753e-005
8 0.00335349
6 0.000879604
14 0.00841121
9 0.00302364
6 0.000329852
5 0.00170423
5 5.49753e-005
9 0.00131941
6 0.00263881
8 0.00142936
8 0.00164926
10 0.00967565
7 0.00115448
4 0.000109951
10 0.00747664
6 0.000934579
11 0.00104453
12 0.00604728
5 0.00346344
4 0.000824629
8 0.00357339
5 0.000384827
9 0.00236394
7 0.00137438
4 0
9 0.00285871
4 0
8 0.00549753
4 0
7 0.000659703
3 0.000879604
10 0.00230896
8 0.00241891
7 0.000824629
8 0.00175921
6 0.00126443
8 0.00131941
9 0.00153931
4 0.000549753
6 0.000439802
7 0.000604728
9 0.00313359
6 0.00192413
17 0.0107202
5 0.00164926
9 0.000274876
8 0.00362837
8 0.00120946
6 0.000329852
4 0.000219901
9 0.00274876
8 0.00170423
5 0
3 0.000219901
7 0.000329852
6 0.000879604
5 0.000714678
5 0.00186916
16 0.00654206
9 0.0048928
9 0.00214404
6 0.0042331
7 0
8 0.00175921
9 0.000549753
6 0.000549753
6 0.000714678
7 0.00137438
5 0.00104453
10 0.00263881
7 0.000934579
11 0.00329852
5 0.00219901
10 0.00137438
11 0.00505772
8 0.00258384
9 0.00241891
5 0.000769654
10 0.00280374
6 0.00142936
7 0.00164926
3 0
7 0.000879604
8 0.0053326
7 0
8 0.00274876
6 0.000109951
5 0
9 0.00225399
11 0.00164926
6 0.00291369
5 0.00120946
10 0.00428807
10 0.00296866
5 0.000824629
5 0.000439802
8 0.00159428
11 0.00153931
10 0.00208906
5 0.000384827
4 0.000549753
10 0.00428807
2 0
5 0.000274876
9 0.000879604
8 0.000329852
9 0.00659703
7 0.000384827
4 0.000219901
7 0.00258384
6 0.000714678
9 0.00153931
8 0.00461792
5 0.000384827
6 0.000439802
9 0.00329852
10 0.00192413
5 0.000604728
12 0.00472787
11 0.00973062
6 0.000164926
7 0.000549753
4 0
11 0.00115448
11 0.00478285
5 0.000109951
9 0.00208906
8 0.00274876
13 0.00544255
9 0.00439802
8 0.00357339
7 0.000494777
8 0.00192413
7 0.000549753
4 0
14 0.00654206
5 5.49753e-005
5 0.000219901
8 0.00137438
5 0.000824629
9 0.000494777
8 0.00269379
12 0.00912589
8 0.000439802
11 0.00626718
4 5.49753e-005
5 0.00225399
13 0.00412314
8 0.000439802
8 0.00208906
6 0.000329852
7 0.000824629
10 0.00208906
9 5.49753e-005
10 0.00335349
8 0.00109951
4 0.000934579
10 0.00230896
5 0.000109951
14 0.00593733
13 0.00329852
8 0.00197911
8 0.00142936
10 0.00203408
6 0.000989555
5 0.00186916
7 0.00197911
7 0.000494777
6 0.00450797
9 0.000604728
6 0.00126443
11 0.00208906
13 0.00313359
8 0.00313359
9 0.00164926
4 0.000109951
10 0.00230896
4 0.000274876
8 0.00368334
9 0.00104453
9 0.000769654
5 0.000219901
11 0.00357339
7 0.0048928
2 0
6 0
13 0.00307861
8 0.00137438
2 0.000109951
8 0.00126443
7 0.000769654
8 0.00401319
5 0.000659703
14 0.0051127
6 0.00203408
7 0.00120946
6 0.000109951
3 0
10 0.00307861
9 0.00450797
3 0
4 0.000604728
8 0.000329852
6 0.000329852
8 0.00115448
10 0.00450797
4 0.000989555
6 0.000989555
5 0.000439802
5 0.00214404
5 0.000384827
4 0.000329852
11 0.00291369
12 0.00269379
11 0.00186916
8 0.00192413
7 0.00109951
9 0.00373832
6 5.49753e-005
6 0.000274876
2 5.49753e-005
6 0.00120946
11 0.00131941
13 0.00126443
10 0.00241891
12 0.00604728
12 0.00390324
14 0.00346344
9 0.00104453
3 0
11 0.00269379
4 0.000164926
6 0.000384827
5 0
4 0
12 0.00615723
10 0.00456295
7 0.00115448
4 0.000219901
9 0.00258384
11 0.00472787
7 0.000494777
12 0.00417812
5 0.000164926
9 0.000109951
7 0.000439802
11 0.00219901
9 0.00137438
7 0.000934579
9 0.000989555
10 0.00412314
12 0.00593733
5 0.000604728
5 0.00126443
6 0.000604728
6 0.000329852
14 0.00412314
12 0.00230896
3 0.000329852
12 0.00351842
4 0.000164926
8 0.00142936
6 0.000274876
14 0.00384827
9 0.00280374
6 0.000109951
5 0.00324354
7 0.00131941
9 0.000274876
12 5.49753e-005
11 0.000824629
6 0.000219901
4 0
6 0.000494777
6 5.49753e-005
6 0.000274876
10 0.00318857
6 0.00170423
11 0.00181418
4 0
3 0
8 0.00478285
10 0.00208906
4 0.000109951
11 0.00417812
9 0.000769654
9 0.00280374
7 0.00126443
7 0.000439802
7 0.000604728
9 0.00456295
4 0.000164926
11 0.00192413
5 0
14 0.00313359
4 0.000549753
6 0.000219901
8 0.000824629
5 0
7 0.00109951
6 0
7 0.000439802
9 0.00170423
12 0.000109951
7 0.00324354
8 0.000549753
12 0.00351842
4 0.00164926
8 0.00192413
6 0.000219901
2 0
8 0.00302364
9 0.000714678
5 0.000549753
8 0.000494777
7 0.000274876
8 0.000494777
9 0.00313359
7 0.000714678
7 5.49753e-005
4 0.000219901
6 0.000494777
4 0.000329852
6 0.000109951
9 0.000494777
7 0
8 0.00137438
9 0.00120946
6 0.000549753
6 5.49753e-005
7 0.000164926
11 0.00544255
6 0.00175921
8 0.000219901
7 5.49753e-005
6 0.000274876
9 0.000109951
6 0
8 0.000769654
10 0.00324354
7 5.49753e-005
2 0
9 0.00153931
7 0.00236394
10 0.00434305
5 0.000604728
9 0.000604728
8 0.00109951
5 0.000329852
13 0.00610225
4 0
6 0
10 0.000824629
8 0.00148433
7 0
7 0.00109951
8 0.000219901
9 0.00219901
7 0.00104453
8 0
4 0.00148433
2 0
4 0.000659703
9 0.00120946
12 0.00252886
8 0.00142936
4 0.000549753
11 0.00131941
8 0.000109951
9 0.00170423
7 0.000494777
13 0.0053326
