44
19
45
7
24
12
12
6
11
13
5
14
6
10
18
14
8
18
8
13
9
4
3
4
4
8
4
6
4
5
12
14
6
3
6
2
8
6
7
8
10
2
4
4
2
5
4
3
5
2
2
3
8
7
6
4
3
6
4
4
14
8
2
8
2
6
7
5
6
5
5
2
6
4
2
2
4
3
6
3
3
4
6
2
5
4
4
2
4
2
3
2
6
2
2
3
4
4
3
3
3
5
3
7
5
3
2
3
5
4
2
3
4
5
5
5
2
4
2
4
3
5
2
3
4
3
4
4
5
2
4
3
4
2
2
4
5
2
2
4
2
4
3
3
2
3
2
3
3
3
2
4
2
3
2
2
3
3
3
2
2
2
3
3
2
2
4
2
2
4
3
2
4
4
3
2
3
3
2
2
3
3
2
3
3
5
2
4
2
2
3
3
2
4
2
3
4
4
5
2
2
2
2
2
2
2
2
2
2
2
3
2
2
2
2
2
3
2
2
2
2
2
3
3
3
2
3
3
2
2
3
3
2
3
2
2
2
2
2
2
2
3
2
2
2
3
2
2
2
3
3
3
2
4
2
2
2
3
2
2
2
2
2
2
2
3
3
3
2
3
2
2
2
2
2
2
2
2
2
3
3
2
2
2
2
2
2
2
2
3
2
3
2
2
2
2
3
2
2
2
55
29
25
13
15
23
13
13
20
20
14
12
5
16
2
10
3
10
6
5
5
2
2
3
5
6
5
3
15
4
10
4
3
3
14
4
8
10
10
7
4
3
9
2
9
7
4
3
3
9
2
3
2
2
4
4
2
2
5
3
4
3
7
2
11
4
2
7
4
12
5
2
3
11
12
3
2
5
2
7
5
2
4
4
14
3
6
4
2
2
2
5
5
2
3
5
5
6
4
4
4
3
2
5
3
4
3
2
3
2
9
2
2
3
2
2
6
3
3
2
3
4
3
2
3
2
4
3
4
4
6
6
3
2
3
3
4
2
3
3
2
2
2
2
10
3
2
2
2
2
4
4
2
2
2
2
3
2
5
2
3
2
4
2
3
2
5
4
2
2
2
3
2
5
2
3
2
4
4
2
4
3
2
3
4
2
2
3
2
2
2
3
2
3
3
2
2
2
2
2
2
2
2
2
2
3
2
2
2
2
2
2
2
2
3
2
2
2
2
4
2
2
3
2
2
2
6
3
3
2
3
2
2
3
2
2
2
2
2
2
3
2
3
2
2
2
2
2
2
2
3
2
2
2
2
2
3
2
2
2
2
2
2
2
2
2
2
2
3
2
2
2
2
2
2
2
2
2
2
2
2
3
2
2
2
2
2
2
2
2
2
2
2
2
2
2
2
2
2
2
