52 0.114994
1 0
2 0.000504985
1 0
2 0.000181277
3 0
5 0.00271915
7 0.0135828
1 0
31 0.0295611
2 0
15 0.0298071
22 0.0212612
1 0
41 0.0715137
57 0.102667
17 0.00504985
1 0
3 0.00560663
1 0
10 0.0104623
1 0
8 0
86 0.142781
29 0.0656092
6 0.00523113
29 0.0105658
2 0
1 0
12 0.0161725
4 0
2 0
58 0.0244983
7 0.00191635
6 5.17933e-005
11 0.0103328
1 0
3 0
2 0
1 0
3 0
29 0.0378609
1 0
23 0.00653891
30 0.0279814
4 0
21 0.0118089
14 0.00710864
4 0
1 0
1 0
3 0
36 0.0597695
8 0.0114981
16 0.00446718
17 0
1 0
2 5.17933e-005
1 0
9 0.00323708
18 0.0130519
2 0
1 0
2 0
1 0
1 0
1 0
6 0
1 0
1 0
1 0
2 0
2 0.00571022
1 0
3 0
1 0
1 0
1 0
1 0
2 0
1 0
1 0
1 0
2 0
1 0
2 0
1 0
1 0
1 0
2 0
5 0
2 0
2 0
1 0
2 0
8 0.0103328
1 0
4 0
2 0
5 0
1 0
1 0
3 5.17933e-005
1 0
1 0
1 0
1 0
1 0
3 0
1 0
2 0
1 0
14 0.00194225
1 0
44 0.0273598
3 0
8 0.00031076
1 0
2 0
1 0
3 0
2 0
1 0
2 0
1 0
2 0
3 0
5 0
2 0
1 0
6 0.00910268
1 0
2 0
1 0
7 0
2 0
1 0
1 0
2 0
1 0
1 0
2 0
1 0
36 0.00339246
1 0
3 0
1 0
3 0
1 0
1 0
1 0
1 0
1 0
1 0
1 0
1 0
1 0
3 0.00410462
6 0.000880487
3 0
2 0
1 0
1 0
4 0
1 0
7 0.00200699
7 0.000181277
1 0
1 0
2 0
1 0
2 0
2 0
5 0
2 0
1 0
2 0
1 0
1 0
3 0
1 0
1 0
4 0
1 0
1 0
3 0
1 0
3 0.000336657
4 0.00031076
1 0
1 0
4 5.17933e-005
2 0.000414347
4 0.00256377
8 0
1 0
3 0
2 0
6 0
2 0.0108896
4 0
1 0
2 0
3 0
2 0
1 0
1 0
8 0.00512754
1 0
3 0
1 0
3 0
1 0
2 0
2 0.000207173
1 0
1 0
1 0
2 0
9 0
7 5.17933e-005
1 0
1 0
1 0
2 0
2 0
2 5.17933e-005
6 5.17933e-005
1 0
1 0
1 0
2 2.58967e-005
1 0
1 0
5 0
1 0
3 0.000427295
4 0.00102292
1 0
1 0
1 0
1 0
1 0
11 0
5 0.000207173
8 0
1 0
3 0
2 0
1 0
1 0
1 0
1 0
1 0
1 0
2 0.000763952
1 0
1 0
1 0
3 0
6 0.00256377
2 0.003509
2 0
1 0
1 0
2 0
1 0
1 0
1 0
2 0
4 0
3 0
3 0
1 0
2 0
3 0
2 0
1 0
2 0
3 0
2 0
1 0
2 0
1 0
1 0
1 0
1 0
1 0
1 0
1 0
1 0
1 0
4 0
1 0
2 0
2 0
1 0
2 0
1 0
3 0
1 0
1 0
1 0
1 0
1 0
2 0
6 0.00194225
2 0
2 0
15 0.0043118
2 0
1 0
7 0
5 5.17933e-005
1 0
9 0
1 0
21 0.000712159
1 0
2 0
14 0.00795028
2 0
11 0.00396219
2 0
5 0
14 2.58967e-005
3 0
2 0
1 0
4 0.000634468
3 0
2 0
1 0
2 0
2 0
1 0
1 0
3 0
2 0
1 0
1 0
2 0
3 0
2 0
3 0
1 0
2 0
2 0
1 0
1 0
2 0
1 0
1 0
2 0
2 0
1 0
1 0
4 0
2 0
3 0
4 0
1 0
2 0
2 0
2 0
1 0
3 0
1 0
2 0
1 0
2 0
1 0
3 0
2 0
1 0
1 0
2 0
2 0
1 0
2 0
1 0
2 0
2 0
1 0
1 0
1 0
1 0
5 0.00251198
1 0
1 0
1 0
2 0
1 0
1 0
1 0
1 0
2 0.00600803
3 0
1 0
1 0
1 0
1 0
1 0
1 0
2 0
1 0
1 0
1 0
1 0
2 0
3 0.00110061
2 0
1 0
1 0
4 0
1 0
2 0.00839052
1 0
1 0
1 0
3 0
1 0
1 0
1 0
2 0
2 0
1 0
1 0
1 0
1 0
1 0
2 0
1 0
1 0
1 0
1 0
1 0
1 0
1 0
1 0
1 0
2 0
1 0
1 0
1 0
1 0
1 0
1 0
1 0
