false
false
600
0 1 2 3 4 5 6 7 8 9 10 11 12 13 14 15 16 17 18 19 20 21 22 23 24 25 26 27 28 29 30 31 32 33 34 35 36 37 38 39 40 41 42 43 44 45 46 47 48 49 50 51 52 53 54 55 56 57 58 59 60 61 62 63 64 65 66 67 68 69 70 71 72 73 74 75 76 77 78 79 80 81 82 83 84 85 86 87 88 89 90 91 92 93 94 95 96 97 98 99 100 101 102 103 104 105 106 107 108 109 110 111 112 113 114 115 116 117 118 119 120 121 122 123 124 125 126 127 128 129 130 131 132 133 134 135 136 137 138 139 140 141 142 143 144 145 146 147 148 149 150 151 152 153 154 155 156 157 158 159 160 161 162 163 164 165 166 167 168 169 170 171 172 173 174 175 176 177 178 179 180 181 182 183 184 185 186 187 188 189 190 191 192 193 194 195 196 197 198 199 200 201 202 203 204 205 206 207 208 209 210 211 212 213 214 215 216 217 218 219 220 221 222 223 224 225 226 227 228 229 230 231 232 233 234 235 236 237 238 239 240 241 242 243 244 245 246 247 248 249 250 251 252 253 254 255 256 257 258 259 260 261 262 263 264 265 266 267 268 269 270 271 272 273 274 275 276 277 278 279 280 281 282 283 284 285 286 287 288 289 290 291 292 293 294 295 296 297 298 299 300 301 302 303 304 305 306 307 308 309 310 311 312 313 314 315 316 317 318 319 320 321 322 323 324 325 326 327 328 329 330 331 332 333 334 335 336 337 338 339 340 341 342 343 344 345 346 347 348 349 350 351 352 353 354 355 356 357 358 359 360 361 362 363 364 365 366 367 368 369 370 371 372 373 374 375 376 377 378 379 380 381 382 383 384 385 386 387 388 389 390 391 392 393 394 395 396 397 398 399 400 401 402 403 404 405 406 407 408 409 410 411 412 413 414 415 416 417 418 419 420 421 422 423 424 425 426 427 428 429 430 431 432 433 434 435 436 437 438 439 440 441 442 443 444 445 446 447 448 449 450 451 452 453 454 455 456 457 458 459 460 461 462 463 464 465 466 467 468 469 470 471 472 473 474 475 476 477 478 479 480 481 482 483 484 485 486 487 488 489 490 491 492 493 494 495 496 497 498 499 500 501 502 503 504 505 506 507 508 509 510 511 512 513 514 515 516 517 518 519 520 521 522 523 524 525 526 527 528 529 530 531 532 533 534 535 536 537 538 539 540 541 542 543 544 545 546 547 548 549 550 551 552 553 554 555 556 557 558 559 560 561 562 563 564 565 566 567 568 569 570 571 572 573 574 575 576 577 578 579 580 581 582 583 584 585 586 587 588 589 590 591 592 593 594 595 596 597 598 599 
1225
0 1 
0 2 
0 3 
0 4 
0 6 
0 7 
0 9 
0 10 
0 12 
0 13 
0 14 
0 21 
0 22 
0 26 
0 27 
0 33 
0 36 
0 37 
0 39 
0 40 
0 43 
0 52 
0 78 
0 81 
0 95 
0 99 
0 105 
0 113 
0 126 
0 174 
0 192 
0 211 
0 214 
0 221 
0 223 
0 225 
0 235 
0 242 
0 247 
0 251 
0 254 
0 257 
0 274 
0 297 
1 2 
1 11 
1 17 
1 21 
1 28 
1 41 
1 48 
1 49 
1 56 
1 141 
1 148 
1 156 
1 203 
1 217 
1 249 
1 266 
1 292 
1 294 
2 3 
2 4 
2 5 
2 7 
2 8 
2 11 
2 12 
2 13 
2 19 
2 20 
2 26 
2 29 
2 34 
2 44 
2 47 
2 50 
2 56 
2 58 
2 83 
2 128 
2 130 
2 134 
2 136 
2 137 
2 142 
2 147 
2 149 
2 155 
2 161 
2 169 
2 184 
2 200 
2 206 
2 228 
2 236 
2 251 
2 258 
2 262 
2 272 
2 273 
2 280 
2 292 
2 337 
3 66 
3 68 
3 73 
3 119 
3 216 
4 5 
4 6 
4 8 
4 9 
4 10 
4 15 
4 18 
4 29 
4 44 
4 45 
4 52 
4 54 
4 55 
4 67 
4 74 
4 102 
4 151 
4 152 
4 239 
4 269 
4 278 
4 308 
5 16 
5 31 
5 60 
5 96 
5 136 
5 141 
5 150 
5 193 
5 208 
5 231 
6 17 
6 47 
6 51 
6 73 
6 88 
6 162 
6 177 
6 207 
6 264 
6 267 
7 30 
7 53 
7 84 
7 108 
8 24 
8 31 
8 32 
8 41 
8 76 
8 124 
8 142 
8 166 
8 279 
9 15 
9 25 
9 51 
9 80 
9 112 
9 129 
9 181 
9 194 
9 197 
9 298 
9 305 
10 43 
10 82 
10 113 
11 20 
11 65 
11 69 
11 94 
11 103 
11 107 
11 149 
11 203 
11 213 
11 220 
11 277 
11 285 
12 18 
12 34 
12 79 
12 171 
13 14 
13 27 
13 58 
13 125 
13 215 
13 224 
13 256 
13 311 
14 16 
14 22 
14 38 
14 67 
14 87 
14 93 
14 104 
14 111 
14 124 
14 146 
14 164 
14 199 
14 209 
14 230 
14 238 
14 291 
15 19 
15 28 
15 33 
15 38 
15 71 
15 150 
15 155 
15 174 
15 183 
15 212 
15 267 
15 288 
16 63 
16 69 
16 70 
16 77 
16 103 
16 270 
17 23 
17 24 
17 30 
17 55 
17 72 
17 79 
17 83 
17 132 
17 139 
17 181 
17 197 
17 215 
17 221 
17 229 
17 265 
17 284 
18 35 
18 36 
18 40 
18 74 
18 77 
18 97 
19 95 
19 98 
19 100 
19 138 
19 156 
19 170 
19 176 
19 178 
19 185 
19 249 
19 283 
20 23 
20 25 
20 42 
20 46 
20 89 
20 101 
20 129 
21 50 
21 62 
22 309 
23 106 
23 133 
24 42 
24 114 
25 46 
25 72 
25 90 
25 105 
25 157 
25 231 
26 64 
26 369 
27 32 
27 48 
27 116 
27 196 
28 92 
28 110 
29 170 
29 178 
29 233 
30 57 
30 62 
30 66 
30 123 
30 140 
30 163 
30 186 
30 252 
30 281 
30 299 
31 37 
31 39 
31 165 
31 194 
31 201 
31 230 
31 239 
31 240 
31 245 
31 260 
31 271 
31 295 
32 35 
32 86 
32 87 
32 121 
33 261 
34 61 
34 116 
34 134 
34 180 
36 59 
36 65 
36 115 
36 160 
36 164 
36 222 
37 45 
37 57 
37 76 
37 236 
38 90 
38 114 
38 122 
38 143 
38 265 
39 60 
39 63 
39 78 
39 106 
39 108 
39 287 
40 49 
40 59 
40 70 
40 85 
40 161 
40 198 
40 241 
40 274 
42 53 
42 342 
43 289 
43 304 
45 152 
45 190 
45 260 
46 54 
46 128 
47 143 
48 121 
48 145 
48 290 
51 256 
52 86 
52 89 
52 99 
52 153 
52 179 
52 242 
53 64 
53 68 
53 71 
53 111 
53 328 
54 97 
54 109 
54 250 
54 255 
55 61 
55 88 
56 138 
57 104 
57 198 
57 227 
57 275 
58 75 
58 98 
59 123 
59 188 
60 75 
60 96 
60 120 
60 135 
60 172 
60 173 
60 192 
60 195 
60 247 
60 281 
60 283 
60 287 
61 93 
61 94 
61 115 
61 226 
61 276 
61 310 
63 102 
63 118 
63 126 
63 131 
63 204 
63 225 
65 120 
65 127 
65 183 
65 232 
66 81 
66 110 
66 172 
66 188 
66 233 
67 209 
67 282 
67 297 
68 91 
68 219 
68 286 
68 296 
69 84 
69 85 
69 112 
70 118 
70 187 
70 196 
72 157 
72 160 
72 195 
72 250 
73 92 
73 119 
76 82 
76 139 
77 146 
78 80 
78 154 
78 246 
78 374 
79 125 
80 224 
81 140 
81 218 
82 91 
82 132 
82 147 
82 263 
84 130 
84 189 
84 268 
85 144 
85 153 
86 173 
86 349 
88 117 
88 175 
90 410 
92 100 
92 189 
92 193 
92 244 
95 229 
96 154 
96 271 
97 101 
97 232 
98 210 
99 222 
100 237 
101 122 
101 176 
101 266 
102 276 
103 107 
103 109 
103 117 
103 254 
103 272 
104 253 
104 273 
104 315 
105 330 
107 158 
108 165 
108 168 
108 182 
109 205 
109 258 
111 169 
112 167 
112 234 
113 166 
113 191 
113 278 
114 159 
114 179 
114 235 
115 127 
115 243 
115 248 
117 148 
117 177 
119 158 
119 295 
120 144 
121 131 
121 145 
121 212 
123 277 
124 263 
124 288 
125 213 
126 135 
126 137 
127 162 
127 228 
128 237 
128 299 
128 373 
130 191 
130 241 
131 133 
132 168 
132 182 
135 167 
135 279 
136 205 
136 243 
136 298 
139 261 
139 306 
141 151 
141 163 
142 227 
143 219 
145 185 
147 175 
148 202 
149 218 
151 186 
151 223 
153 171 
156 190 
157 159 
158 301 
162 200 
163 384 
166 217 
166 264 
169 180 
169 245 
170 284 
172 216 
172 240 
173 184 
173 244 
174 259 
176 220 
177 248 
180 275 
181 255 
183 238 
184 226 
185 187 
185 214 
185 268 
187 262 
187 338 
190 211 
191 208 
193 201 
193 202 
195 207 
196 210 
196 246 
197 199 
197 270 
198 204 
198 206 
198 296 
210 234 
216 303 
222 269 
223 257 
224 290 
226 286 
227 291 
230 280 
231 334 
233 253 
241 293 
245 259 
249 252 
250 289 
251 364 
253 285 
253 444 
257 302 
265 307 
266 282 
267 300 
269 293 
279 317 
280 294 
289 344 
291 337 
296 313 
300 301 
300 302 
300 303 
300 305 
300 306 
300 307 
300 312 
300 316 
300 317 
300 327 
300 332 
300 333 
300 334 
300 338 
300 340 
300 343 
300 344 
300 349 
300 350 
300 351 
300 353 
300 356 
300 358 
300 360 
300 362 
300 364 
300 365 
300 369 
300 372 
300 373 
300 380 
300 387 
300 390 
300 401 
300 404 
300 408 
300 412 
300 413 
300 415 
300 427 
300 431 
300 441 
300 443 
300 456 
300 458 
300 463 
300 464 
300 487 
300 488 
300 515 
300 516 
300 536 
300 589 
300 592 
301 302 
301 303 
301 308 
301 311 
301 313 
301 319 
301 323 
301 327 
301 328 
301 335 
301 336 
301 339 
301 345 
301 375 
301 383 
301 391 
301 433 
301 435 
301 443 
301 459 
301 477 
301 482 
301 528 
301 556 
301 569 
301 586 
301 591 
302 304 
302 309 
302 310 
302 311 
302 315 
302 319 
302 321 
302 331 
302 338 
302 344 
302 349 
302 354 
302 384 
302 389 
302 406 
302 464 
302 471 
302 480 
302 503 
302 506 
302 578 
302 581 
303 304 
303 305 
303 314 
303 361 
303 377 
303 429 
303 498 
303 510 
303 548 
303 575 
304 306 
304 310 
304 316 
304 322 
304 330 
304 356 
304 418 
304 466 
304 469 
304 473 
304 539 
304 579 
305 307 
305 313 
305 314 
305 324 
305 325 
305 326 
305 335 
305 341 
305 370 
305 378 
305 402 
305 422 
305 424 
305 440 
305 527 
305 531 
305 534 
305 568 
305 595 
305 599 
306 325 
306 326 
306 329 
306 333 
306 342 
306 366 
306 374 
306 434 
306 454 
306 570 
307 308 
307 309 
307 323 
307 334 
307 339 
307 450 
307 492 
307 554 
307 559 
307 577 
308 318 
308 329 
308 347 
308 358 
308 364 
308 383 
308 384 
308 410 
308 449 
308 462 
308 484 
308 493 
308 519 
308 526 
308 546 
308 552 
308 572 
309 312 
309 320 
309 341 
309 346 
309 348 
309 359 
309 385 
309 407 
309 436 
309 442 
309 499 
309 509 
309 514 
309 558 
309 568 
309 580 
309 592 
310 320 
310 330 
310 336 
310 337 
310 350 
310 362 
310 375 
310 393 
310 399 
310 449 
310 542 
311 361 
311 366 
311 368 
311 382 
311 391 
311 407 
311 455 
311 462 
311 537 
312 373 
312 557 
312 593 
313 315 
313 317 
313 322 
313 346 
313 355 
313 372 
313 388 
313 418 
313 470 
313 525 
313 540 
313 551 
313 565 
315 347 
315 392 
315 412 
315 446 
315 467 
315 481 
315 574 
316 397 
317 318 
317 324 
317 485 
317 491 
317 506 
317 533 
317 543 
318 321 
318 352 
318 450 
318 594 
319 359 
319 422 
319 447 
320 502 
320 550 
320 578 
323 332 
324 340 
324 403 
324 538 
325 348 
325 397 
325 420 
325 502 
326 328 
326 453 
326 545 
327 353 
328 337 
328 343 
328 363 
328 367 
328 405 
328 411 
328 421 
328 423 
328 457 
328 497 
328 520 
328 552 
329 331 
329 388 
330 371 
330 434 
330 441 
330 460 
330 495 
330 530 
330 565 
331 394 
331 523 
332 381 
333 446 
334 354 
334 365 
334 390 
334 406 
334 474 
334 490 
334 514 
334 524 
334 537 
334 571 
334 594 
335 392 
335 476 
336 357 
336 371 
336 408 
336 465 
336 545 
336 590 
337 351 
337 386 
337 491 
337 497 
337 562 
337 585 
338 345 
338 398 
338 401 
338 413 
338 444 
338 507 
338 590 
339 442 
339 525 
339 557 
339 582 
339 589 
340 342 
340 444 
341 355 
342 368 
342 379 
342 426 
342 437 
342 438 
342 479 
344 367 
344 369 
344 396 
344 432 
344 542 
344 551 
345 357 
345 386 
345 452 
345 534 
345 544 
346 352 
346 445 
347 473 
348 541 
349 395 
349 396 
349 460 
349 461 
349 468 
349 478 
351 494 
354 363 
354 382 
355 486 
355 572 
358 360 
358 421 
358 477 
359 483 
360 432 
360 597 
361 378 
362 370 
362 376 
362 395 
362 414 
362 430 
364 405 
364 416 
364 471 
364 511 
364 524 
364 530 
364 540 
364 569 
365 414 
365 439 
367 374 
367 438 
367 439 
367 517 
367 522 
368 469 
368 489 
369 377 
369 385 
369 403 
369 411 
369 415 
369 428 
369 436 
369 445 
369 532 
370 387 
370 519 
370 588 
372 417 
373 381 
373 424 
373 426 
373 435 
373 489 
373 518 
373 521 
373 583 
374 376 
374 379 
374 394 
374 404 
374 474 
374 488 
374 504 
374 549 
374 598 
375 503 
377 380 
377 402 
377 504 
379 400 
379 429 
379 430 
379 528 
379 531 
380 518 
380 547 
380 588 
382 419 
382 563 
383 478 
383 496 
384 389 
384 393 
384 400 
384 428 
384 455 
384 459 
384 490 
384 510 
384 560 
384 573 
384 585 
385 399 
386 410 
386 420 
386 529 
386 561 
387 409 
387 461 
391 483 
391 501 
391 577 
392 417 
392 451 
392 466 
394 437 
395 398 
395 425 
395 480 
396 475 
396 476 
396 566 
397 451 
397 486 
397 496 
397 587 
398 433 
398 513 
399 431 
399 481 
400 544 
400 549 
401 409 
403 493 
403 500 
403 507 
404 527 
405 416 
405 591 
406 448 
408 548 
410 423 
410 425 
410 427 
410 467 
410 505 
410 566 
413 468 
416 419 
416 448 
416 456 
416 567 
417 440 
418 513 
420 515 
421 523 
421 561 
422 553 
424 563 
426 463 
426 475 
427 452 
428 555 
428 596 
429 454 
429 593 
430 457 
430 472 
430 520 
430 575 
431 470 
431 492 
431 558 
431 587 
432 472 
434 535 
435 584 
436 512 
436 564 
438 447 
439 554 
444 453 
444 458 
444 485 
444 512 
444 536 
444 564 
444 576 
445 595 
450 465 
450 487 
451 517 
451 597 
456 521 
458 479 
458 573 
458 574 
460 532 
462 505 
462 547 
464 509 
466 500 
466 522 
466 598 
467 529 
467 541 
471 516 
473 484 
473 539 
473 571 
475 508 
477 482 
477 494 
478 498 
478 586 
480 499 
480 596 
481 501 
483 508 
484 495 
484 533 
487 584 
491 550 
493 553 
494 570 
505 511 
514 567 
519 526 
519 560 
522 576 
526 535 
526 556 
526 580 
526 583 
527 562 
528 543 
530 538 
533 546 
540 559 
542 579 
550 555 
556 581 
568 599 
581 582 
