52 0.0308615
1 0
2 0
1 0
2 0
3 0
5 0.00441186
7 0.000775712
1 0
31 0.0229104
2 0
15 0.0347239
22 0.000883449
1 0
41 0.0270583
57 0.0688229
17 0.00639962
1 0
3 0.0314325
1 0
10 0.0128477
1 0
8 0
86 0.0668082
29 0.0176205
6 0
29 0.0388933
2 0.00214398
1 0
12 0.00537611
4 0
2 0
58 0.01998
7 0
6 2.15475e-005
11 0.00851128
1 0
3 0.00214398
2 0.00214398
1 0
3 0
29 0.0329893
1 0
23 0.00639962
30 0.0300965
4 0
21 0.00283889
14 0.00434183
4 0
1 0
1 0
3 0.00427719
36 0.00442802
8 0
16 0
17 0.00427719
1 0
2 1.07738e-005
1 0
9 0.00325368
18 0.013241
2 0
1 0
2 0
1 0
1 0
1 0
6 0.00214398
1 0
1 0
1 0.00107199
2 0
2 0.0314325
1 0.00107199
3 0
1 0.00107199
1 0.00107199
1 0.00107199
1 0.00107199
2 0
1 0.00107199
1 0.00107199
1 0.00107199
2 0
1 0.00107199
2 0
1 0.00107199
1 0.00107199
1 0.00107199
2 0
5 0
2 0
2 0
1 0.00107199
2 0
8 0.0189187
1 0.00107199
4 0
2 0.00214398
5 0.00214398
1 0.00107199
1 0.00107199
3 0
1 0.00107199
1 0.00107199
1 0.00107199
1 0.00107199
1 0.00107199
3 0
1 0.00107199
2 0.00214398
1 0.00107199
14 0.000587171
1 0.00107199
44 0.0156004
3 0
8 0.000193928
1 0.00107199
2 0
1 0.00107199
3 0
2 0
1 0.00107199
2 0
1 0.00107199
2 0
3 0
5 0.00639962
2 0
1 0.00107199
6 0
1 0.00107199
2 0
1 0.00107199
7 0
2 0
1 0.00107199
1 0.00107199
2 0
1 0.00107199
1 0.00107199
2 0
1 0.00107199
36 0.00367386
1 0.00107199
3 0
1 0.00107199
3 0
1 0.00107199
1 0.00107199
1 0.00107199
1 0.00107199
1 0.00107199
1 0.00107199
1 0.00107199
1 0.00107199
1 0.00107199
3 0
6 0.00666896
3 0.00214398
2 0
1 0.00107199
1 0.00107199
4 0.00427719
1 0.00107199
7 0.000797259
7 0
1 0.00107199
1 0.00107199
2 0
1 0.00107199
2 0
2 0
5 0.00639962
2 0
1 0.00107199
2 0
1 0.00107199
1 0.00107199
3 0.00214398
1 0.00107199
1 0.00107199
4 0.00427719
1 0.00107199
1 0.00107199
3 0
1 0.00107199
3 0
4 0.000452498
1 0.00107199
1 0.00107199
4 0.00220862
2 0.000344761
4 0.00514986
8 0
1 0.00107199
3 0
2 0
6 0.00427719
2 0.00375466
4 0
1 0.00107199
2 0
3 0
2 0
1 0.00107199
1 0.00107199
8 0
1 0.00107199
3 0
1 0.00107199
3 0
1 0.00107199
2 0.00214398
2 0
1 0.00107199
1 0.00107199
1 0.00107199
2 0
9 0
7 0.00214398
1 0.00107199
1 0.00107199
1 0.00107199
2 0
2 0
2 0
6 0
1 0.00107199
1 0.00107199
1 0.00107199
2 0
1 0.00107199
1 0.00107199
5 0.00427719
1 0.00107199
3 0.000177767
4 0
1 0.00107199
1 0.00107199
1 0.00107199
1 0.00107199
1 0.00107199
11 0.0147816
5 0
8 0
1 0.00107199
3 0
2 0
1 0.00107199
1 0.00107199
1 0.00107199
1 0.00107199
1 0.00107199
1 0.00107199
2 0
1 0.00107199
1 0.00107199
1 0.00107199
3 0
6 0.00214398
2 0.00359844
2 0
1 0.00107199
1 0.00107199
2 0
1 0.00107199
1 0.00107199
1 0.00107199
2 0
4 0
3 0
3 0.00214398
1 0.00107199
2 0
3 0
2 0
1 0.00107199
2 0
3 0
2 0
1 0.00107199
2 0
1 0.00107199
1 0.00107199
1 0.00107199
1 0.00107199
1 0.00107199
1 0.00107199
1 0.00107199
1 0.00107199
1 0.00107199
4 0
1 0.00107199
2 0
2 0
1 0.00107199
2 0
1 0.00107199
3 0
1 0.00107199
1 0.00107199
1 0.00107199
1 0.00107199
1 0.00107199
2 0
6 0
2 0
2 0
15 0.000215475
2 0
1 0.00107199
7 0.00214398
5 4.30951e-005
1 0.00107199
9 0.0127023
1 0.00107199
21 0.0334149
1 0.00107199
2 0
14 0.014146
2 0
11 0.00427719
2 0
5 0.00214398
14 0.00214398
3 0.00214398
2 0
1 0.00107199
4 0
3 0
2 0
1 0.00107199
2 0
2 0
1 0.00107199
1 0.00107199
3 0
2 0
1 0.00107199
1 0.00107199
2 0
3 0.00427719
2 0
3 0.00427719
1 0.00107199
2 0
2 0
1 0.00107199
1 0.00107199
2 0
1 0.00107199
1 0.00107199
2 0
2 0
1 0.00107199
1 0.00107199
4 0.00427719
2 0
3 0
4 0.00214398
1 0.00107199
2 0
2 0.00214398
2 0
1 0.00107199
3 0
1 0.00107199
2 0
1 0.00107199
2 0
1 0.00107199
3 0
2 0
1 0.00107199
1 0.00107199
2 0
2 0
1 0.00107199
2 0
1 0.00107199
2 0
2 0
1 0.00107199
1 0.00107199
1 0.00107199
1 0.00107199
5 0
1 0.00107199
1 0.00107199
1 0.00107199
2 0.00214398
1 0.00107199
1 0.00107199
1 0.00107199
1 0.00107199
2 0.00375466
3 0.00214398
1 0.00107199
1 0.00107199
1 0.00107199
1 0.00107199
1 0.00107199
1 0.00107199
2 0
1 0.00107199
1 0.00107199
1 0.00107199
1 0.00107199
2 0
3 0
2 0
1 0.00107199
1 0.00107199
4 0.00427719
1 0.00107199
2 0.00359844
1 0.00107199
1 0.00107199
1 0.00107199
3 0.00214398
1 0.00107199
1 0.00107199
1 0.00107199
2 0
2 0.00214398
1 0.00107199
1 0.00107199
1 0.00107199
1 0.00107199
1 0.00107199
2 0.00214398
1 0.00107199
1 0.00107199
1 0.00107199
1 0.00107199
1 0.00107199
1 0.00107199
1 0.00107199
1 0.00107199
1 0.00107199
2 0.00214398
1 0.00107199
1 0.00107199
1 0.00107199
1 0.00107199
1 0.00107199
1 0.00107199
1 0.00107199
最大连通子图主机数、主机比例、主机间平均距离：
2 0.01 2
