false
false
290
750
0 1 
0 2 
0 3 
0 4 
0 5 
0 6 
1 10 
1 19 
1 23 
1 63 
1 65 
1 97 
1 103 
1 181 
1 205 
1 252 
1 254 
1 282 
2 81 
2 102 
2 107 
2 135 
2 164 
2 175 
2 182 
2 185 
2 215 
2 218 
2 223 
2 230 
2 242 
2 270 
3 19 
3 69 
3 73 
3 86 
3 88 
3 97 
3 99 
3 102 
3 127 
3 129 
3 136 
3 164 
3 176 
3 182 
3 216 
3 223 
3 253 
4 45 
4 65 
4 79 
4 82 
4 83 
4 97 
4 99 
4 100 
4 145 
4 164 
4 176 
4 182 
4 185 
4 223 
4 273 
5 19 
5 45 
5 81 
5 84 
5 93 
5 138 
5 145 
5 160 
5 213 
5 217 
5 245 
5 286 
5 288 
6 45 
6 66 
6 69 
6 73 
6 84 
6 100 
6 102 
6 123 
6 127 
6 128 
6 129 
6 130 
6 131 
6 132 
6 183 
6 185 
7 8 
7 9 
7 10 
7 11 
7 12 
7 13 
8 90 
9 256 
10 65 
10 70 
10 80 
10 131 
10 136 
10 182 
10 218 
11 61 
11 93 
11 102 
11 259 
11 273 
12 84 
12 218 
12 222 
13 49 
14 15 
14 16 
14 17 
14 18 
14 19 
14 20 
14 21 
16 258 
19 66 
19 68 
19 82 
19 97 
19 129 
19 191 
19 216 
20 66 
20 102 
20 278 
21 141 
21 156 
22 23 
22 24 
22 25 
22 26 
23 65 
23 68 
23 82 
23 97 
23 102 
23 127 
23 129 
23 136 
23 216 
24 104 
24 231 
27 28 
28 52 
28 177 
29 30 
29 31 
29 32 
29 33 
29 34 
29 35 
32 132 
34 48 
34 53 
34 130 
35 180 
36 37 
36 38 
36 39 
36 40 
37 236 
38 170 
41 42 
41 43 
41 44 
41 45 
43 260 
44 163 
45 85 
45 174 
46 47 
46 48 
46 49 
46 289 
47 115 
48 125 
49 143 
50 51 
50 52 
50 53 
50 54 
50 55 
50 56 
51 161 
52 80 
52 84 
52 129 
52 131 
52 136 
52 183 
52 214 
52 274 
53 92 
53 235 
56 92 
56 157 
56 197 
56 229 
57 58 
57 59 
57 60 
57 61 
57 62 
58 74 
61 80 
61 81 
61 82 
61 102 
61 216 
63 64 
63 65 
63 66 
63 67 
63 68 
63 69 
63 70 
64 66 
64 80 
64 81 
64 85 
64 97 
64 167 
64 176 
64 188 
64 198 
64 202 
64 213 
64 217 
64 273 
65 66 
65 80 
65 82 
65 83 
65 84 
65 85 
65 102 
65 129 
65 132 
65 176 
65 182 
65 188 
65 197 
65 213 
65 215 
65 245 
65 252 
66 80 
66 82 
66 84 
66 85 
66 96 
66 99 
66 107 
66 128 
66 181 
66 197 
66 198 
66 202 
66 218 
66 242 
66 272 
67 73 
67 81 
67 102 
67 213 
67 252 
67 253 
67 278 
68 69 
68 88 
68 97 
68 135 
68 169 
68 183 
68 230 
68 286 
69 81 
69 95 
69 98 
69 100 
69 127 
69 153 
69 167 
69 176 
69 187 
69 188 
69 202 
69 215 
69 218 
69 223 
69 224 
69 254 
69 272 
69 288 
70 74 
70 88 
70 93 
70 95 
70 187 
70 230 
71 72 
71 73 
71 74 
71 75 
71 76 
71 77 
71 78 
73 75 
73 84 
73 130 
73 176 
74 133 
79 80 
79 81 
79 82 
79 83 
79 84 
79 85 
79 86 
79 163 
80 83 
80 100 
80 107 
80 123 
80 129 
80 153 
80 182 
80 188 
80 218 
80 254 
81 83 
81 96 
81 129 
81 136 
81 145 
81 182 
81 273 
82 86 
82 95 
82 97 
82 100 
82 182 
82 183 
82 197 
82 223 
82 230 
82 253 
83 123 
83 135 
83 142 
83 175 
83 198 
83 202 
83 205 
83 252 
83 273 
84 99 
84 100 
84 135 
84 136 
84 154 
84 181 
84 182 
84 205 
84 216 
84 217 
84 218 
84 230 
84 272 
84 288 
85 86 
85 99 
85 128 
85 164 
85 182 
85 185 
85 214 
85 223 
85 229 
85 245 
85 253 
86 100 
86 123 
86 130 
86 132 
86 169 
86 176 
86 286 
87 88 
87 89 
87 90 
88 98 
88 123 
88 176 
89 207 
91 92 
91 93 
91 94 
91 95 
92 260 
93 98 
93 123 
93 176 
93 216 
95 97 
95 100 
95 127 
95 176 
96 97 
96 98 
96 99 
96 100 
96 101 
96 102 
96 103 
97 123 
97 129 
97 183 
97 218 
97 253 
98 146 
98 205 
98 270 
98 278 
98 286 
99 107 
99 119 
99 128 
99 167 
99 174 
99 175 
99 183 
99 187 
99 200 
99 288 
100 154 
100 169 
100 181 
100 182 
100 217 
100 274 
101 271 
102 130 
102 169 
102 245 
102 274 
102 278 
103 278 
104 105 
104 106 
104 107 
104 108 
105 256 
107 214 
107 273 
108 216 
109 110 
109 111 
109 112 
110 208 
112 231 
113 114 
113 115 
114 143 
115 248 
116 117 
116 118 
116 147 
116 190 
118 154 
119 120 
119 121 
119 277 
122 123 
122 124 
122 125 
122 126 
123 170 
123 230 
123 288 
124 259 
127 202 
127 205 
127 286 
128 154 
128 159 
128 169 
128 198 
128 205 
128 272 
128 286 
129 130 
129 131 
129 136 
129 154 
129 167 
129 174 
129 175 
129 176 
129 245 
129 254 
130 273 
130 278 
131 153 
131 167 
131 176 
131 181 
131 185 
131 188 
131 217 
131 218 
131 245 
131 254 
131 270 
131 272 
131 286 
132 145 
132 153 
132 154 
132 254 
132 272 
133 134 
135 136 
135 137 
136 153 
136 154 
136 164 
136 181 
136 182 
136 183 
136 185 
136 202 
136 213 
136 252 
136 253 
138 139 
138 140 
138 141 
138 142 
138 143 
138 191 
142 153 
144 145 
144 146 
145 175 
145 216 
146 188 
147 148 
147 149 
147 150 
147 151 
149 166 
152 153 
152 154 
152 155 
153 183 
154 193 
154 215 
156 157 
156 158 
156 159 
156 160 
158 258 
161 162 
161 163 
161 164 
163 248 
163 267 
164 274 
165 166 
165 167 
165 168 
165 169 
165 170 
165 171 
165 172 
165 173 
166 184 
167 170 
167 260 
167 273 
169 216 
170 260 
172 237 
173 188 
173 257 
173 273 
174 175 
174 176 
174 177 
174 178 
174 179 
175 182 
175 213 
175 214 
175 252 
175 288 
176 182 
176 198 
176 218 
176 242 
176 245 
176 252 
176 273 
176 288 
178 247 
178 276 
181 182 
181 183 
182 185 
182 274 
183 187 
183 214 
183 218 
183 242 
183 245 
183 274 
184 185 
184 186 
184 187 
184 188 
184 189 
184 190 
185 214 
187 215 
188 197 
191 192 
191 193 
191 194 
191 195 
191 196 
192 241 
194 196 
197 198 
197 199 
197 200 
197 213 
197 215 
197 272 
197 278 
198 214 
198 218 
201 202 
201 203 
201 204 
201 205 
202 214 
202 215 
202 218 
202 274 
204 208 
205 214 
206 207 
206 208 
206 209 
206 210 
206 211 
206 212 
208 284 
210 218 
212 249 
213 214 
213 215 
213 216 
214 217 
214 253 
214 288 
215 218 
215 272 
216 278 
216 288 
217 218 
218 252 
218 254 
219 220 
219 221 
219 222 
219 223 
219 224 
219 225 
219 226 
223 274 
225 287 
227 228 
227 229 
227 230 
231 232 
233 234 
234 250 
235 236 
235 237 
235 238 
235 268 
239 240 
239 241 
239 242 
239 243 
239 244 
239 245 
241 254 
244 261 
246 247 
246 248 
246 249 
250 251 
250 252 
250 253 
250 254 
255 256 
257 258 
258 280 
258 281 
258 282 
258 283 
258 284 
259 260 
259 261 
259 262 
259 263 
260 275 
260 276 
260 277 
260 278 
260 279 
264 265 
264 266 
264 267 
268 269 
268 270 
268 271 
269 286 
270 271 
272 273 
272 274 
276 285 
280 285 
283 287 
285 286 
287 288 
287 289 
