false
false
283
4 5 6 7 8 9 10 11 12 13 14 15 16 17 18 19 20 21 24 25 26 27 28 29 30 31 32 33 34 35 36 37 38 39 40 41 42 43 44 45 46 47 48 50 51 52 53 54 55 56 57 58 59 60 61 62 63 64 65 66 67 68 69 70 71 72 73 74 75 76 77 78 79 80 81 82 83 85 86 87 88 89 90 91 92 93 94 95 96 97 98 99 100 101 102 103 104 105 106 107 108 109 110 111 112 113 114 115 116 117 118 119 120 121 122 123 124 125 126 127 128 129 130 131 134 135 136 137 138 139 140 141 142 143 144 145 146 147 148 149 150 151 152 153 154 155 156 157 158 159 160 161 162 163 164 165 166 167 168 169 170 171 172 173 174 175 176 177 178 179 180 181 182 183 184 185 186 187 188 189 190 191 192 193 194 195 196 197 198 199 200 201 202 203 204 205 206 207 208 209 210 211 212 213 214 215 216 217 218 219 220 221 222 223 224 225 226 227 228 229 230 231 232 233 234 235 236 237 238 239 240 241 242 245 246 247 248 249 250 251 252 253 254 255 256 257 258 259 260 261 262 264 266 267 268 269 270 271 272 273 274 275 276 278 279 280 281 282 283 284 285 286 287 288 289 290 291 292 293 295 296 298 299 
332
4 88 
5 13 
5 120 
6 8 
7 8 
8 9 
9 10 
9 61 
9 75 
9 205 
9 208 
10 50 
11 94 
11 125 
12 13 
13 14 
13 15 
13 83 
14 16 
14 17 
14 29 
14 147 
18 19 
18 190 
19 20 
19 130 
20 199 
21 51 
21 176 
24 53 
25 58 
25 136 
26 94 
26 131 
26 139 
26 203 
27 161 
27 166 
28 98 
29 130 
29 160 
30 123 
30 140 
31 62 
31 104 
32 155 
32 174 
33 34 
34 35 
34 97 
35 36 
35 69 
35 141 
35 142 
36 37 
36 38 
36 39 
36 47 
36 157 
40 97 
40 202 
41 42 
41 58 
41 167 
41 218 
41 232 
42 98 
42 181 
43 94 
43 163 
44 47 
45 47 
46 47 
46 184 
47 171 
48 75 
48 101 
48 106 
50 139 
50 205 
51 120 
51 194 
52 111 
52 119 
52 172 
53 231 
54 109 
54 147 
55 88 
55 107 
56 119 
56 149 
56 152 
56 175 
56 198 
57 98 
58 59 
58 167 
59 60 
60 154 
61 188 
61 209 
62 154 
63 68 
64 68 
65 68 
66 69 
67 70 
68 69 
69 70 
70 108 
71 86 
71 224 
72 73 
72 112 
72 215 
73 91 
73 231 
74 98 
76 77 
76 86 
76 110 
76 185 
77 170 
77 191 
78 79 
78 109 
79 80 
80 184 
80 199 
81 82 
82 98 
83 218 
83 221 
85 151 
86 110 
87 88 
87 89 
88 90 
88 172 
88 178 
88 195 
88 198 
92 94 
92 123 
92 174 
93 94 
94 95 
94 131 
95 129 
95 171 
96 144 
96 148 
98 100 
98 125 
98 135 
98 205 
99 100 
101 123 
101 210 
102 140 
103 145 
103 153 
103 190 
104 174 
104 222 
105 184 
106 186 
107 178 
108 116 
108 207 
111 148 
111 192 
111 204 
112 113 
112 215 
113 129 
114 115 
115 205 
116 117 
116 118 
116 207 
119 148 
119 175 
121 122 
122 123 
123 140 
124 153 
124 173 
124 194 
124 232 
125 208 
126 129 
127 129 
128 129 
129 207 
129 235 
131 139 
134 222 
134 236 
135 236 
136 146 
137 223 
137 224 
137 229 
138 139 
138 140 
138 143 
138 150 
138 205 
139 140 
140 141 
140 186 
141 142 
143 151 
143 202 
143 234 
144 192 
145 194 
145 196 
146 153 
149 198 
150 181 
150 191 
152 198 
153 154 
153 156 
153 157 
153 158 
154 155 
154 157 
154 159 
154 173 
156 189 
157 193 
161 196 
162 163 
162 165 
163 164 
163 191 
166 176 
168 170 
168 229 
169 170 
169 187 
169 227 
170 171 
174 189 
177 178 
177 179 
177 180 
179 199 
179 206 
182 184 
183 184 
184 200 
185 187 
187 228 
187 230 
188 205 
192 193 
195 204 
197 201 
198 200 
198 201 
199 201 
205 207 
206 207 
210 211 
210 212 
210 213 
214 215 
216 225 
216 228 
217 218 
219 224 
220 221 
221 225 
223 227 
226 229 
226 230 
233 234 
236 237 
238 252 
239 240 
241 242 
242 284 
245 247 
246 247 
246 257 
246 298 
248 250 
249 250 
249 280 
251 252 
251 289 
252 253 
252 289 
254 255 
254 284 
255 285 
255 299 
256 259 
257 259 
258 299 
260 261 
260 287 
261 262 
261 267 
264 281 
266 267 
268 269 
270 274 
271 274 
272 274 
273 274 
274 275 
276 286 
278 298 
279 280 
279 282 
279 295 
282 284 
282 295 
283 284 
284 285 
284 296 
288 290 
291 292 
293 298 
295 296 
298 299 
