false
false
500
0 1 2 3 4 5 6 7 8 9 10 11 12 13 14 15 16 17 18 19 20 21 22 23 24 25 26 27 28 29 30 31 32 33 34 35 36 37 38 39 40 41 42 43 44 45 46 47 48 49 50 51 52 53 54 55 56 57 58 59 60 61 62 63 64 65 66 67 68 69 70 71 72 73 74 75 76 77 78 79 80 81 82 83 84 85 86 87 88 89 90 91 92 93 94 95 96 97 98 99 100 101 102 103 104 105 106 107 108 109 110 111 112 113 114 115 116 117 118 119 120 121 122 123 124 125 126 127 128 129 130 131 132 133 134 135 136 137 138 139 140 141 142 143 144 145 146 147 148 149 150 151 152 153 154 155 156 157 158 159 160 161 162 163 164 165 166 167 168 169 170 171 172 173 174 175 176 177 178 179 180 181 182 183 184 185 186 187 188 189 190 191 192 193 194 195 196 197 198 199 200 201 202 203 204 205 206 207 208 209 210 211 212 213 214 215 216 217 218 219 220 221 222 223 224 225 226 227 228 229 230 231 232 233 234 235 236 237 238 239 240 241 242 243 244 245 246 247 248 249 250 251 252 253 254 255 256 257 258 259 260 261 262 263 264 265 266 267 268 269 270 271 272 273 274 275 276 277 278 279 280 281 282 283 284 285 286 287 288 289 290 291 292 293 294 295 296 297 298 299 300 301 302 303 304 305 306 307 308 309 310 311 312 313 314 315 316 317 318 319 320 321 322 323 324 325 326 327 328 329 330 331 332 333 334 335 336 337 338 339 340 341 342 343 344 345 346 347 348 349 350 351 352 353 354 355 356 357 358 359 360 361 362 363 364 365 366 367 368 369 370 371 372 373 374 375 376 377 378 379 380 381 382 383 384 385 386 387 388 389 390 391 392 393 394 395 396 397 398 399 400 401 402 403 404 405 406 407 408 409 410 411 412 413 414 415 416 417 418 419 420 421 422 423 424 425 426 427 428 429 430 431 432 433 434 435 436 437 438 439 440 441 442 443 444 445 446 447 448 449 450 451 452 453 454 455 456 457 458 459 460 461 462 463 464 465 466 467 468 469 470 471 472 473 474 475 476 477 478 479 480 481 482 483 484 485 486 487 488 489 490 491 492 493 494 495 496 497 498 499 
997
0 14 
0 52 
0 226 
1 71 
1 119 
1 142 
2 68 
2 302 
2 328 
2 486 
3 166 
4 31 
4 56 
4 129 
4 202 
4 216 
4 229 
4 261 
4 334 
4 369 
4 480 
5 69 
5 211 
5 267 
5 298 
6 412 
6 425 
7 48 
7 132 
7 197 
7 239 
7 257 
7 382 
7 473 
7 476 
7 490 
8 19 
8 129 
8 138 
8 200 
8 387 
8 407 
8 488 
9 76 
9 84 
9 149 
9 218 
9 255 
9 338 
10 33 
10 127 
10 358 
10 359 
10 436 
10 461 
11 107 
11 185 
11 459 
12 361 
13 300 
13 377 
14 155 
14 185 
14 258 
14 298 
14 302 
14 336 
15 208 
15 320 
16 98 
16 170 
16 185 
16 206 
16 264 
17 96 
17 151 
18 156 
19 86 
19 185 
19 332 
19 355 
19 466 
20 298 
20 390 
21 339 
21 348 
22 114 
22 275 
23 197 
23 257 
23 273 
24 51 
24 125 
24 141 
24 193 
24 363 
24 499 
25 117 
25 132 
25 148 
25 263 
25 315 
25 345 
25 364 
25 365 
26 52 
26 280 
26 452 
27 200 
27 230 
27 341 
27 451 
28 96 
28 206 
28 247 
28 324 
28 343 
28 348 
28 368 
29 34 
29 312 
30 62 
30 315 
31 87 
31 148 
31 286 
31 410 
31 493 
32 37 
32 359 
32 459 
33 233 
33 256 
33 385 
34 93 
34 161 
34 209 
34 266 
35 175 
35 184 
35 299 
35 481 
35 496 
36 136 
36 224 
36 380 
36 464 
37 150 
38 44 
38 407 
38 430 
39 107 
39 221 
39 418 
39 432 
40 80 
40 147 
40 431 
41 62 
41 75 
41 211 
41 217 
41 448 
41 488 
42 188 
42 487 
43 181 
43 187 
43 499 
44 75 
45 254 
45 411 
46 72 
46 182 
46 240 
46 358 
46 403 
46 414 
47 228 
48 197 
48 279 
48 299 
49 238 
50 143 
50 348 
50 443 
51 157 
52 72 
52 194 
52 327 
52 421 
53 131 
53 265 
54 141 
54 390 
55 147 
55 316 
55 369 
55 420 
57 242 
57 268 
58 188 
58 435 
58 444 
59 95 
59 140 
59 315 
59 469 
60 85 
60 188 
60 214 
61 269 
61 287 
61 370 
61 383 
61 429 
61 451 
61 463 
62 89 
62 227 
62 321 
62 418 
62 458 
62 495 
63 216 
63 366 
63 393 
63 463 
64 365 
64 422 
64 488 
64 491 
65 67 
65 355 
66 166 
66 276 
66 372 
67 381 
67 388 
67 474 
67 497 
68 446 
69 182 
69 190 
69 255 
70 73 
70 152 
71 208 
71 334 
72 129 
72 136 
72 243 
72 364 
72 372 
72 384 
72 391 
72 498 
73 402 
74 425 
75 205 
75 391 
76 333 
77 81 
77 422 
77 444 
78 250 
78 346 
78 421 
79 147 
79 243 
79 334 
79 362 
79 367 
80 137 
80 144 
81 250 
81 297 
81 340 
81 380 
82 196 
82 359 
82 398 
82 479 
83 120 
83 253 
83 328 
83 399 
84 130 
84 231 
85 177 
85 291 
85 304 
86 111 
87 174 
87 269 
87 430 
87 461 
87 488 
88 128 
88 480 
89 150 
89 370 
89 378 
89 395 
90 215 
90 359 
90 474 
91 281 
91 319 
92 125 
92 140 
92 174 
92 470 
92 480 
94 106 
94 112 
94 372 
94 495 
95 173 
95 228 
96 158 
96 168 
96 231 
96 373 
97 141 
97 286 
97 288 
98 111 
98 118 
98 309 
98 362 
98 477 
99 155 
99 212 
99 407 
100 109 
101 188 
101 233 
101 480 
102 163 
102 204 
102 367 
104 348 
105 141 
105 312 
105 410 
106 115 
106 367 
107 239 
107 300 
107 395 
108 483 
109 127 
109 163 
109 308 
110 147 
110 155 
110 187 
110 272 
110 493 
111 281 
111 495 
112 254 
112 283 
112 404 
112 466 
113 351 
113 352 
113 398 
114 200 
114 209 
114 293 
114 362 
114 478 
115 155 
115 192 
115 393 
115 498 
116 309 
117 219 
117 223 
117 319 
117 335 
117 460 
118 131 
118 181 
118 238 
118 240 
118 389 
118 452 
119 182 
119 315 
119 342 
119 415 
119 429 
119 451 
120 307 
120 352 
120 371 
120 373 
121 178 
121 376 
121 499 
122 458 
122 478 
122 491 
123 173 
124 213 
124 263 
124 426 
125 365 
125 419 
126 207 
127 360 
127 432 
127 483 
128 443 
128 497 
128 499 
129 161 
129 271 
129 425 
130 223 
130 231 
130 249 
130 286 
131 144 
131 207 
131 333 
131 436 
131 456 
132 246 
132 320 
132 450 
133 184 
134 305 
134 342 
134 489 
135 235 
136 190 
136 304 
136 430 
136 462 
137 235 
137 249 
137 320 
137 468 
138 462 
139 264 
139 290 
139 492 
140 220 
140 484 
140 492 
141 160 
141 221 
141 401 
142 161 
142 361 
142 487 
143 156 
143 296 
143 475 
144 320 
144 453 
144 480 
145 473 
146 271 
147 186 
147 414 
148 238 
148 241 
148 273 
148 315 
148 414 
148 421 
150 196 
150 454 
151 360 
151 384 
151 420 
152 291 
152 310 
152 351 
152 425 
153 159 
153 388 
153 458 
153 499 
154 171 
154 352 
155 254 
155 294 
155 350 
155 458 
155 486 
156 310 
156 444 
157 219 
157 259 
157 293 
157 297 
157 336 
158 257 
158 356 
159 230 
159 312 
159 472 
160 165 
160 208 
160 259 
160 316 
160 363 
161 210 
162 252 
162 371 
163 172 
163 253 
163 493 
164 327 
164 357 
164 460 
165 320 
165 402 
166 169 
166 270 
166 304 
166 418 
166 473 
166 490 
167 393 
168 218 
168 356 
169 194 
169 411 
170 247 
170 305 
171 213 
171 219 
171 289 
172 190 
172 431 
173 278 
173 365 
173 380 
174 399 
174 495 
175 188 
175 192 
175 206 
175 239 
175 358 
175 367 
175 375 
176 316 
176 433 
177 230 
177 265 
177 367 
177 462 
178 179 
178 266 
178 376 
178 398 
179 361 
180 210 
180 349 
181 282 
181 350 
182 222 
182 305 
182 318 
182 492 
183 220 
183 263 
183 332 
183 337 
183 436 
183 495 
184 215 
184 407 
184 435 
184 483 
185 284 
185 336 
186 291 
186 427 
186 490 
186 495 
186 497 
187 273 
187 301 
187 326 
187 348 
187 484 
188 211 
188 289 
189 394 
191 225 
191 258 
192 297 
192 416 
193 225 
193 314 
193 495 
194 374 
194 473 
195 197 
196 476 
197 322 
197 369 
197 453 
198 367 
198 372 
198 391 
198 415 
199 280 
199 309 
199 458 
199 459 
200 253 
200 442 
200 478 
201 224 
201 318 
201 351 
201 355 
201 485 
202 239 
202 295 
202 302 
203 255 
203 293 
203 403 
204 371 
204 450 
205 247 
205 296 
205 317 
206 221 
206 264 
206 471 
207 227 
207 368 
207 448 
208 293 
208 475 
209 239 
209 326 
209 389 
209 412 
210 390 
211 312 
211 321 
212 446 
213 218 
213 238 
214 261 
214 273 
214 311 
214 341 
214 466 
215 347 
215 380 
215 494 
216 341 
217 455 
218 250 
218 291 
218 367 
218 384 
218 416 
218 430 
218 480 
218 494 
219 403 
219 463 
219 488 
223 371 
224 422 
224 487 
225 276 
225 345 
225 352 
225 495 
226 239 
226 429 
226 474 
227 290 
227 379 
227 429 
228 234 
228 237 
229 232 
229 276 
229 324 
229 406 
229 442 
230 257 
231 278 
231 367 
232 254 
232 334 
232 361 
232 457 
233 301 
233 338 
233 397 
233 496 
234 340 
234 485 
236 457 
237 369 
237 383 
238 289 
238 345 
238 399 
238 436 
239 259 
239 275 
240 275 
240 422 
241 328 
242 250 
242 263 
242 399 
242 496 
243 290 
243 475 
244 259 
244 279 
244 289 
244 350 
244 465 
245 340 
245 359 
245 371 
246 285 
246 332 
246 493 
247 267 
247 416 
248 460 
249 342 
250 302 
251 431 
253 296 
253 408 
253 466 
253 485 
254 384 
255 275 
255 299 
255 462 
255 474 
256 292 
256 317 
256 340 
256 431 
257 326 
257 465 
258 277 
258 381 
259 263 
259 287 
259 365 
260 304 
260 416 
261 400 
262 273 
262 290 
262 338 
262 372 
262 381 
262 450 
262 453 
263 343 
263 426 
263 466 
263 495 
264 425 
264 441 
265 283 
266 349 
266 390 
266 446 
266 451 
266 475 
267 269 
267 367 
267 370 
267 409 
268 279 
268 370 
269 296 
270 271 
270 277 
270 423 
271 359 
271 370 
271 429 
272 279 
272 283 
272 288 
272 455 
273 298 
275 287 
275 351 
276 281 
276 453 
276 479 
276 497 
277 325 
277 332 
277 420 
277 485 
278 463 
279 340 
280 319 
280 375 
281 440 
282 357 
283 286 
283 434 
283 466 
284 320 
284 329 
284 338 
285 379 
286 336 
286 427 
287 354 
287 493 
288 309 
288 432 
289 359 
290 349 
291 335 
291 473 
292 448 
293 322 
293 443 
293 487 
296 404 
296 461 
296 494 
297 325 
297 344 
297 476 
298 311 
298 414 
298 441 
299 382 
300 368 
300 406 
301 369 
303 390 
303 430 
304 443 
304 471 
304 473 
305 376 
306 336 
306 431 
307 374 
307 490 
309 333 
310 448 
311 323 
311 349 
311 497 
314 367 
316 370 
316 471 
317 395 
318 332 
320 338 
320 397 
321 389 
322 333 
322 386 
322 465 
324 497 
325 333 
325 350 
325 392 
325 442 
326 379 
326 437 
326 444 
326 483 
327 347 
327 369 
328 354 
328 378 
332 341 
332 374 
332 406 
332 453 
333 479 
334 384 
334 441 
334 455 
338 412 
339 346 
339 360 
339 418 
340 419 
342 385 
342 414 
344 346 
346 390 
346 460 
347 363 
347 423 
349 353 
350 367 
350 458 
351 407 
352 425 
354 389 
354 410 
355 415 
358 400 
358 481 
358 494 
359 399 
361 364 
363 377 
363 378 
363 412 
363 446 
363 478 
365 386 
365 438 
366 383 
369 394 
369 404 
370 377 
373 403 
374 460 
381 399 
381 421 
382 452 
382 474 
383 408 
383 411 
387 437 
387 439 
389 493 
390 391 
391 399 
392 497 
397 434 
398 452 
399 490 
400 413 
400 459 
402 470 
402 473 
405 414 
406 446 
408 430 
409 491 
411 492 
414 457 
416 439 
416 478 
417 481 
420 499 
422 435 
430 484 
431 433 
431 467 
431 497 
434 479 
437 466 
438 450 
439 459 
441 466 
441 489 
448 479 
449 464 
449 491 
450 461 
451 474 
455 479 
456 465 
456 482 
471 486 
474 496 
482 497 
484 490 
