false
false
500
1877
0 27 
0 50 
0 58 
0 140 
0 187 
0 207 
0 211 
0 220 
0 292 
0 294 
1 82 
1 195 
1 252 
1 260 
1 350 
1 429 
1 461 
2 43 
2 166 
2 200 
2 257 
2 272 
2 282 
2 363 
2 376 
2 459 
3 121 
3 277 
3 355 
3 465 
4 367 
4 427 
4 455 
5 36 
5 37 
5 139 
5 150 
5 224 
5 410 
5 422 
6 12 
6 31 
6 54 
6 319 
6 333 
6 391 
6 392 
6 427 
6 454 
6 492 
7 264 
7 314 
7 370 
8 20 
8 75 
8 86 
8 92 
8 203 
8 257 
8 340 
8 409 
8 422 
8 445 
8 498 
9 13 
9 65 
9 96 
9 169 
9 197 
9 356 
9 418 
10 19 
10 125 
10 375 
10 477 
11 18 
11 25 
11 162 
11 422 
11 440 
11 456 
12 71 
12 196 
12 246 
12 272 
12 409 
12 412 
12 418 
12 433 
12 470 
12 472 
13 139 
13 185 
13 260 
13 285 
13 293 
13 302 
13 365 
13 422 
14 15 
14 130 
14 139 
14 162 
14 208 
14 299 
14 363 
14 434 
14 472 
15 175 
15 341 
15 410 
15 473 
16 358 
16 367 
16 368 
16 398 
16 437 
16 451 
17 223 
18 31 
18 146 
18 213 
18 247 
18 272 
18 306 
18 334 
18 369 
19 26 
19 169 
19 188 
19 229 
19 257 
19 349 
19 418 
20 95 
20 373 
20 413 
20 416 
20 458 
21 266 
21 272 
21 331 
21 355 
21 481 
22 288 
22 330 
22 363 
22 371 
23 116 
23 123 
23 208 
23 296 
23 299 
23 311 
23 314 
23 322 
23 335 
23 351 
23 415 
23 466 
24 216 
24 265 
24 308 
24 456 
25 50 
25 188 
25 387 
26 124 
26 214 
26 332 
26 344 
26 404 
26 436 
26 448 
27 56 
27 59 
27 495 
28 29 
28 216 
28 252 
28 273 
28 301 
28 302 
28 330 
28 475 
29 68 
29 110 
29 171 
29 186 
29 340 
29 404 
30 92 
30 298 
30 472 
31 118 
31 159 
31 226 
31 270 
31 300 
31 354 
31 376 
31 404 
31 432 
31 450 
32 40 
32 129 
32 283 
32 369 
32 417 
32 427 
33 35 
33 197 
33 247 
33 298 
33 314 
33 385 
33 395 
33 467 
33 495 
34 43 
34 46 
34 189 
34 206 
34 229 
34 320 
34 368 
34 380 
34 387 
34 488 
34 491 
35 108 
35 120 
35 157 
35 199 
35 409 
35 473 
36 44 
36 108 
36 111 
36 128 
36 213 
36 221 
36 234 
36 254 
36 277 
36 280 
36 411 
37 56 
37 119 
37 248 
37 354 
37 428 
37 447 
37 499 
38 46 
38 172 
38 234 
38 247 
38 275 
38 327 
38 347 
38 397 
38 420 
38 431 
38 496 
38 499 
39 189 
39 275 
39 403 
39 418 
39 426 
39 439 
39 474 
39 492 
40 158 
40 228 
40 293 
40 318 
40 387 
40 394 
40 436 
40 471 
41 85 
41 89 
41 234 
41 267 
41 270 
41 328 
41 338 
41 432 
41 499 
42 87 
42 277 
42 310 
42 323 
42 364 
42 385 
42 460 
42 494 
42 497 
43 120 
43 148 
43 202 
43 237 
43 287 
43 381 
43 414 
43 475 
44 282 
44 290 
44 297 
44 431 
44 492 
44 499 
45 173 
45 248 
45 253 
45 322 
45 369 
45 405 
45 451 
46 95 
46 148 
46 178 
46 203 
46 295 
46 301 
46 319 
47 150 
47 190 
47 295 
47 304 
47 324 
48 58 
48 96 
48 135 
48 147 
48 174 
48 288 
48 306 
48 435 
48 490 
48 495 
49 142 
49 273 
49 345 
50 222 
50 247 
50 281 
50 418 
51 161 
51 226 
51 227 
51 253 
51 263 
51 378 
51 457 
52 120 
52 131 
52 413 
53 86 
53 203 
53 212 
53 360 
53 447 
53 492 
53 499 
54 147 
54 276 
54 388 
55 68 
55 79 
55 104 
55 211 
55 283 
55 338 
55 483 
56 219 
56 285 
56 356 
56 432 
57 221 
57 360 
57 367 
57 373 
57 409 
57 464 
57 468 
58 106 
58 117 
58 119 
58 159 
58 218 
58 240 
58 304 
58 353 
59 191 
59 218 
59 256 
59 268 
59 321 
59 326 
59 355 
59 372 
59 425 
59 458 
59 474 
59 499 
60 127 
60 195 
60 217 
60 306 
61 79 
61 127 
61 139 
61 217 
61 368 
62 144 
62 263 
62 276 
62 374 
62 391 
62 452 
62 472 
62 484 
63 75 
63 82 
63 160 
63 217 
63 218 
63 244 
63 300 
63 322 
63 327 
63 333 
63 351 
63 373 
63 424 
64 244 
64 300 
64 429 
65 125 
65 130 
65 276 
65 387 
66 453 
66 464 
67 100 
67 173 
67 263 
67 310 
67 362 
67 409 
67 434 
68 103 
68 113 
68 246 
68 270 
68 311 
68 349 
68 379 
68 419 
68 481 
69 181 
69 240 
69 263 
69 279 
69 311 
69 385 
69 392 
69 394 
69 405 
70 253 
70 313 
70 361 
70 383 
70 396 
71 105 
71 142 
71 172 
71 304 
71 333 
71 341 
71 377 
71 379 
71 464 
72 103 
72 168 
72 170 
72 239 
72 254 
72 269 
72 337 
72 342 
72 378 
72 481 
73 163 
73 301 
73 383 
73 396 
73 406 
73 454 
73 482 
73 495 
74 178 
74 246 
74 281 
74 352 
75 234 
75 284 
75 379 
75 430 
76 94 
76 144 
76 220 
76 222 
76 276 
76 299 
76 356 
77 137 
77 259 
77 263 
77 280 
77 288 
77 467 
78 82 
78 107 
78 144 
78 479 
79 137 
79 196 
79 252 
79 255 
79 263 
79 330 
79 371 
79 374 
79 409 
80 81 
80 130 
80 150 
80 444 
81 145 
82 88 
82 122 
82 142 
82 174 
82 220 
82 222 
82 490 
83 138 
83 355 
83 400 
83 421 
83 431 
83 491 
84 117 
84 210 
84 317 
84 321 
84 346 
84 378 
84 392 
84 393 
84 495 
85 110 
85 177 
85 352 
85 358 
85 414 
85 480 
85 485 
86 199 
86 243 
86 258 
86 322 
86 378 
86 460 
86 483 
86 492 
87 138 
87 184 
87 190 
87 193 
87 422 
88 126 
88 252 
88 270 
88 280 
88 321 
88 340 
88 343 
88 371 
88 375 
88 392 
89 119 
89 183 
89 209 
89 292 
89 298 
89 340 
89 398 
90 105 
90 208 
90 235 
90 280 
90 459 
91 126 
91 130 
91 245 
91 306 
91 492 
92 136 
92 146 
92 185 
92 229 
92 296 
92 354 
92 443 
93 124 
93 173 
93 226 
93 440 
93 480 
94 182 
94 192 
94 368 
94 403 
94 449 
94 482 
94 498 
95 245 
95 247 
95 252 
95 299 
95 372 
96 135 
96 243 
96 270 
96 274 
96 281 
96 305 
96 344 
97 178 
97 203 
97 229 
97 314 
97 426 
98 140 
98 153 
98 257 
98 275 
98 337 
98 349 
98 451 
99 220 
99 270 
99 289 
99 359 
99 379 
100 242 
100 300 
100 331 
100 426 
100 463 
101 145 
101 179 
101 187 
101 189 
101 245 
101 320 
101 382 
101 386 
101 456 
101 499 
102 135 
102 225 
102 307 
102 346 
102 420 
103 175 
103 183 
103 213 
103 269 
103 326 
103 342 
103 345 
103 369 
103 493 
104 122 
104 125 
104 363 
104 396 
104 415 
104 424 
104 477 
105 160 
105 264 
105 299 
105 475 
105 499 
106 113 
106 155 
106 161 
106 176 
106 198 
106 243 
106 285 
106 417 
107 137 
107 201 
107 212 
108 160 
108 254 
108 274 
108 287 
108 326 
108 356 
108 363 
108 476 
109 142 
109 215 
109 248 
109 354 
110 148 
110 164 
110 255 
110 355 
110 386 
110 394 
110 472 
110 477 
111 150 
111 157 
111 221 
111 253 
111 322 
111 352 
111 425 
111 434 
111 485 
112 145 
112 156 
112 199 
112 287 
112 364 
112 385 
112 457 
112 470 
113 117 
113 119 
113 175 
113 459 
114 195 
114 238 
114 279 
114 342 
115 317 
115 379 
115 419 
115 421 
115 425 
115 430 
115 446 
115 484 
116 123 
116 129 
116 142 
116 241 
116 283 
116 420 
116 434 
116 467 
116 486 
117 142 
117 171 
117 188 
117 227 
117 247 
117 302 
117 370 
117 444 
117 446 
117 477 
118 303 
118 431 
119 186 
119 286 
119 332 
119 375 
119 396 
119 415 
119 420 
119 436 
119 477 
120 231 
120 315 
120 365 
120 373 
120 475 
121 129 
121 199 
121 229 
121 307 
121 319 
121 423 
121 472 
121 493 
122 130 
122 252 
122 476 
122 493 
123 155 
123 192 
123 202 
123 278 
123 368 
123 490 
124 260 
124 266 
124 309 
124 404 
124 424 
124 449 
125 152 
125 166 
125 257 
125 307 
125 321 
125 391 
125 474 
126 174 
126 218 
126 391 
126 413 
126 496 
127 180 
127 268 
127 440 
128 169 
128 216 
128 244 
128 268 
128 399 
128 402 
128 497 
129 410 
129 430 
129 496 
130 142 
130 256 
130 274 
130 287 
130 298 
130 348 
130 384 
130 427 
130 435 
131 216 
131 225 
131 244 
131 260 
131 327 
131 431 
131 485 
131 488 
132 150 
132 205 
132 220 
132 294 
132 398 
132 407 
133 189 
133 225 
133 280 
133 422 
133 431 
134 164 
134 279 
134 298 
134 385 
134 406 
135 186 
135 347 
135 350 
135 382 
135 441 
135 480 
136 140 
136 210 
136 256 
136 288 
136 367 
137 321 
137 331 
137 346 
137 402 
137 459 
138 259 
138 299 
138 300 
138 422 
138 476 
138 484 
139 246 
139 315 
139 337 
139 341 
139 368 
139 390 
140 178 
140 279 
140 398 
140 412 
141 171 
141 291 
141 324 
141 413 
142 194 
142 343 
142 477 
143 212 
143 272 
143 297 
143 337 
143 340 
143 452 
144 155 
144 205 
144 288 
144 337 
144 391 
144 449 
144 451 
144 460 
145 170 
145 186 
145 252 
145 263 
145 359 
145 368 
145 430 
145 441 
145 485 
146 176 
146 187 
146 280 
147 280 
147 295 
148 200 
148 263 
148 308 
148 433 
148 440 
149 151 
149 197 
149 335 
149 418 
149 496 
150 155 
150 246 
150 477 
150 493 
151 171 
151 186 
151 207 
151 252 
151 259 
151 350 
152 168 
152 206 
152 326 
153 154 
153 220 
153 306 
153 314 
153 368 
153 374 
153 420 
153 452 
154 302 
154 318 
154 412 
155 189 
155 219 
155 229 
155 321 
156 167 
156 479 
156 487 
157 226 
157 302 
157 383 
157 392 
157 442 
158 160 
158 352 
159 236 
159 242 
159 259 
159 335 
159 395 
159 410 
159 432 
159 477 
160 277 
160 309 
160 390 
160 437 
161 167 
161 249 
161 255 
161 317 
161 390 
162 190 
162 240 
162 297 
162 466 
162 477 
162 479 
163 171 
163 209 
163 315 
163 354 
163 384 
164 208 
164 230 
164 243 
164 382 
164 422 
164 463 
165 211 
165 216 
165 223 
165 317 
165 345 
165 360 
165 384 
165 399 
165 412 
166 378 
166 395 
167 181 
167 204 
167 270 
167 340 
168 265 
168 282 
168 352 
168 390 
168 393 
169 175 
169 180 
169 308 
169 353 
169 415 
169 470 
170 285 
170 327 
170 397 
170 431 
171 217 
171 220 
171 229 
171 261 
171 315 
171 316 
171 342 
171 354 
171 365 
171 394 
171 454 
171 472 
172 257 
172 275 
172 453 
173 190 
173 217 
173 305 
173 356 
173 369 
173 447 
174 178 
174 255 
174 300 
174 354 
174 471 
175 180 
175 269 
175 355 
175 479 
176 265 
176 415 
176 453 
176 480 
177 335 
177 357 
177 487 
178 263 
178 346 
178 353 
178 476 
179 184 
179 274 
179 324 
179 370 
179 386 
179 453 
179 475 
180 224 
180 381 
181 349 
182 256 
182 333 
182 345 
182 454 
182 482 
182 486 
183 323 
183 362 
183 478 
183 491 
184 232 
184 270 
184 300 
185 251 
185 425 
185 432 
186 235 
186 256 
186 261 
186 291 
186 310 
186 315 
186 377 
186 378 
186 418 
186 442 
186 471 
187 199 
187 226 
187 237 
187 255 
187 266 
187 442 
188 195 
188 220 
188 233 
188 258 
188 301 
188 491 
189 351 
190 204 
190 250 
190 464 
191 282 
191 291 
191 346 
191 369 
191 391 
191 443 
191 486 
192 254 
192 289 
192 299 
192 347 
192 423 
192 465 
192 470 
193 195 
193 326 
193 363 
193 403 
193 436 
194 268 
194 286 
194 397 
194 416 
194 499 
195 280 
195 307 
196 404 
196 455 
196 498 
197 198 
197 202 
197 228 
197 256 
197 258 
197 309 
197 339 
198 350 
198 373 
198 447 
198 448 
198 465 
199 271 
199 282 
199 370 
199 381 
199 389 
199 441 
200 256 
200 293 
200 300 
201 233 
201 244 
201 251 
201 272 
201 365 
201 399 
201 459 
201 461 
201 494 
202 225 
202 249 
202 379 
202 389 
202 430 
202 439 
202 446 
202 471 
203 225 
203 235 
203 285 
203 357 
204 225 
204 351 
204 353 
204 365 
204 384 
204 419 
204 473 
205 460 
205 477 
205 493 
206 319 
206 341 
206 350 
206 355 
206 372 
206 433 
206 481 
206 498 
207 212 
207 325 
207 358 
207 439 
208 287 
208 433 
208 483 
209 372 
210 239 
210 323 
210 358 
210 368 
210 375 
211 263 
211 351 
211 377 
211 448 
211 486 
212 356 
212 389 
212 408 
213 261 
213 271 
213 433 
213 444 
213 462 
214 251 
214 302 
214 333 
214 374 
214 398 
215 371 
215 376 
215 457 
215 485 
216 353 
216 434 
216 439 
216 440 
217 266 
217 269 
217 277 
217 319 
217 388 
217 449 
218 397 
218 446 
219 229 
219 426 
219 434 
220 437 
220 486 
221 275 
221 280 
221 290 
221 384 
221 410 
221 449 
221 481 
222 370 
222 383 
223 273 
223 299 
223 430 
224 231 
224 246 
224 314 
224 325 
224 405 
224 477 
225 279 
225 289 
225 291 
225 334 
225 384 
226 297 
226 300 
226 366 
226 367 
226 454 
227 356 
227 370 
227 376 
228 295 
228 424 
229 284 
229 403 
230 268 
231 237 
231 251 
231 299 
232 266 
232 277 
232 291 
232 336 
232 355 
232 397 
232 434 
232 443 
233 331 
233 339 
233 377 
233 396 
233 467 
233 482 
234 239 
234 296 
234 302 
234 391 
234 461 
235 292 
235 318 
235 411 
235 491 
236 408 
236 413 
236 455 
237 242 
237 292 
237 307 
237 351 
238 275 
238 311 
238 321 
238 468 
238 491 
239 283 
239 318 
239 326 
239 364 
239 412 
239 448 
240 266 
240 288 
240 310 
240 456 
240 475 
241 285 
241 307 
241 352 
241 496 
242 338 
242 398 
242 466 
243 281 
243 333 
243 358 
243 391 
243 453 
244 321 
244 370 
244 445 
244 452 
244 466 
245 259 
245 495 
246 253 
246 307 
246 310 
246 401 
246 406 
246 439 
247 324 
247 363 
247 384 
247 406 
247 407 
248 384 
248 447 
248 479 
249 327 
249 392 
249 420 
249 426 
249 481 
250 268 
250 343 
250 410 
251 262 
251 263 
251 370 
251 446 
251 467 
251 480 
251 484 
252 319 
252 485 
252 492 
254 290 
254 376 
254 404 
254 413 
254 470 
255 356 
255 377 
255 462 
256 257 
256 303 
256 352 
256 414 
256 455 
256 483 
257 261 
257 352 
258 261 
258 282 
258 353 
258 410 
258 462 
259 284 
259 428 
260 287 
260 338 
260 396 
260 417 
261 439 
261 447 
262 351 
262 362 
262 424 
263 332 
263 439 
263 477 
264 276 
264 285 
264 416 
265 442 
265 471 
266 267 
266 273 
267 436 
267 458 
267 467 
268 283 
268 294 
268 329 
269 288 
269 289 
269 365 
269 485 
270 275 
270 311 
270 398 
270 488 
271 380 
271 385 
271 401 
271 484 
271 487 
271 492 
272 296 
272 353 
272 379 
272 405 
272 435 
274 288 
275 276 
275 329 
275 363 
275 379 
275 387 
275 393 
276 374 
276 445 
277 364 
277 449 
278 294 
278 351 
278 378 
278 389 
278 493 
279 281 
279 441 
280 406 
281 317 
281 359 
281 402 
281 497 
282 374 
282 383 
282 422 
282 441 
283 364 
283 406 
283 483 
284 477 
285 297 
285 319 
285 345 
286 297 
286 397 
286 474 
287 301 
287 321 
287 363 
287 389 
287 405 
287 418 
287 445 
287 459 
288 292 
288 296 
288 304 
288 333 
288 358 
289 308 
289 341 
289 355 
289 425 
290 358 
290 363 
290 378 
290 399 
290 473 
291 309 
291 321 
291 368 
291 402 
291 440 
292 433 
293 391 
293 406 
294 321 
294 341 
294 425 
295 328 
295 366 
295 397 
296 458 
297 330 
297 365 
297 442 
298 475 
299 314 
299 329 
300 404 
300 452 
300 467 
300 495 
301 310 
301 397 
301 468 
302 328 
302 330 
303 307 
303 454 
304 325 
304 385 
304 414 
304 483 
304 486 
304 496 
305 342 
305 385 
306 379 
306 387 
306 445 
307 420 
308 313 
308 342 
308 350 
308 453 
308 476 
309 447 
310 344 
310 350 
310 383 
310 413 
310 432 
311 341 
311 382 
312 320 
312 321 
313 378 
313 414 
313 428 
313 452 
314 327 
314 361 
314 380 
314 459 
314 470 
314 494 
315 459 
315 466 
315 478 
316 329 
317 342 
317 374 
317 468 
318 374 
318 462 
318 474 
319 455 
320 370 
320 421 
321 401 
321 414 
322 461 
323 326 
323 374 
323 497 
323 499 
324 326 
324 380 
326 354 
326 465 
327 350 
327 355 
327 452 
330 344 
330 455 
330 493 
331 382 
331 387 
332 344 
332 354 
332 427 
332 487 
332 497 
333 429 
333 434 
333 497 
334 392 
334 497 
335 377 
335 452 
336 387 
336 406 
336 453 
336 460 
338 464 
339 348 
339 422 
340 381 
340 394 
340 417 
340 459 
340 492 
341 363 
341 378 
341 404 
341 438 
341 470 
342 355 
342 445 
342 480 
342 497 
343 374 
343 384 
343 422 
343 427 
343 455 
344 382 
344 384 
345 353 
345 388 
345 391 
345 424 
346 482 
347 384 
347 407 
347 431 
349 393 
349 435 
350 397 
350 434 
350 458 
351 361 
351 412 
351 423 
351 469 
351 484 
352 372 
352 472 
353 358 
353 364 
353 389 
353 416 
354 436 
354 459 
354 490 
355 412 
355 432 
355 469 
356 471 
357 410 
358 398 
358 423 
358 497 
359 417 
360 397 
360 451 
360 455 
361 464 
361 468 
362 399 
363 493 
364 370 
364 434 
364 470 
364 492 
366 417 
366 498 
367 387 
367 390 
367 404 
367 499 
368 463 
369 402 
370 379 
370 412 
371 375 
372 396 
372 402 
372 445 
372 461 
373 418 
373 491 
374 499 
375 399 
375 410 
375 430 
375 498 
376 445 
376 466 
377 412 
377 444 
377 496 
379 409 
379 414 
380 450 
381 438 
384 429 
384 467 
384 468 
385 396 
385 446 
385 461 
385 486 
387 391 
387 436 
387 474 
388 437 
389 450 
389 463 
390 407 
391 444 
391 454 
391 473 
392 395 
392 434 
393 444 
393 466 
395 403 
395 420 
395 439 
396 408 
397 427 
397 485 
398 457 
398 465 
398 484 
400 421 
400 442 
400 489 
401 466 
401 479 
401 496 
403 462 
404 444 
405 485 
406 416 
406 444 
406 484 
409 499 
410 420 
411 487 
411 495 
412 416 
412 459 
413 492 
413 495 
414 487 
414 498 
415 467 
415 495 
416 431 
417 440 
419 450 
420 443 
420 461 
421 431 
422 425 
422 455 
422 481 
425 431 
428 456 
428 458 
428 480 
429 456 
429 481 
429 491 
430 491 
430 492 
431 482 
433 464 
433 480 
434 457 
436 463 
437 462 
437 489 
440 458 
440 475 
442 463 
442 480 
443 468 
443 474 
443 488 
445 464 
446 487 
451 487 
452 494 
454 495 
457 478 
460 467 
461 474 
462 472 
464 483 
465 482 
470 471 
472 480 
474 478 
