false
false
100
515
0 15 
0 16 
0 25 
0 40 
0 53 
0 57 
0 72 
0 73 
0 80 
0 86 
0 87 
0 96 
1 16 
1 68 
1 84 
1 85 
2 16 
2 17 
2 24 
2 43 
2 47 
2 49 
2 61 
2 86 
2 98 
2 99 
3 10 
3 36 
3 45 
3 47 
3 73 
3 86 
3 90 
3 93 
4 36 
4 39 
4 44 
4 51 
4 59 
4 61 
4 63 
4 78 
5 7 
5 8 
5 20 
5 30 
5 33 
5 61 
5 63 
5 65 
5 68 
5 70 
5 87 
6 8 
6 10 
6 15 
6 25 
6 40 
6 41 
6 47 
6 61 
6 65 
6 71 
6 78 
6 85 
6 98 
7 14 
7 18 
7 37 
7 45 
7 60 
7 67 
7 69 
7 89 
7 94 
8 11 
8 35 
8 45 
8 46 
8 49 
8 56 
8 61 
8 98 
9 22 
9 29 
9 38 
9 43 
9 68 
9 70 
9 71 
9 99 
10 20 
10 28 
10 39 
10 40 
10 41 
10 52 
10 61 
10 91 
10 96 
11 33 
11 49 
11 54 
11 74 
11 84 
11 86 
12 14 
12 18 
12 45 
12 47 
12 51 
12 52 
12 53 
12 58 
12 75 
12 76 
12 77 
12 82 
13 21 
13 24 
13 36 
13 42 
13 48 
13 97 
14 16 
14 33 
14 42 
14 63 
14 82 
14 87 
14 99 
15 20 
15 27 
15 31 
15 32 
15 50 
15 58 
15 68 
15 74 
15 94 
16 29 
16 32 
16 37 
16 40 
16 49 
16 66 
16 69 
16 83 
16 93 
16 97 
17 28 
17 29 
17 33 
17 42 
17 57 
17 69 
17 77 
17 84 
17 96 
17 97 
18 20 
18 31 
18 34 
18 60 
18 76 
18 99 
19 26 
19 31 
19 55 
19 62 
19 86 
19 98 
20 37 
20 39 
20 40 
20 56 
20 59 
20 60 
20 65 
20 77 
20 78 
20 81 
20 98 
21 36 
21 38 
21 42 
21 50 
21 57 
21 59 
22 26 
22 40 
22 41 
22 54 
22 57 
22 76 
22 78 
22 85 
22 89 
22 90 
23 32 
23 61 
23 66 
23 69 
23 87 
24 66 
24 75 
24 76 
24 96 
25 38 
25 39 
25 40 
25 42 
25 48 
25 56 
25 73 
25 75 
25 84 
25 93 
25 98 
26 40 
26 44 
26 64 
26 79 
26 90 
27 28 
27 39 
27 42 
27 43 
27 50 
27 51 
27 83 
27 84 
28 32 
28 38 
28 42 
28 51 
28 52 
28 56 
28 64 
29 34 
29 43 
29 47 
29 54 
29 62 
29 78 
29 81 
29 87 
29 90 
30 48 
30 56 
30 58 
30 60 
30 64 
30 71 
30 72 
30 87 
30 93 
31 35 
31 39 
31 40 
31 50 
31 52 
31 62 
31 72 
31 84 
31 90 
31 94 
32 36 
32 45 
32 49 
32 64 
32 66 
32 67 
32 77 
32 79 
32 82 
32 94 
32 95 
32 97 
33 34 
33 52 
33 54 
33 56 
33 62 
33 63 
33 69 
33 70 
33 84 
33 88 
34 35 
34 42 
34 47 
34 53 
34 54 
34 55 
34 59 
34 70 
34 74 
34 82 
35 36 
35 46 
35 56 
35 61 
35 71 
35 74 
35 84 
35 93 
35 94 
36 49 
36 62 
36 63 
36 64 
36 65 
36 85 
36 89 
36 93 
37 46 
37 61 
37 74 
37 80 
37 87 
37 88 
37 91 
37 96 
37 98 
38 51 
38 64 
38 65 
38 71 
38 75 
38 81 
38 90 
39 40 
39 42 
39 61 
39 63 
39 78 
39 96 
40 49 
40 57 
40 67 
40 78 
40 81 
40 95 
41 58 
41 59 
41 63 
41 80 
41 82 
41 83 
41 84 
41 87 
41 88 
41 92 
41 93 
41 94 
41 99 
42 45 
42 49 
42 56 
42 61 
42 63 
42 64 
42 80 
42 81 
43 46 
43 66 
43 71 
43 73 
43 75 
43 78 
43 81 
44 51 
44 52 
44 60 
44 70 
44 72 
44 85 
44 97 
45 62 
45 67 
45 76 
45 80 
45 84 
45 90 
45 91 
45 92 
46 47 
46 55 
46 57 
46 68 
46 76 
46 80 
46 83 
46 85 
46 87 
46 96 
47 77 
47 85 
48 80 
48 90 
49 57 
49 59 
49 90 
50 59 
50 73 
50 99 
51 58 
51 63 
51 77 
51 79 
51 81 
52 63 
52 87 
53 69 
53 82 
53 93 
54 72 
54 73 
54 76 
54 83 
54 91 
54 94 
55 56 
55 97 
56 76 
57 87 
58 63 
58 70 
58 77 
58 79 
58 99 
59 66 
59 69 
59 80 
59 81 
59 82 
59 83 
59 87 
59 88 
59 92 
60 63 
60 64 
60 87 
60 97 
61 63 
61 76 
61 80 
61 86 
61 93 
62 73 
62 80 
62 85 
63 71 
63 90 
64 72 
64 74 
64 80 
64 81 
64 96 
65 72 
65 78 
66 79 
66 84 
66 85 
67 70 
67 87 
67 90 
67 91 
67 97 
68 79 
68 99 
69 70 
69 72 
69 75 
69 85 
69 86 
70 91 
70 92 
71 74 
71 75 
71 78 
71 83 
71 97 
71 98 
71 99 
72 99 
73 80 
73 89 
73 96 
74 80 
74 82 
74 96 
74 97 
75 92 
76 94 
79 81 
79 91 
79 92 
80 92 
80 96 
81 82 
81 84 
81 88 
83 90 
84 93 
84 98 
85 98 
86 91 
86 95 
88 99 
89 96 
89 97 
89 99 
95 99 
