false
false
300
0 1 2 3 4 5 6 7 8 9 10 11 12 13 14 15 16 17 18 19 20 21 22 23 24 25 26 27 28 29 30 31 32 33 34 35 36 37 38 39 40 41 42 43 44 45 46 47 48 49 50 51 52 53 54 55 56 57 58 59 60 61 62 63 64 65 66 67 68 69 70 71 72 73 74 75 76 77 78 79 80 81 82 83 84 85 86 87 88 89 90 91 92 93 94 95 96 97 98 99 100 101 102 103 104 105 106 107 108 109 110 111 112 113 114 115 116 117 118 119 120 121 122 123 124 125 126 127 128 129 130 131 132 133 134 135 136 137 138 139 140 141 142 143 144 145 146 147 148 149 150 151 152 153 154 155 156 157 158 159 160 161 162 163 164 165 166 167 168 169 170 171 172 173 174 175 176 177 178 179 180 181 182 183 184 185 186 187 188 189 190 191 192 193 194 195 196 197 198 199 200 201 202 203 204 205 206 207 208 209 210 211 212 213 214 215 216 217 218 219 220 221 222 223 224 225 226 227 228 229 230 231 232 233 234 235 236 237 238 239 240 241 242 243 244 245 246 247 248 249 250 251 252 253 254 255 256 257 258 259 260 261 262 263 264 265 266 267 268 269 270 271 272 273 274 275 276 277 278 279 280 281 282 283 284 285 286 287 288 289 290 291 292 293 294 295 296 297 298 299 
567
0 71 
0 83 
0 96 
0 155 
0 187 
1 111 
1 188 
1 261 
1 279 
2 45 
2 270 
3 63 
3 79 
3 96 
3 188 
4 47 
4 63 
4 69 
4 177 
4 199 
4 212 
4 260 
4 284 
4 285 
5 18 
5 231 
6 36 
6 89 
6 174 
6 230 
6 297 
7 13 
7 88 
7 93 
7 133 
7 173 
7 246 
8 29 
9 229 
9 272 
10 22 
10 91 
10 166 
10 195 
11 30 
11 99 
11 175 
11 192 
11 208 
11 283 
11 290 
12 35 
12 54 
12 120 
12 235 
12 239 
13 87 
13 160 
13 180 
13 197 
13 263 
13 293 
14 86 
14 262 
14 296 
14 298 
15 37 
15 113 
16 139 
16 206 
16 265 
17 117 
17 256 
17 257 
17 265 
18 68 
18 156 
18 221 
19 34 
20 31 
20 40 
20 79 
20 100 
20 112 
20 156 
20 228 
20 284 
21 49 
21 50 
21 150 
21 151 
21 221 
22 25 
22 112 
22 163 
22 167 
23 74 
23 142 
23 176 
23 183 
23 198 
23 209 
24 86 
24 239 
25 78 
25 171 
25 173 
26 107 
26 226 
26 298 
27 121 
28 154 
28 283 
28 292 
29 50 
29 128 
29 155 
29 288 
30 54 
30 171 
30 293 
31 66 
31 234 
31 267 
33 38 
33 86 
33 239 
34 42 
34 75 
34 206 
34 235 
34 276 
34 294 
34 299 
35 64 
35 80 
35 215 
36 146 
37 169 
37 277 
37 296 
38 171 
38 242 
39 133 
39 175 
39 216 
39 290 
40 69 
40 188 
40 211 
40 218 
42 126 
42 145 
42 188 
42 219 
43 73 
43 85 
44 85 
44 92 
44 274 
45 79 
45 90 
45 98 
45 132 
46 178 
46 181 
46 188 
46 213 
46 250 
47 87 
47 102 
47 177 
47 230 
48 239 
49 82 
49 150 
49 217 
49 232 
49 281 
50 93 
50 136 
50 156 
50 205 
50 231 
51 92 
51 126 
51 202 
51 248 
52 57 
52 79 
52 94 
52 173 
52 184 
53 130 
53 235 
53 278 
55 91 
55 174 
55 209 
56 121 
56 125 
56 129 
57 125 
57 148 
58 65 
58 156 
58 157 
58 186 
58 230 
58 231 
58 249 
58 282 
59 163 
59 204 
60 173 
60 218 
60 231 
60 237 
60 290 
61 130 
61 138 
61 215 
61 241 
61 247 
61 254 
63 67 
63 247 
64 69 
64 284 
65 139 
65 221 
65 296 
66 241 
67 82 
67 137 
68 82 
68 227 
69 90 
69 93 
69 191 
70 144 
70 285 
71 134 
71 191 
71 231 
71 296 
72 76 
72 154 
72 250 
73 173 
73 272 
74 191 
74 208 
75 160 
75 169 
75 191 
75 254 
76 132 
76 170 
76 277 
76 291 
78 98 
78 257 
79 169 
79 195 
80 259 
82 120 
82 182 
82 195 
82 197 
84 131 
84 142 
85 133 
85 163 
86 125 
86 185 
87 192 
87 230 
89 199 
89 224 
89 237 
90 193 
90 280 
91 271 
92 141 
92 254 
92 257 
93 110 
93 128 
93 234 
93 246 
93 295 
94 193 
94 199 
94 268 
95 154 
95 184 
95 273 
96 263 
97 211 
98 135 
98 146 
98 164 
98 202 
99 259 
100 154 
101 152 
102 164 
102 263 
102 277 
103 274 
103 283 
103 287 
104 152 
105 121 
105 146 
105 189 
105 225 
106 113 
106 119 
106 150 
106 250 
107 165 
107 219 
107 225 
107 290 
108 131 
108 177 
108 184 
108 279 
108 281 
109 124 
109 129 
109 199 
109 206 
110 171 
110 216 
111 123 
111 270 
112 133 
112 153 
112 219 
112 234 
112 245 
113 182 
113 220 
113 223 
114 174 
114 270 
115 198 
115 264 
116 203 
116 272 
116 273 
116 287 
117 122 
117 270 
118 146 
118 178 
118 207 
118 233 
118 272 
118 281 
119 142 
119 263 
120 218 
120 232 
121 130 
121 176 
121 183 
121 188 
121 272 
121 298 
122 167 
122 265 
123 139 
123 160 
123 267 
123 274 
123 296 
124 200 
124 222 
124 296 
126 149 
126 212 
127 188 
128 149 
128 192 
128 201 
128 257 
128 261 
128 266 
129 228 
129 231 
130 272 
131 194 
131 210 
131 240 
131 281 
132 186 
132 210 
132 217 
133 276 
134 163 
134 203 
134 226 
134 240 
134 283 
135 294 
136 152 
137 251 
138 215 
138 234 
138 274 
139 149 
139 178 
139 281 
140 179 
142 157 
142 194 
142 241 
143 178 
144 189 
144 239 
144 250 
144 290 
145 242 
146 200 
146 243 
147 156 
147 201 
147 235 
148 177 
148 264 
149 293 
150 158 
150 291 
151 205 
151 212 
152 160 
152 296 
153 286 
154 230 
154 283 
155 262 
156 232 
157 198 
157 278 
158 203 
161 180 
161 242 
163 187 
163 195 
163 232 
164 229 
165 169 
165 287 
166 219 
166 229 
166 273 
166 287 
167 177 
169 185 
169 190 
169 214 
169 262 
170 206 
171 227 
172 243 
174 276 
174 278 
174 299 
175 185 
176 190 
176 267 
176 282 
178 193 
178 215 
178 257 
179 196 
179 278 
180 226 
183 216 
183 231 
183 233 
183 265 
184 278 
185 297 
187 190 
187 204 
187 237 
188 193 
189 246 
189 299 
190 225 
191 220 
191 279 
191 284 
192 292 
194 230 
195 209 
196 219 
197 212 
197 277 
197 278 
198 234 
199 241 
199 274 
200 208 
201 247 
201 284 
209 220 
209 237 
209 253 
211 233 
211 234 
211 252 
211 262 
212 248 
213 229 
217 225 
218 280 
219 240 
219 253 
220 265 
221 227 
222 246 
222 281 
224 234 
225 277 
227 252 
227 270 
228 252 
229 253 
229 258 
229 296 
230 237 
230 286 
233 245 
233 247 
235 286 
235 297 
237 263 
240 280 
241 297 
244 253 
245 256 
245 262 
245 281 
245 299 
249 251 
249 284 
251 264 
252 299 
254 270 
260 274 
262 281 
265 270 
266 268 
267 271 
269 293 
276 287 
281 283 
284 295 
287 298 
289 290 
291 299 
