false
false
400
1997
0 30 
0 71 
0 137 
0 162 
0 208 
0 240 
0 265 
0 383 
0 390 
1 34 
1 67 
1 111 
1 178 
1 227 
1 249 
1 264 
1 306 
1 353 
1 399 
2 44 
2 73 
2 94 
2 224 
2 230 
2 248 
2 261 
2 279 
2 290 
2 304 
2 331 
2 344 
2 357 
3 70 
3 93 
3 119 
3 178 
3 213 
3 250 
3 289 
3 292 
3 305 
3 322 
3 324 
3 350 
3 398 
4 9 
4 45 
4 94 
4 160 
4 167 
4 255 
4 283 
4 327 
4 372 
5 19 
5 30 
5 36 
5 116 
5 199 
5 224 
5 281 
5 283 
5 357 
5 365 
6 25 
6 69 
6 79 
6 92 
6 114 
6 195 
6 231 
6 258 
6 281 
6 330 
6 338 
6 380 
6 389 
6 393 
7 42 
7 162 
7 183 
7 337 
7 364 
8 16 
8 107 
8 139 
8 159 
8 169 
8 181 
8 199 
8 231 
8 322 
8 341 
8 348 
8 370 
9 13 
9 54 
9 58 
9 76 
9 98 
9 103 
9 130 
9 146 
9 147 
9 177 
9 190 
9 276 
9 326 
9 351 
9 366 
9 392 
10 137 
10 139 
10 146 
10 253 
10 310 
10 312 
10 345 
11 172 
11 182 
11 222 
11 298 
11 302 
12 58 
12 74 
12 77 
12 88 
12 212 
12 274 
12 359 
13 33 
13 38 
13 82 
13 89 
13 150 
13 208 
13 210 
13 211 
13 261 
13 303 
14 67 
14 119 
14 214 
14 288 
14 306 
14 335 
14 369 
14 398 
15 28 
15 118 
15 119 
15 137 
15 234 
15 242 
15 258 
15 271 
15 273 
15 337 
15 351 
15 356 
16 50 
16 65 
16 88 
16 103 
16 106 
16 173 
16 183 
16 214 
16 235 
16 268 
16 293 
16 313 
16 343 
16 356 
16 380 
17 181 
17 185 
17 223 
17 275 
17 330 
17 378 
17 380 
18 27 
18 89 
18 102 
18 106 
18 107 
18 174 
18 244 
18 271 
18 335 
18 361 
18 373 
18 393 
19 20 
19 67 
19 110 
19 137 
19 152 
19 187 
19 199 
19 218 
19 223 
19 257 
19 292 
19 373 
20 34 
20 89 
20 143 
20 263 
20 316 
20 364 
21 63 
21 83 
21 148 
21 186 
21 189 
21 208 
21 244 
21 258 
21 333 
21 348 
22 28 
22 56 
22 60 
22 105 
22 106 
22 227 
22 230 
22 259 
22 274 
22 276 
22 293 
22 294 
22 319 
22 323 
22 359 
23 30 
23 44 
23 61 
23 120 
23 150 
23 202 
23 227 
23 229 
23 305 
24 52 
24 89 
24 112 
24 219 
24 257 
24 258 
24 279 
24 337 
24 349 
24 397 
25 26 
25 32 
25 43 
25 149 
25 153 
25 204 
25 209 
25 250 
25 251 
25 294 
25 343 
25 398 
26 90 
26 234 
26 247 
26 277 
26 282 
26 323 
26 348 
26 349 
26 396 
27 48 
27 92 
27 134 
27 150 
27 155 
27 162 
27 214 
27 353 
28 48 
28 194 
28 234 
28 320 
28 328 
28 330 
28 363 
28 366 
28 395 
29 34 
29 90 
29 102 
29 145 
29 163 
29 169 
29 176 
29 188 
29 221 
29 252 
29 290 
29 331 
29 336 
29 358 
29 391 
30 61 
30 66 
30 199 
30 224 
30 285 
30 301 
30 311 
30 362 
30 395 
31 45 
31 84 
31 117 
31 189 
31 321 
31 356 
31 373 
32 143 
32 189 
32 254 
32 282 
32 287 
32 317 
33 74 
33 81 
33 106 
33 154 
33 174 
33 381 
34 40 
34 42 
34 77 
34 113 
34 153 
34 195 
34 203 
34 237 
34 263 
34 300 
34 363 
35 36 
35 39 
35 45 
35 120 
35 157 
35 196 
35 220 
35 221 
35 274 
35 275 
35 284 
35 342 
35 391 
36 81 
36 83 
36 100 
36 101 
36 141 
36 174 
36 193 
36 207 
36 227 
36 270 
36 326 
36 338 
37 53 
37 203 
37 371 
38 125 
38 178 
38 237 
38 244 
38 281 
38 382 
39 111 
39 149 
39 178 
39 210 
39 217 
39 250 
39 308 
39 360 
39 365 
39 376 
40 80 
40 112 
40 128 
40 201 
40 210 
40 256 
40 309 
40 341 
40 346 
40 348 
40 369 
40 370 
41 83 
41 99 
41 159 
41 174 
41 198 
41 260 
41 307 
41 341 
42 68 
42 85 
42 110 
42 112 
42 179 
42 225 
42 270 
42 297 
42 337 
42 344 
42 345 
42 369 
43 48 
43 99 
43 125 
43 145 
43 165 
43 220 
43 291 
44 47 
44 55 
44 58 
44 155 
44 217 
44 248 
44 276 
44 282 
44 296 
44 298 
44 327 
44 347 
45 53 
45 88 
45 94 
45 124 
45 134 
45 157 
45 159 
45 174 
45 189 
45 282 
45 302 
45 306 
45 340 
45 349 
46 76 
46 111 
46 144 
46 279 
46 305 
47 79 
47 259 
47 388 
47 395 
48 76 
48 78 
48 129 
48 207 
48 218 
48 228 
48 328 
48 348 
49 87 
49 172 
49 221 
49 255 
49 285 
49 313 
49 342 
50 85 
50 87 
50 104 
50 121 
50 160 
50 168 
50 206 
50 239 
50 278 
50 308 
50 334 
50 353 
51 172 
51 174 
51 207 
51 215 
51 239 
51 256 
51 291 
51 325 
51 327 
51 328 
51 340 
51 386 
52 53 
52 117 
52 129 
52 144 
52 152 
52 166 
52 193 
52 247 
52 287 
52 327 
52 360 
53 64 
53 78 
53 110 
53 142 
53 168 
53 180 
53 259 
53 334 
53 389 
53 393 
54 157 
54 158 
54 162 
54 199 
54 222 
54 256 
54 257 
54 322 
54 379 
54 385 
54 394 
55 94 
55 200 
55 245 
55 254 
55 277 
55 305 
56 110 
56 116 
56 160 
56 217 
56 377 
56 398 
57 151 
57 203 
57 220 
57 234 
57 242 
57 246 
57 318 
57 354 
57 384 
58 76 
58 77 
58 105 
58 180 
58 292 
58 315 
58 318 
58 335 
58 347 
58 388 
59 138 
59 196 
59 219 
59 243 
59 263 
59 296 
59 353 
59 362 
59 389 
60 62 
60 83 
60 130 
60 191 
60 207 
60 228 
60 236 
60 245 
60 286 
60 327 
60 344 
60 346 
60 358 
60 377 
60 381 
61 91 
61 118 
61 153 
61 154 
61 187 
61 199 
61 347 
61 377 
62 123 
62 134 
62 199 
62 219 
62 257 
62 265 
63 106 
63 122 
63 161 
63 233 
63 248 
63 254 
63 255 
63 295 
64 171 
64 176 
64 206 
64 211 
64 238 
64 263 
64 283 
64 293 
64 295 
64 368 
64 369 
64 371 
65 193 
65 205 
65 220 
65 310 
65 344 
65 377 
66 96 
66 142 
66 162 
66 192 
66 274 
66 310 
66 363 
66 381 
66 396 
67 94 
67 138 
67 212 
67 361 
67 395 
67 397 
68 103 
68 186 
68 200 
68 373 
68 395 
69 100 
69 145 
69 162 
69 222 
70 78 
70 98 
70 142 
70 201 
70 261 
70 285 
70 343 
71 75 
71 85 
71 101 
71 117 
71 199 
71 275 
71 328 
71 332 
71 363 
72 145 
72 150 
72 167 
72 213 
72 244 
72 254 
72 362 
73 90 
73 175 
73 232 
73 264 
74 102 
74 105 
74 125 
74 176 
74 188 
74 219 
74 239 
74 325 
74 344 
74 345 
75 159 
75 164 
75 213 
75 270 
75 311 
75 332 
75 343 
75 360 
75 379 
76 86 
76 141 
76 157 
76 193 
76 212 
76 218 
76 237 
76 250 
77 84 
77 111 
77 169 
77 173 
77 257 
77 259 
77 260 
77 323 
77 364 
78 143 
78 187 
78 208 
78 251 
79 90 
79 110 
79 158 
79 257 
79 262 
79 274 
79 321 
79 350 
80 297 
80 303 
80 317 
80 322 
80 325 
80 346 
80 384 
81 97 
81 120 
81 155 
81 196 
81 206 
81 258 
81 281 
81 304 
81 344 
81 377 
82 104 
82 115 
82 222 
82 283 
82 305 
82 382 
82 390 
83 118 
83 227 
83 271 
83 315 
83 322 
83 345 
83 357 
83 376 
83 380 
84 158 
84 177 
84 182 
84 184 
84 199 
84 214 
84 220 
84 293 
85 105 
85 140 
85 176 
85 185 
85 186 
85 208 
85 241 
85 294 
85 308 
85 323 
85 326 
86 104 
86 232 
86 244 
86 266 
86 292 
86 306 
87 174 
87 195 
87 197 
87 215 
87 216 
88 89 
88 96 
88 169 
88 199 
88 216 
88 256 
88 364 
89 108 
89 115 
89 117 
89 123 
89 154 
89 172 
89 208 
89 210 
89 235 
89 252 
89 357 
90 138 
90 217 
90 284 
90 384 
90 397 
91 120 
91 160 
91 166 
91 244 
91 262 
91 284 
91 289 
91 306 
91 337 
92 104 
92 144 
92 147 
92 149 
92 178 
92 184 
92 222 
92 255 
92 266 
92 303 
92 394 
93 113 
93 159 
93 302 
93 317 
93 356 
94 114 
94 183 
94 232 
94 254 
94 281 
94 284 
94 398 
95 138 
95 154 
95 187 
95 241 
95 275 
95 320 
95 328 
95 332 
95 335 
95 351 
95 378 
96 136 
96 154 
96 172 
96 232 
96 293 
96 307 
96 359 
97 98 
97 195 
97 202 
97 265 
97 282 
97 292 
97 309 
97 319 
97 375 
98 99 
98 126 
98 165 
98 172 
98 179 
98 213 
98 304 
98 366 
98 370 
98 398 
99 122 
99 124 
99 133 
99 256 
99 262 
99 277 
99 299 
99 307 
99 329 
99 340 
99 355 
99 376 
100 149 
100 152 
100 155 
100 206 
100 234 
100 265 
101 120 
101 135 
101 176 
101 185 
101 206 
101 241 
101 398 
102 103 
102 106 
102 150 
102 173 
102 252 
102 269 
102 276 
103 136 
103 151 
103 191 
103 305 
103 324 
103 358 
103 389 
104 125 
104 135 
104 314 
104 351 
104 360 
105 115 
105 138 
105 143 
105 146 
105 173 
105 174 
105 206 
106 333 
106 367 
106 372 
107 148 
107 183 
107 219 
107 232 
107 262 
107 397 
108 114 
108 172 
108 257 
108 261 
108 312 
108 366 
109 149 
109 164 
109 182 
109 194 
109 215 
109 254 
109 265 
109 315 
109 337 
110 116 
110 162 
110 176 
110 227 
110 235 
110 267 
110 274 
110 299 
110 330 
110 342 
111 142 
111 160 
111 289 
111 359 
111 363 
112 193 
112 194 
112 205 
112 246 
112 324 
112 336 
112 388 
113 143 
113 155 
113 166 
113 168 
113 197 
113 232 
113 271 
113 279 
113 360 
113 365 
114 127 
114 153 
114 191 
114 193 
114 200 
114 268 
114 289 
115 151 
115 203 
115 246 
115 291 
115 301 
115 307 
116 155 
116 172 
116 204 
116 229 
116 232 
116 238 
116 268 
116 282 
116 316 
116 362 
117 123 
117 130 
117 134 
117 135 
117 170 
117 241 
117 242 
117 316 
117 317 
117 331 
118 152 
118 153 
118 184 
118 194 
118 210 
118 240 
118 317 
118 365 
119 154 
119 220 
119 265 
119 290 
119 356 
120 243 
120 316 
121 145 
121 212 
121 229 
121 252 
121 255 
121 267 
121 323 
121 349 
121 355 
121 363 
121 371 
121 381 
121 383 
122 127 
122 140 
122 177 
122 220 
122 236 
122 244 
122 269 
122 280 
122 303 
122 304 
122 319 
122 360 
122 364 
122 395 
123 141 
123 156 
123 186 
123 187 
123 386 
124 158 
124 177 
124 191 
124 253 
124 275 
124 319 
124 347 
124 376 
124 386 
125 213 
125 262 
125 280 
125 375 
125 386 
126 171 
126 173 
126 248 
126 262 
126 321 
126 353 
126 399 
127 129 
127 243 
127 246 
127 249 
127 364 
128 136 
128 171 
128 185 
128 226 
128 258 
128 260 
128 264 
128 279 
128 358 
129 159 
129 191 
129 246 
129 276 
129 311 
129 324 
129 372 
129 380 
130 138 
130 152 
130 165 
130 238 
130 266 
130 303 
130 342 
130 393 
131 150 
131 210 
131 243 
131 277 
131 278 
131 297 
131 380 
131 393 
131 398 
132 152 
132 163 
132 242 
132 249 
132 252 
133 173 
133 242 
133 249 
133 277 
133 361 
133 370 
133 391 
134 164 
134 177 
134 270 
134 299 
134 302 
134 354 
135 136 
135 175 
135 183 
135 185 
135 194 
135 218 
135 233 
135 236 
135 268 
135 323 
135 368 
135 376 
135 389 
136 169 
136 217 
136 224 
136 225 
136 262 
136 335 
136 351 
136 387 
137 179 
137 263 
137 287 
137 357 
138 156 
138 172 
138 192 
138 215 
138 231 
138 294 
138 341 
138 369 
139 141 
139 176 
139 246 
139 256 
140 143 
140 194 
140 239 
140 241 
140 318 
140 334 
140 349 
140 361 
141 263 
141 365 
142 157 
142 258 
142 304 
142 334 
142 391 
143 148 
143 152 
143 179 
143 204 
143 234 
143 266 
143 286 
143 299 
143 316 
143 338 
143 341 
143 353 
143 387 
144 202 
144 221 
144 231 
144 370 
144 373 
145 168 
145 177 
145 181 
145 212 
145 234 
145 324 
145 329 
145 338 
145 364 
145 367 
145 389 
146 161 
146 198 
146 242 
146 341 
147 153 
147 214 
147 227 
147 233 
147 262 
147 278 
147 293 
147 298 
147 303 
147 314 
147 335 
147 375 
148 151 
148 169 
148 173 
148 184 
148 238 
148 315 
148 344 
149 172 
149 242 
149 293 
150 159 
150 161 
150 231 
150 254 
150 273 
150 276 
150 388 
150 394 
151 204 
151 241 
151 281 
152 214 
152 306 
152 381 
152 397 
152 399 
153 240 
153 266 
153 310 
153 345 
153 362 
153 383 
154 170 
154 214 
154 277 
154 282 
154 291 
155 164 
155 175 
155 192 
155 231 
155 341 
155 345 
155 356 
156 213 
156 234 
156 240 
156 243 
156 257 
156 333 
156 371 
156 384 
157 173 
157 178 
157 184 
157 200 
157 289 
157 322 
157 338 
157 366 
158 163 
158 175 
158 257 
158 295 
158 313 
158 352 
158 382 
159 232 
159 252 
159 344 
159 374 
160 227 
160 257 
160 304 
160 316 
160 370 
161 176 
161 191 
161 266 
161 267 
161 278 
161 281 
161 316 
161 321 
161 375 
162 179 
162 219 
162 251 
162 320 
162 347 
162 376 
163 344 
163 357 
164 170 
164 247 
164 337 
164 349 
164 353 
164 374 
165 215 
165 223 
165 230 
165 234 
166 173 
166 234 
166 244 
166 290 
166 293 
166 310 
166 318 
166 326 
166 342 
166 358 
166 389 
167 202 
167 270 
167 359 
167 390 
168 194 
168 196 
168 227 
168 313 
168 330 
168 371 
169 170 
169 233 
169 272 
169 310 
169 339 
169 377 
170 233 
170 290 
170 320 
170 326 
170 335 
170 387 
170 388 
171 186 
171 219 
171 222 
171 226 
171 253 
171 258 
171 282 
171 375 
171 386 
171 387 
171 391 
172 203 
172 252 
172 292 
172 297 
173 176 
173 178 
173 199 
173 204 
174 238 
174 276 
174 287 
174 292 
174 311 
175 196 
175 199 
175 249 
175 261 
175 306 
176 180 
176 239 
176 273 
176 277 
176 278 
176 294 
176 344 
177 189 
177 237 
177 269 
177 289 
178 190 
178 219 
178 272 
178 293 
178 307 
178 388 
178 389 
179 257 
179 275 
179 279 
179 313 
179 357 
179 361 
179 397 
180 242 
180 273 
180 318 
180 379 
180 390 
181 185 
181 221 
181 228 
181 265 
181 309 
181 311 
181 313 
182 186 
182 189 
182 224 
182 237 
182 273 
182 396 
183 227 
183 271 
183 274 
183 282 
183 330 
183 333 
183 358 
183 368 
183 394 
184 192 
184 312 
184 370 
185 267 
185 306 
185 336 
186 195 
186 273 
186 302 
186 305 
186 320 
186 326 
186 368 
187 239 
187 249 
188 211 
188 248 
188 269 
188 302 
188 335 
188 336 
189 248 
189 276 
189 333 
190 210 
190 211 
190 260 
190 344 
190 346 
190 359 
191 255 
191 353 
191 381 
192 232 
192 321 
192 332 
192 368 
193 227 
193 245 
193 277 
193 344 
193 378 
193 398 
194 215 
194 248 
194 328 
194 330 
195 338 
195 380 
196 226 
196 273 
197 199 
197 231 
197 388 
198 235 
198 290 
198 293 
198 302 
198 303 
198 326 
198 367 
199 210 
199 263 
199 275 
199 301 
199 353 
200 282 
200 348 
201 242 
201 278 
201 279 
201 309 
202 221 
203 210 
203 220 
203 230 
203 253 
203 271 
203 304 
203 330 
203 351 
203 358 
204 223 
204 292 
204 307 
204 332 
205 209 
205 211 
205 219 
205 240 
205 274 
205 329 
205 336 
206 360 
206 370 
207 214 
207 215 
207 311 
207 387 
208 211 
208 212 
208 287 
208 358 
208 378 
208 391 
209 240 
209 271 
209 289 
209 313 
209 319 
210 340 
210 347 
211 253 
211 261 
211 298 
211 364 
211 368 
211 398 
212 228 
212 254 
212 274 
212 276 
212 367 
212 394 
213 259 
213 260 
213 283 
213 362 
214 249 
214 338 
215 257 
215 317 
215 329 
215 367 
215 379 
217 222 
217 223 
217 224 
217 276 
217 278 
217 324 
217 333 
217 355 
218 268 
218 345 
218 352 
218 390 
218 393 
218 398 
219 276 
220 245 
220 279 
220 368 
221 229 
221 251 
221 262 
221 273 
221 275 
221 355 
222 253 
222 296 
222 310 
222 344 
222 351 
223 260 
223 320 
223 328 
223 337 
223 355 
223 373 
224 316 
224 318 
224 327 
224 355 
224 388 
225 315 
225 338 
225 369 
226 244 
226 305 
226 329 
226 385 
226 396 
227 248 
227 284 
227 317 
227 336 
227 384 
228 270 
228 281 
228 283 
228 305 
229 384 
230 258 
230 259 
230 318 
230 344 
230 370 
231 312 
231 336 
231 346 
231 376 
232 236 
232 248 
232 293 
232 363 
232 399 
233 293 
233 315 
233 321 
233 352 
234 306 
234 311 
234 319 
234 346 
235 249 
235 287 
235 352 
235 399 
236 273 
237 240 
237 295 
237 331 
237 346 
237 371 
238 239 
238 363 
238 373 
238 391 
239 326 
239 390 
240 242 
240 262 
240 267 
240 277 
240 279 
240 333 
240 339 
241 310 
241 343 
241 359 
242 268 
242 285 
242 301 
242 362 
243 248 
243 255 
243 284 
243 286 
243 307 
243 322 
243 393 
243 397 
244 296 
244 301 
244 324 
244 349 
244 368 
244 389 
244 394 
245 393 
246 311 
246 333 
246 355 
246 365 
247 284 
247 322 
247 362 
247 373 
248 265 
248 381 
249 252 
249 255 
249 296 
249 319 
249 376 
250 296 
250 359 
251 303 
251 376 
252 262 
252 266 
252 277 
252 288 
252 299 
252 308 
252 358 
252 392 
253 260 
254 258 
254 355 
254 366 
254 370 
254 387 
255 320 
255 376 
256 280 
256 314 
256 316 
256 352 
256 363 
257 345 
257 368 
258 289 
258 311 
259 280 
259 340 
259 347 
260 278 
260 283 
260 306 
260 309 
260 310 
260 386 
260 396 
261 273 
261 351 
262 369 
262 397 
263 396 
264 342 
264 384 
264 389 
265 288 
265 343 
266 280 
266 368 
267 331 
267 337 
267 378 
268 281 
268 290 
268 384 
269 329 
269 374 
270 276 
270 286 
270 310 
271 287 
271 288 
271 316 
271 326 
271 329 
271 389 
272 319 
272 335 
272 337 
272 354 
272 380 
273 338 
273 362 
274 376 
275 287 
275 396 
276 306 
276 377 
276 382 
276 388 
277 298 
277 321 
277 377 
278 289 
278 319 
278 340 
279 335 
280 361 
280 367 
280 389 
281 360 
281 386 
282 319 
282 363 
282 378 
283 335 
283 349 
283 378 
284 334 
284 359 
285 379 
286 328 
286 332 
287 331 
287 332 
287 359 
287 360 
288 318 
288 381 
288 395 
289 312 
289 356 
290 324 
291 386 
291 390 
292 326 
292 364 
293 345 
294 301 
294 313 
294 343 
294 355 
295 310 
295 332 
295 366 
295 382 
296 305 
297 326 
297 338 
297 372 
298 334 
299 330 
301 317 
301 358 
303 396 
304 309 
304 310 
304 319 
304 380 
304 381 
305 308 
305 336 
305 342 
305 367 
305 368 
306 379 
307 322 
307 341 
307 359 
307 361 
307 362 
308 358 
308 391 
308 392 
308 399 
309 314 
309 321 
309 322 
309 329 
309 376 
309 384 
310 322 
310 353 
310 366 
310 399 
311 343 
312 314 
312 322 
312 344 
312 359 
313 317 
313 334 
314 316 
315 373 
315 374 
315 378 
316 370 
316 376 
317 327 
318 398 
319 332 
319 365 
319 372 
319 394 
320 328 
320 346 
320 367 
320 394 
321 391 
321 395 
321 396 
323 341 
324 390 
325 364 
326 340 
327 359 
327 366 
328 393 
329 354 
329 367 
330 346 
331 341 
331 358 
332 392 
332 396 
334 386 
335 351 
335 376 
336 364 
336 376 
336 390 
337 355 
338 348 
340 375 
341 354 
341 364 
342 344 
342 368 
343 369 
343 393 
344 377 
345 353 
345 393 
346 378 
346 383 
346 384 
349 351 
349 383 
349 388 
350 351 
350 358 
352 361 
354 385 
356 359 
356 397 
357 360 
358 385 
361 366 
361 393 
362 376 
363 368 
363 375 
369 394 
370 390 
371 392 
372 383 
373 376 
373 389 
374 377 
375 384 
380 386 
382 384 
384 397 
 
