false
false
500
1988
0 136 
0 189 
0 295 
0 350 
0 360 
0 378 
0 432 
0 465 
1 78 
1 311 
1 431 
1 467 
1 482 
1 486 
2 52 
2 248 
2 249 
2 253 
2 314 
2 433 
3 36 
3 210 
3 220 
3 433 
3 496 
4 12 
4 126 
4 162 
4 170 
4 213 
4 221 
4 334 
4 385 
4 409 
4 436 
4 460 
5 47 
5 99 
5 183 
5 268 
5 308 
5 400 
5 408 
5 453 
5 454 
5 468 
6 33 
6 391 
6 393 
6 412 
6 436 
6 499 
7 60 
7 61 
7 256 
7 290 
7 338 
7 415 
7 490 
8 36 
8 183 
8 203 
8 216 
8 243 
8 262 
8 344 
8 347 
8 408 
8 499 
9 26 
9 70 
9 210 
9 246 
9 443 
10 33 
10 123 
10 172 
10 183 
10 220 
10 286 
10 312 
10 384 
10 451 
10 498 
11 16 
11 53 
11 57 
11 69 
11 109 
11 129 
11 174 
11 225 
11 239 
11 242 
11 447 
12 52 
12 86 
12 131 
12 175 
12 425 
12 445 
13 240 
13 263 
13 330 
13 438 
13 462 
14 156 
14 220 
14 227 
14 269 
14 285 
14 310 
14 408 
14 415 
14 459 
14 468 
15 212 
15 239 
15 264 
15 276 
15 283 
15 412 
16 32 
16 75 
16 113 
16 149 
16 205 
16 330 
16 339 
16 354 
16 377 
16 425 
16 473 
17 21 
17 37 
17 101 
17 145 
17 271 
17 293 
17 400 
17 443 
17 455 
18 53 
18 124 
18 143 
18 153 
18 234 
18 246 
18 263 
18 322 
18 347 
18 418 
18 420 
18 427 
18 436 
19 20 
19 109 
19 245 
19 255 
19 310 
19 345 
19 366 
19 411 
19 427 
19 439 
20 110 
20 123 
20 274 
20 331 
20 439 
21 136 
21 178 
21 238 
21 323 
21 484 
22 233 
22 271 
22 272 
22 304 
22 313 
22 387 
23 150 
23 177 
23 253 
23 256 
23 349 
23 480 
23 489 
24 105 
24 106 
24 250 
24 360 
24 392 
25 65 
25 116 
25 140 
25 187 
25 193 
25 202 
25 252 
25 298 
25 347 
25 378 
25 416 
25 482 
26 78 
26 219 
26 278 
26 299 
26 355 
26 387 
26 433 
27 347 
27 391 
27 422 
27 465 
28 135 
28 142 
28 157 
28 207 
28 288 
28 294 
28 454 
28 479 
29 82 
29 143 
29 181 
29 291 
29 311 
29 382 
29 391 
29 412 
29 446 
30 32 
30 124 
30 125 
30 167 
30 226 
30 378 
30 462 
31 142 
31 241 
31 425 
31 484 
32 56 
32 102 
32 132 
32 140 
32 178 
32 203 
32 237 
32 351 
32 387 
32 394 
32 495 
33 85 
33 164 
33 179 
33 230 
33 239 
33 278 
34 91 
34 158 
34 255 
34 335 
34 342 
34 449 
35 91 
35 194 
35 221 
35 450 
36 48 
36 85 
36 144 
36 185 
36 371 
36 428 
36 464 
36 476 
37 62 
37 103 
37 107 
37 276 
37 480 
37 498 
38 164 
38 288 
38 306 
38 340 
38 470 
39 72 
39 85 
39 101 
39 169 
39 195 
39 214 
39 285 
39 309 
39 317 
39 345 
39 378 
39 419 
40 57 
40 62 
40 114 
40 286 
40 301 
40 307 
41 121 
41 162 
41 215 
41 307 
41 386 
41 426 
42 73 
42 165 
42 183 
42 204 
42 212 
42 308 
42 331 
42 396 
43 77 
43 81 
43 105 
43 134 
43 155 
43 157 
43 168 
43 293 
43 442 
44 177 
44 228 
44 236 
44 375 
44 394 
44 398 
44 448 
44 481 
44 482 
44 491 
45 73 
45 79 
45 85 
45 90 
45 233 
45 325 
45 330 
45 406 
45 429 
46 333 
46 408 
46 420 
46 446 
47 162 
47 209 
47 246 
47 313 
47 408 
48 153 
48 187 
48 215 
48 236 
48 258 
48 281 
48 300 
48 385 
48 433 
49 137 
49 153 
49 178 
49 325 
49 346 
50 215 
50 411 
50 422 
51 135 
51 183 
51 185 
51 200 
51 255 
51 316 
51 398 
52 108 
52 237 
52 304 
52 452 
53 195 
53 207 
53 242 
53 253 
53 288 
53 324 
53 377 
53 397 
53 430 
53 456 
53 467 
54 189 
54 241 
54 311 
55 116 
55 121 
55 126 
55 138 
55 145 
55 323 
55 346 
55 405 
56 116 
56 125 
56 280 
56 305 
56 308 
56 323 
56 330 
56 342 
56 385 
56 439 
57 114 
57 115 
57 132 
57 159 
57 230 
57 261 
57 270 
57 316 
57 400 
58 67 
58 318 
58 325 
58 369 
59 72 
59 146 
59 180 
59 217 
59 230 
59 277 
59 292 
59 315 
59 368 
60 115 
60 224 
60 262 
60 272 
60 321 
60 340 
60 355 
60 377 
60 378 
61 76 
61 130 
61 183 
61 203 
61 234 
61 301 
61 322 
61 475 
61 492 
62 91 
62 232 
62 417 
62 442 
62 451 
63 92 
63 187 
63 261 
63 493 
64 135 
64 231 
64 372 
64 387 
64 451 
65 123 
65 233 
65 281 
65 296 
66 128 
66 132 
66 166 
66 417 
66 475 
66 478 
67 267 
67 448 
67 452 
68 98 
68 138 
68 481 
69 168 
69 218 
69 232 
69 271 
69 292 
69 313 
69 431 
69 463 
70 114 
70 134 
70 259 
70 381 
70 410 
70 484 
71 112 
71 218 
71 315 
71 342 
71 353 
71 374 
71 423 
72 125 
72 158 
72 211 
72 259 
72 314 
72 322 
72 324 
72 419 
72 447 
73 133 
73 142 
73 148 
73 188 
73 238 
73 250 
73 260 
73 270 
73 319 
74 110 
74 204 
74 302 
74 330 
74 346 
74 413 
74 434 
75 90 
75 300 
75 330 
75 368 
75 438 
75 443 
75 483 
76 231 
76 277 
76 469 
77 173 
77 253 
77 370 
78 99 
78 106 
78 222 
78 275 
78 364 
78 398 
78 450 
79 127 
79 159 
79 185 
79 204 
79 216 
79 238 
79 246 
79 284 
79 285 
79 324 
79 387 
79 473 
80 105 
80 209 
80 257 
80 347 
81 207 
81 212 
81 241 
81 244 
81 251 
81 290 
81 426 
82 105 
82 149 
82 221 
82 287 
82 292 
82 306 
82 374 
82 397 
82 429 
83 99 
83 221 
83 254 
83 293 
83 356 
83 498 
84 172 
84 258 
84 262 
84 376 
84 461 
84 481 
84 483 
85 86 
85 109 
85 172 
85 278 
85 279 
85 282 
85 315 
85 466 
85 474 
86 110 
86 243 
86 254 
86 325 
86 326 
86 328 
87 118 
87 139 
87 169 
87 188 
87 243 
87 309 
87 312 
87 330 
87 435 
88 140 
88 157 
88 178 
88 180 
88 215 
88 301 
88 342 
88 389 
89 120 
89 153 
89 159 
89 172 
89 207 
89 219 
89 281 
89 353 
89 426 
89 494 
90 122 
90 164 
90 181 
90 313 
90 339 
90 341 
91 109 
91 206 
91 234 
91 244 
92 183 
92 222 
92 489 
93 113 
93 164 
93 182 
93 332 
93 439 
93 445 
93 488 
94 100 
94 197 
94 342 
94 350 
94 367 
94 381 
94 383 
94 437 
95 313 
96 181 
97 118 
97 139 
97 144 
97 242 
97 301 
97 350 
97 378 
97 400 
97 429 
98 184 
98 250 
98 256 
98 264 
98 266 
98 448 
99 142 
99 288 
99 299 
99 369 
99 444 
99 448 
100 184 
100 192 
100 308 
100 425 
100 476 
101 111 
101 113 
101 212 
101 263 
101 334 
101 395 
101 421 
101 423 
102 265 
102 302 
102 440 
103 111 
103 220 
103 256 
103 307 
103 312 
104 215 
104 273 
104 279 
104 320 
104 323 
104 436 
104 440 
104 480 
105 122 
105 130 
105 132 
105 194 
105 199 
105 215 
105 428 
105 488 
106 115 
106 166 
106 249 
106 295 
106 386 
106 423 
107 124 
107 294 
107 330 
107 362 
107 438 
107 460 
108 129 
108 208 
108 255 
108 262 
108 287 
108 321 
108 356 
108 385 
109 124 
109 185 
109 323 
109 438 
110 125 
110 154 
110 158 
110 224 
110 327 
110 357 
110 416 
110 464 
111 142 
111 214 
111 248 
111 275 
111 307 
111 401 
111 430 
111 491 
112 121 
112 128 
112 165 
112 181 
112 202 
112 209 
112 222 
112 417 
112 465 
112 489 
113 127 
113 435 
113 491 
114 162 
114 185 
114 215 
114 252 
115 178 
115 220 
115 225 
115 278 
115 437 
115 459 
116 142 
116 179 
116 186 
116 286 
116 296 
116 313 
116 379 
117 126 
117 145 
117 199 
117 211 
118 175 
118 187 
118 193 
118 227 
118 252 
118 392 
118 497 
119 200 
119 264 
119 311 
119 348 
119 366 
119 381 
120 200 
120 219 
120 262 
120 334 
120 378 
120 380 
120 386 
120 421 
120 488 
121 182 
121 209 
121 322 
121 333 
121 472 
122 134 
122 141 
122 154 
122 186 
122 212 
122 402 
122 464 
122 488 
123 171 
123 353 
123 441 
123 484 
124 156 
124 244 
124 282 
124 397 
124 398 
124 401 
124 468 
125 154 
125 289 
125 326 
126 141 
126 212 
126 365 
126 380 
126 411 
126 452 
126 471 
127 132 
127 195 
127 198 
127 268 
127 292 
127 379 
128 170 
128 269 
128 273 
128 296 
128 319 
128 412 
128 494 
129 176 
129 208 
129 253 
129 318 
129 336 
129 405 
130 278 
130 280 
130 478 
130 496 
131 132 
131 140 
131 200 
131 251 
131 375 
131 392 
131 428 
131 486 
132 147 
132 194 
132 220 
132 331 
132 443 
133 175 
133 292 
133 342 
133 466 
133 491 
134 344 
134 364 
134 420 
134 421 
134 452 
134 464 
135 158 
135 201 
135 227 
135 243 
135 370 
135 477 
136 182 
136 190 
136 191 
136 221 
136 256 
136 397 
136 416 
136 427 
136 488 
137 155 
137 162 
137 210 
137 245 
137 292 
137 300 
137 350 
138 161 
138 186 
138 261 
138 378 
138 471 
139 153 
139 174 
139 214 
139 243 
139 396 
140 285 
140 335 
140 438 
140 467 
140 468 
141 249 
141 303 
141 389 
142 212 
142 244 
142 344 
143 163 
143 300 
143 367 
144 187 
144 208 
144 330 
144 335 
144 342 
144 364 
145 243 
145 273 
145 392 
146 166 
146 167 
146 174 
146 365 
146 423 
146 437 
147 182 
147 244 
147 279 
147 326 
147 388 
148 241 
148 263 
148 317 
148 367 
148 446 
148 481 
149 175 
149 257 
149 305 
149 309 
149 415 
150 305 
150 402 
151 251 
151 321 
151 324 
151 459 
152 190 
152 191 
152 270 
152 356 
152 368 
152 388 
152 440 
152 457 
152 462 
153 165 
153 327 
153 392 
154 160 
154 224 
154 267 
154 275 
154 300 
154 304 
154 308 
154 442 
154 491 
155 318 
155 371 
155 373 
156 327 
156 378 
157 176 
157 463 
158 212 
158 320 
158 341 
158 488 
159 166 
159 174 
159 234 
159 342 
159 430 
159 439 
160 173 
160 391 
160 436 
161 223 
161 252 
161 376 
162 167 
162 202 
162 313 
162 354 
162 399 
163 190 
163 238 
163 270 
163 352 
163 451 
163 454 
164 203 
164 326 
164 401 
164 458 
164 463 
165 172 
165 174 
165 241 
165 269 
165 274 
165 395 
165 404 
165 407 
165 452 
165 464 
166 267 
166 326 
166 386 
167 168 
167 229 
167 237 
167 275 
167 284 
167 360 
167 465 
167 468 
167 480 
168 309 
168 363 
168 364 
168 388 
168 458 
169 175 
169 198 
169 290 
169 458 
169 462 
169 469 
169 487 
170 207 
170 220 
170 388 
170 463 
171 330 
171 333 
171 345 
171 448 
172 239 
172 258 
173 197 
173 216 
173 225 
173 244 
173 342 
173 406 
173 411 
174 187 
174 348 
174 351 
174 394 
174 455 
174 473 
175 181 
175 276 
175 415 
175 427 
175 432 
175 434 
176 190 
176 390 
176 419 
176 420 
176 449 
177 220 
177 262 
177 394 
178 326 
178 369 
179 186 
179 246 
179 257 
179 427 
179 472 
180 259 
180 344 
180 418 
181 215 
181 287 
181 310 
181 358 
181 394 
181 428 
181 443 
181 481 
181 491 
182 203 
182 214 
182 226 
182 289 
182 313 
182 320 
182 398 
182 489 
183 189 
183 233 
183 465 
184 192 
184 312 
184 406 
184 451 
184 473 
185 189 
185 361 
185 412 
185 441 
186 347 
186 354 
186 371 
186 405 
186 468 
186 482 
187 230 
187 349 
187 409 
187 446 
187 448 
187 482 
187 489 
188 202 
188 221 
188 362 
188 384 
188 389 
188 423 
188 435 
188 468 
189 217 
189 227 
189 314 
190 328 
190 375 
191 212 
191 259 
191 357 
191 376 
191 495 
192 346 
192 373 
192 382 
192 433 
192 496 
192 498 
193 204 
193 216 
193 222 
193 266 
193 320 
193 349 
194 198 
194 312 
194 384 
194 491 
195 246 
195 332 
195 409 
195 438 
196 214 
196 236 
196 241 
196 321 
196 443 
197 227 
197 314 
197 340 
197 357 
197 412 
197 421 
197 457 
197 464 
197 492 
198 218 
198 221 
198 328 
198 426 
198 476 
198 486 
199 306 
199 365 
199 370 
199 423 
199 448 
200 209 
200 279 
200 296 
200 333 
200 374 
200 403 
200 411 
201 204 
201 212 
201 323 
202 264 
202 267 
202 347 
202 375 
202 415 
202 446 
203 256 
203 287 
203 295 
203 296 
203 445 
204 225 
204 289 
204 294 
204 350 
204 440 
204 472 
204 486 
205 239 
205 276 
205 281 
205 309 
205 360 
205 378 
205 429 
205 448 
206 276 
206 333 
206 431 
206 456 
206 460 
207 226 
207 265 
208 243 
208 244 
208 289 
208 325 
208 353 
208 414 
208 437 
208 440 
209 303 
209 380 
209 400 
209 481 
209 485 
210 341 
210 352 
210 467 
210 482 
211 214 
211 228 
211 255 
211 262 
211 291 
211 374 
211 400 
211 445 
212 225 
212 257 
212 318 
212 421 
212 453 
213 306 
213 328 
213 384 
214 336 
214 338 
214 343 
215 226 
215 244 
215 288 
215 319 
215 320 
215 402 
215 484 
216 252 
216 286 
216 288 
216 303 
216 313 
216 476 
217 292 
217 307 
217 396 
217 465 
217 468 
217 475 
218 219 
218 262 
218 290 
218 411 
218 476 
219 328 
219 389 
219 458 
219 491 
220 265 
220 293 
220 304 
220 343 
220 361 
220 443 
220 460 
222 240 
222 306 
222 388 
223 300 
223 372 
224 328 
224 447 
224 479 
225 241 
225 291 
225 316 
225 389 
225 471 
225 473 
225 475 
226 409 
226 421 
227 285 
227 350 
227 447 
228 294 
228 403 
228 406 
229 392 
229 459 
229 497 
230 345 
230 360 
231 268 
231 326 
231 367 
231 496 
232 246 
232 266 
232 360 
232 377 
232 406 
232 411 
232 495 
233 234 
233 288 
233 291 
233 293 
233 310 
233 324 
233 471 
234 254 
234 299 
234 324 
234 339 
234 423 
234 475 
234 481 
235 320 
235 482 
235 490 
236 328 
236 357 
236 470 
237 243 
237 291 
238 265 
238 294 
238 493 
239 248 
239 352 
239 426 
239 489 
239 494 
240 327 
240 386 
240 451 
241 336 
241 407 
242 247 
242 315 
242 331 
242 370 
242 406 
242 487 
243 272 
243 286 
243 406 
243 433 
244 259 
244 260 
244 295 
244 310 
244 428 
244 488 
245 267 
245 298 
245 331 
245 333 
245 337 
245 468 
246 391 
246 459 
246 492 
247 284 
247 467 
248 347 
248 361 
248 389 
248 419 
248 474 
249 314 
249 393 
249 397 
249 495 
250 420 
250 428 
250 475 
251 252 
251 388 
251 462 
252 340 
252 352 
252 382 
252 389 
253 275 
253 292 
253 334 
253 348 
253 363 
253 391 
253 419 
253 441 
254 261 
254 289 
255 400 
256 257 
256 271 
256 295 
256 317 
256 330 
256 341 
256 346 
257 401 
258 283 
258 354 
258 356 
258 448 
259 261 
259 281 
259 338 
259 445 
259 488 
260 300 
260 320 
260 337 
260 424 
260 431 
261 315 
261 353 
261 355 
261 362 
261 387 
261 415 
262 293 
262 390 
262 423 
262 463 
263 316 
263 329 
263 430 
264 360 
264 402 
264 475 
265 309 
265 396 
265 399 
265 418 
265 438 
266 456 
267 276 
267 285 
267 353 
267 370 
267 427 
267 436 
268 290 
268 356 
268 383 
268 418 
268 433 
269 364 
269 370 
269 405 
269 406 
269 434 
269 466 
270 379 
270 390 
270 425 
270 478 
270 491 
271 358 
271 389 
271 399 
272 399 
272 424 
272 435 
272 457 
272 482 
272 495 
273 295 
274 296 
274 312 
274 365 
274 392 
274 457 
274 463 
275 311 
275 314 
275 467 
276 287 
276 334 
276 363 
276 370 
276 403 
276 482 
277 433 
278 327 
279 288 
279 295 
279 394 
279 431 
279 444 
280 497 
281 294 
281 330 
281 353 
282 283 
282 356 
283 474 
283 477 
284 370 
284 392 
284 440 
284 450 
285 312 
285 318 
286 301 
286 352 
287 333 
288 389 
288 396 
288 499 
289 313 
289 335 
289 351 
289 360 
289 486 
289 497 
290 301 
290 353 
290 368 
290 433 
290 454 
290 482 
290 488 
290 494 
291 372 
291 381 
291 385 
291 401 
291 417 
291 463 
292 360 
292 395 
292 409 
293 331 
293 357 
293 404 
293 405 
293 438 
294 396 
294 412 
295 314 
295 387 
295 459 
296 391 
296 400 
296 402 
297 351 
297 397 
298 428 
298 432 
300 431 
300 438 
300 448 
300 474 
301 321 
301 434 
301 468 
302 356 
302 389 
302 414 
304 331 
304 393 
304 394 
305 370 
305 426 
306 392 
306 401 
307 399 
307 416 
307 455 
308 345 
308 348 
308 350 
308 436 
308 473 
309 347 
309 401 
309 426 
309 461 
309 478 
310 366 
311 460 
312 384 
312 393 
312 418 
313 336 
313 371 
313 406 
314 395 
314 477 
314 487 
315 388 
315 397 
315 467 
316 389 
316 402 
316 428 
316 452 
316 491 
317 332 
317 343 
317 406 
317 419 
318 324 
318 391 
318 481 
319 351 
319 388 
319 416 
319 421 
319 499 
320 368 
320 427 
320 480 
320 488 
320 499 
321 344 
321 363 
321 434 
322 346 
322 378 
322 421 
322 438 
322 499 
323 446 
323 447 
323 486 
324 346 
324 349 
324 406 
324 411 
324 488 
325 336 
325 385 
325 413 
325 459 
326 470 
326 499 
327 356 
327 397 
327 494 
327 495 
328 412 
328 489 
328 494 
329 363 
329 378 
329 413 
329 453 
329 494 
330 332 
330 437 
330 461 
331 401 
331 411 
331 427 
331 475 
331 478 
332 413 
332 464 
332 470 
333 457 
334 343 
334 355 
335 384 
335 396 
335 415 
335 425 
335 461 
335 465 
335 492 
336 376 
336 381 
336 394 
336 428 
336 465 
336 490 
336 495 
337 453 
337 497 
338 449 
339 359 
339 404 
339 413 
339 431 
339 436 
339 459 
341 402 
342 368 
342 402 
343 388 
343 430 
344 388 
344 490 
345 386 
345 452 
346 397 
347 358 
347 360 
347 403 
348 497 
349 394 
350 410 
351 488 
351 490 
352 374 
353 438 
353 465 
353 474 
354 411 
354 431 
354 459 
354 497 
355 368 
356 404 
356 453 
357 459 
357 472 
358 365 
359 499 
360 487 
360 493 
361 450 
361 488 
362 385 
362 471 
362 487 
364 374 
364 384 
365 465 
366 489 
366 499 
367 451 
367 466 
368 448 
368 475 
368 481 
369 383 
369 430 
369 467 
370 371 
371 472 
373 463 
373 486 
374 471 
374 486 
375 386 
375 475 
376 425 
376 486 
377 436 
377 457 
377 474 
377 491 
378 422 
380 398 
380 467 
381 472 
382 399 
383 435 
383 445 
384 413 
384 452 
386 461 
386 478 
387 444 
387 458 
387 477 
388 413 
388 429 
388 438 
388 446 
388 453 
389 402 
389 411 
389 431 
389 439 
389 455 
391 456 
392 425 
392 450 
393 444 
393 454 
393 466 
393 495 
394 407 
394 427 
394 438 
394 474 
394 499 
395 468 
395 479 
395 490 
396 491 
398 448 
399 449 
399 483 
400 440 
400 445 
402 450 
402 453 
402 484 
403 460 
403 463 
406 448 
407 417 
407 450 
407 477 
408 474 
409 440 
409 459 
410 458 
410 482 
410 483 
411 417 
411 453 
412 414 
413 439 
413 473 
414 418 
414 437 
414 456 
414 471 
415 452 
415 474 
416 424 
416 440 
417 442 
418 454 
419 446 
420 477 
421 448 
423 466 
423 481 
424 428 
425 436 
426 468 
426 498 
427 438 
428 486 
428 489 
428 498 
429 442 
429 471 
429 475 
429 491 
430 475 
431 443 
432 470 
433 458 
433 459 
435 446 
438 457 
438 494 
439 465 
439 497 
440 461 
443 464 
445 468 
448 463 
450 469 
450 475 
450 487 
450 488 
450 496 
452 461 
456 482 
456 488 
459 483 
461 489 
464 499 
466 470 
469 481 
470 487 
477 493 
479 482 
480 498 
484 496 
485 499 
493 499 
