10 0.00393679
7 0.00330746
9 0.00372002
4 0.000559401
3 0.00016782
7 0.00344032
10 0.00541221
3 0.000104888
11 0.0047689
7 0.00236347
4 6.99252e-005
6 0.00267114
11 0.00432837
9 0.00516747
9 0.0038319
5 0.000839102
6 0.00148941
1 0
9 0.00309069
8 0.00353821
6 0.00185302
5 0.000957975
4 0.00120971
12 0.00643312
4 0.000797147
4 0.000650304
8 0.00294385
4 0.000909027
8 0.00274806
7 0.00237746
3 2.09776e-005
12 0.00850989
6 0.00218167
9 0.00180407
11 0.00843298
7 0.00132159
12 0.00229355
8 0.00408363
12 0.00688763
8 0.0034543
9 0.00602056
9 0.00431438
9 0.00237746
10 0.00497867
7 0.00272708
7 0.000734214
9 0.0043913
5 0.000957975
10 0.00446822
3 0.000293686
6 0.00097196
7 0.0016782
3 0.000454514
7 0.00249633
4 0.000132858
7 0.00210475
6 0.000363611
7 0.00180407
10 0.00499965
13 0.0050486
4 0.000377596
5 0.000489476
8 0.00202084
13 0.0095308
3 0.000279701
5 0.0011258
2 0.000195791
7 0.00262919
11 0.0075729
9 0.00305573
5 0.00124467
10 0.00437032
10 0.00380393
8 0.0016782
4 0.000468499
6 0.00141948
7 0.000447521
6 0.00166422
4 0.00108384
11 0.00504161
4 0.00188798
2 0.000209776
10 0.00453814
6 0.0014964
9 0.00153835
8 0.00251731
10 0.00623033
6 0.000664289
11 0.00421649
8 0.00416754
5 0.000755192
5 0.00161527
9 0.00462205
5 0.000384588
8 0.00199287
7 0.00257325
9 0.00441927
5 0.000992938
7 0.00144745
5 0.00166422
6 0.001867
10 0.00553807
5 0.000377596
11 0.00474792
8 0.00200685
7 0.00190196
9 0.00485281
4 0.000132858
10 0.00190196
4 0.000202783
10 0.00312566
10 0.00216069
8 0.00341934
6 0.00148941
4 0.000258723
8 0.00281798
10 0.00452416
13 0.00606251
3 0.000398574
13 0.0054192
8 0.00260122
9 0.0032725
6 0.000909027
8 0.00375498
8 0.00173414
10 0.00253828
7 0.00232152
5 0.00162226
8 0.0015873
6 0.00165723
14 0.00848892
9 0.00332844
6 0.000622334
5 0.000957975
5 0.000279701
9 0.00428641
6 0.000433536
8 0.00285295
8 0.00213971
10 0.00365709
7 0.00169918
4 0.000538424
10 0.00158031
6 0.00125865
11 0.00325152
12 0.00879659
5 0.000475491
4 0.00129362
8 0.00150339
5 0.000517446
9 0.00254528
7 0.00144745
4 3.49626e-005
9 0.00171317
4 0.000790155
8 0.0021537
4 0.000419551
7 0.00134256
3 0.000643312
10 0.00332844
8 0.00184602
7 0.000818125
8 0.00134256
6 0.00163625
8 0.00331445
9 0.00288791
4 0.000300678
6 0.00128662
7 0.000650304
9 0.00348927
6 0.00170617
17 0.00595063
5 0.00134956
9 0.00218167
8 0.00207678
8 0.00131459
6 0.00135655
4 0.00123068
9 0.000692259
8 0.00174114
5 0.000426544
3 0.000160828
7 0.00128662
6 0.00127264
5 0.00109083
5 0.00133557
16 0.00967065
9 0.00288092
9 0.00279001
6 0.00355919
7 0.00151738
8 0.00186001
9 0.00253828
6 0.000461506
6 0.000531431
7 0.0012167
5 0.000671282
10 0.00459408
7 0.00202783
11 0.00381092
5 0.00132858
10 0.00304175
11 0.00468499
8 0.00309069
9 0.00185302
5 0.000272708
10 0.00161527
6 0.000433536
7 0.00136354
3 0.000160828
7 0.00080414
8 0.00348227
7 0.00134956
8 0.00204881
6 0.00144046
5 0.000174813
9 0.00192993
11 0.00353821
6 0.00197189
5 0.00099993
10 0.00244738
10 0.00220264
5 0.00105587
5 0.000321656
8 0.00189497
11 0.00395777
10 0.00295084
5 0.000237746
4 0.00130061
10 0.0020558
2 2.09776e-005
5 0.00101392
9 0.00086008
8 0.00151038
9 0.00365009
7 0.00182505
4 0.000230753
7 0.00129362
6 0.00111181
9 0.00197189
8 0.0016852
5 0.000587372
6 0.00104888
9 0.00303475
10 0.00296483
5 0.000755192
12 0.00430739
11 0.00288791
6 0.00116076
7 0.00104189
4 0.000132858
11 0.0052374
11 0.00425844
5 0.000524439
9 0.00217467
8 0.00219565
13 0.00611845
9 0.00285295
8 0.00111181
7 0.00198588
8 0.00216069
7 0.000909027
4 0.000853087
14 0.00614642
5 0.000895042
5 0.000188798
8 0.00220964
5 0.00104189
9 0.00312566
8 0.00159429
12 0.00754493
8 0.00225858
11 0.00436333
4 0.000349626
5 0.00107685
13 0.00502063
8 0.00124467
8 0.00108384
6 0.00118174
7 0.000706244
10 0.00337039
9 0.001867
10 0.0024264
8 0.00197888
4 0.000405566
10 0.00411859
5 0.000755192
14 0.0059856
13 0.00382491
8 0.00181106
8 0.000251731
10 0.00179708
6 0.00147542
5 0.00116775
7 0.000992938
7 0.00254528
6 0.00144745
9 0.00162226
6 0.00150339
11 0.00484581
13 0.00398574
8 0.001867
9 0.00241941
4 0.000538424
10 0.00297182
4 0.000391581
8 0.00279701
9 0.00232851
9 0.00244039
5 0.000524439
11 0.00263618
7 0.00113279
2 0.000153835
6 0.0014055
13 0.00521642
8 0.00146144
2 0.000195791
8 0.00223761
7 0.00173414
8 0.00206279
5 0.00206979
14 0.0075659
6 0.00123068
7 0.000776169
6 0.00106286
3 0.000146843
10 0.00218866
9 0.00190196
3 0.000328648
4 0.000230753
8 0.00116775
6 0.000783162
8 0.00164324
10 0.00372701
4 0.000440529
6 0.00130061
5 0.00101392
5 0.000741207
5 0.00120971
4 0.000657297
11 0.004671
12 0.0025243
11 0.0027131
8 0.000734214
7 0.00151738
9 0.00192993
6 0.000671282
6 0.000811132
2 0
6 0.000559401
11 0.00356618
13 0.00564296
10 0.00248934
12 0.00389483
12 0.0035522
14 0.00402769
9 0.00113279
3 8.39102e-005
11 0.0027131
4 0.000188798
6 0.000664289
5 0.000678274
4 0.000356618
12 0.00276904
10 0.00249633
7 0.00134256
4 0.000405566
9 0.00174813
11 0.00444025
7 0.0014055
12 0.00487379
5 4.89476e-005
9 0.00181106
7 0.00192294
11 0.00301378
9 0.00197189
7 0.000818125
9 0.000629327
10 0.00328648
12 0.00474093
5 0.00102091
5 0.000909027
6 0.00123768
6 0.000356618
14 0.00464303
12 0.00240543
3 0.00016782
12 0.00482484
4 0.000636319
8 0.00169918
6 0.000678274
14 0.00474093
9 0.00110482
6 0.000622334
5 0.000950982
7 0.000874065
9 0.00163625
12 0.00230753
11 0.00225858
6 0.000902035
4 0.000216768
6 0.000209776
6 0.000755192
6 0.000790155
10 0.00165723
6 0.00097196
11 0.00211174
4 0.000125865
3 0.000272708
8 0.000895042
10 0.00250332
4 0.000426544
11 0.00255926
9 0.00321656
9 0.0023355
7 0.00080414
7 0.000978953
7 0.00227956
9 0.00237746
4 0.000279701
11 0.00267114
5 0.000650304
14 0.00564995
4 0.000251731
6 0.00130061
8 0.00210475
5 0.000272708
7 0.00169219
6 0.00109783
7 0.00127264
9 0.00275505
12 0.00357318
7 0.00162926
8 0.000755192
12 0.00254528
4 0.000881057
8 0.00179008
6 0.000300678
2 0
8 0.000748199
9 0.00137053
5 0.000272708
8 0.000664289
7 0.00117474
8 0.000650304
9 0.00213272
7 0.00169918
7 0.000510454
4 0.000300678
6 9.78953e-005
4 0.000517446
6 0.0011188
9 0.00146144
7 0.00266415
8 0.000622334
9 0.00134956
6 0.0010279
6 0.000461506
7 0.000846095
11 0.00283896
6 0.000286693
8 0.00155933
7 0.000762184
6 0.000321656
9 0.0021537
6 0.000755192
8 0.000692259
10 0.00284595
7 0.000489476
2 0
9 0.00159429
7 0.00109083
10 0.00269911
5 0.000328648
9 0.00116775
8 0.00136354
5 0.000503461
13 0.00311866
4 0.000321656
6 0.00104888
10 0.001867
8 0.00209776
7 0.000601357
7 0.000957975
8 0.00152437
9 0.00275505
7 0.000447521
8 0.00108384
4 0.000587372
2 7.69177e-005
4 0.000258723
9 0.00334242
12 0.00497867
8 0.0015873
4 0.000132858
11 0.00228655
8 0.0020558
9 0.000398574
7 0.00104189
13 0.00320957
