44 0.0131916
19 0.0103823
44 0.012642
7 0.000549652
23 0.0131306
12 0.0123366
12 0.000183217
6 0.00488579
11 0.00922194
12 0.00928301
5 0
14 0.0110541
6 0
9 0.00506901
19 0.0131916
14 0.0113595
8 0.010138
18 0.00989373
8 0.00592403
14 0.00940515
9 0.00513008
4 0
2 0
4 0.00500794
4 0.0053133
8 0.00140467
3 0
7 0.00714547
4 0.000732869
5 0
12 0.00500794
14 0.0131916
6 0.00818371
4 0.00207646
6 0.000366435
2 0.000366435
8 0.000855014
7 0.00586295
7 0.00262611
8 0.00653475
10 0.00909979
2 0
3 0.000427507
3 0
2 0
5 0.00207646
4 0
3 0
5 0.00409185
3 0.00543545
2 0
3 0
8 0.00103823
6 0.000916086
6 0.000122145
4 0.000488579
3 0
6 0.000427507
4 0
4 0.00146574
14 0.0131916
7 0.00164896
2 0
8 0.0120923
2 0
6 0.00335898
7 0.00348113
5 0
6 0
5 0.00500794
5 0.00470258
2 0
6 0.00360327
4 0
2 0
2 0
4 0
3 0.000122145
6 0.00684011
3 0
4 0.00677904
4 0
6 0
2 0
5 0.0104434
4 0.00604617
4 0.00567974
2 0.000610724
4 0
2 0
2 0
2 0
6 0.00116038
2 0.000366435
3 0.00213754
3 0
4 0
4 0.00390864
3 6.10724e-005
3 0
3 6.10724e-005
5 0.00470258
4 0.0116648
7 0
4 0
2 0
2 0.000671797
3 0
5 0
4 0
2 0
4 0.00470258
4 0.00818371
5 0
5 0.00403078
5 0
2 6.10724e-005
4 0
2 0.00360327
4 0
3 0.00525223
5 0.00567974
2 0.000549652
3 0.000916086
4 0.00171003
3 0
4 0
4 0
4 0
2 0
5 0.00879443
3 0.00323684
4 0
3 0.00561866
2 0
4 0.000855014
5 0
2 0
2 0
3 0.00116038
2 0
4 0
3 0
3 0
2 0.00396971
3 0.004214
2 0
3 0
3 0
3 0
2 0
4 0
3 0.00305362
3 0.000366435
2 0
2 0
3 0
3 0
2 0
2 0
2 0.000122145
2 0
3 0
2 0
2 0
2 0
4 0
2 0.000855014
2 0
4 0.00268719
3 0
2 0
4 0.00378649
4 0.00158788
4 0.00311469
2 0
4 0.00342006
3 0
2 0
3 0.00293148
3 0
3 0.000183217
2 0
3 0.00390864
3 0
5 0.00574081
2 0
4 0.00409185
3 0.00384756
2 0.00360327
3 0
3 0.00146574
2 0
4 0.000488579
2 0.000793942
3 0.000916086
4 0.00433614
4 0.00122145
5 0.00152681
2 0
2 0
2 0
2 0
2 0
2 0.00360327
2 0
2 0.00024429
2 0
2 0.00360327
2 0
3 0.00128252
2 0
2 0.000793942
2 0
2 0
2 0.000183217
2 0
2 0
2 0
2 0
2 0.00024429
2 0
3 0
3 0
3 0.00372542
2 0
3 0
3 0
2 0
2 0
3 0.00122145
2 6.10724e-005
2 0.00024429
3 0
3 0.00751191
2 0.000916086
2 0
2 0
2 0.00103823
2 0
2 0.000671797
4 0.0070844
2 0
2 0
2 6.10724e-005
3 0.00360327
3 0.00134359
2 0
2 0
3 0
3 0.000122145
2 0
2 0
3 0
2 0
2 0
2 0
2 0
2 0
2 0.000732869
2 0.00360327
3 0.00128252
2 0.000549652
2 0
2 0
2 0
3 0.000549652
2 0
2 0.00396971
3 0
2 0.00360327
2 0
2 0
2 0
2 0
2 0
2 0.00360327
2 0.00360327
2 0
2 0
3 0
2 0.00360327
2 0
2 0.00140467
2 0
2 0
2 0
2 0
2 0.00360327
2 0
2 0.000366435
2 0
2 0
2 0
2 0
2 0
2 0
2 0
2 0
2 0
54 0.0128252
29 0.0119702
25 0.0129474
13 0.00958837
15 0.0130695
23 0.0127641
12 0.00647368
13 0.0131306
20 0.0128863
20 0.00653475
13 0.0119091
12 0.00317577
5 6.10724e-005
16 0.0102602
2 0
10 0.0128863
3 0
10 0.00274826
6 0
5 0
5 0.00366435
2 0
2 6.10724e-005
3 0
5 0.00500794
6 0.00726762
5 0.00513008
3 0
15 0.0119091
4 0.000916086
10 0.0128252
4 0
3 0
3 0
14 0.00195432
4 0.00183217
8 0.00360327
9 0.0129474
9 0.00256504
7 0
4 0.00122145
3 0
9 0.00903872
2 0
8 0.00195432
7 0.00195432
4 6.10724e-005
3 0.000305362
3 0.000183217
9 0.00567974
2 0
3 0.000366435
2 0
2 0
4 0.00201539
4 0
2 0
2 0
5 0.0010993
3 0.000916086
4 0
3 0
7 0.00024429
2 0.00360327
11 0.00152681
4 0
2 0
7 0.00677904
4 0
11 0.0053133
5 0
2 0
3 0
11 0.00164896
12 0.00366435
3 0
2 0
5 0
2 0
7 0.00427507
5 0
2 0
4 0
4 0
14 0.00415293
3 0.000977159
6 0.0117259
4 0
2 0.00360327
2 0
2 0
5 0.00335898
5 0.00384756
2 0
3 0
5 0.000793942
5 0.00250397
6 0.00024429
4 0.00274826
4 0.00451936
4 0.000488579
3 0
2 0
5 0.000122145
3 0
4 0
3 0
2 0
3 0
2 0
9 0.00995481
2 0.000183217
2 0
3 0
2 0
2 0
6 0
3 0
3 0.00445829
2 0
3 0.00409185
4 0.00280933
3 0
2 0.000977159
3 0
2 0.00024429
4 0.00171003
3 0.000855014
4 0.000122145
4 0.00396971
6 0.00024429
6 0.000855014
3 0
2 6.10724e-005
3 0.00390864
3 0
4 0.00317577
2 0
3 0.000366435
3 0
2 0
2 0.000366435
2 0
2 0
10 0.00757298
3 0
2 0
2 0
2 0
2 0.000366435
4 0
4 0.000610724
2 0
2 0.00366435
2 0.000122145
2 0
3 0
2 0
5 0.00305362
2 0
3 0.0028704
2 0
4 0
2 0
3 0
2 0
5 0.000732869
4 0.00323684
2 0
2 0
2 6.10724e-005
3 0
2 0
5 0
2 0
3 0.00403078
2 6.10724e-005
4 0
4 0
2 0.00360327
4 0
3 0.00378649
2 0
3 0.00317577
4 0.00158788
2 0.00024429
2 0
3 0
2 0
2 0
2 0
3 0.000427507
2 0
3 0
3 0
2 0.00360327
2 0
2 0
2 0
2 0
2 0
2 0.00024429
2 0.00360327
2 0
2 0
3 0
2 0
2 0
2 0.00360327
2 0
2 6.10724e-005
2 0
2 0
2 0.00360327
3 0
2 0.00152681
2 0
2 0.00360327
2 0
4 0
2 0
2 0
3 0
2 0
2 0
2 0
6 0.00329791
3 0
3 0.000793942
2 0.00360327
3 0.00256504
2 0.000549652
2 0.00360327
3 0.000122145
2 0.000122145
2 0.00360327
2 0
2 0
2 0.00360327
2 0
3 0
2 0
3 0
2 0
2 6.10724e-005
2 0.000122145
2 0
2 0
2 0
2 0
3 0
2 0
2 0
2 0
2 0
2 0
3 0
2 0
2 0
2 0
2 0
2 0.00360327
2 0
2 0
2 0.00360327
2 0.000427507
2 0.000488579
2 0
3 0
2 0
2 0
2 0
2 0
2 0.000122145
2 0.000366435
2 0
2 0
2 0.00360327
2 0
2 0
2 0.00024429
3 0
2 0
2 0.000122145
2 0
2 0.00360327
2 0
2 0
2 0
2 0
2 0.000183217
2 0
2 0
2 6.10724e-005
2 0
2 0
2 0
2 0
2 6.10724e-005
2 0
