false
false
400
797
0 1
0 2
1 2
3 2
3 0
4 3
4 0
5 2
5 3
6 1
6 2
7 1
7 0
8 1
8 2
9 3
9 2
10 8
10 7
11 9
11 10
12 9
12 7
13 11
13 6
14 0
14 10
15 10
15 11
16 3
16 9
17 6
17 9
18 0
18 2
19 16
19 9
20 16
20 9
21 20
21 13
22 6
22 21
23 3
23 7
24 3
24 23
25 0
25 10
26 7
26 2
27 15
27 0
28 23
28 2
29 6
29 12
30 29
30 0
31 22
31 0
32 29
32 1
33 8
33 23
34 0
34 9
35 3
35 9
36 3
36 31
37 36
37 6
38 7
38 6
39 10
39 11
40 6
40 20
41 24
41 21
42 12
42 7
43 33
43 2
44 9
44 12
45 6
45 31
46 7
46 0
47 1
47 2
48 17
48 30
49 29
49 33
50 8
50 24
51 36
51 6
52 8
52 36
53 6
53 15
54 24
54 16
55 6
55 7
56 49
56 23
57 25
57 10
58 42
58 13
59 3
59 25
60 2
60 1
61 3
61 33
62 7
62 21
63 0
63 21
64 3
64 4
65 16
65 13
66 21
66 29
67 12
67 2
68 30
68 52
69 15
69 49
70 8
70 66
71 9
71 46
72 36
72 65
73 21
73 13
74 2
74 33
75 10
75 29
76 16
76 2
77 32
77 11
78 33
78 25
79 66
79 75
80 6
80 20
81 76
81 1
82 12
82 44
83 1
83 6
84 7
84 18
85 65
85 23
86 53
86 6
87 23
87 40
88 41
88 23
89 77
89 23
90 57
90 36
91 0
91 33
92 14
92 36
93 9
93 76
94 30
94 3
95 8
95 13
96 39
96 56
97 38
97 32
98 2
98 69
99 80
99 49
100 7
100 42
101 99
101 24
102 40
102 59
103 9
103 18
104 101
104 84
105 79
105 20
106 89
106 35
107 0
107 38
108 70
108 15
109 6
109 67
110 84
110 15
111 43
111 76
112 14
112 46
113 52
113 10
114 10
114 23
115 66
115 49
116 64
116 7
117 9
117 16
118 3
118 9
119 24
119 111
120 39
120 10
121 17
121 56
122 42
122 3
123 13
123 110
124 23
124 24
125 48
125 31
126 3
126 7
127 13
127 39
128 63
128 10
129 51
129 67
130 36
130 18
131 75
131 108
132 23
132 13
133 35
133 10
134 84
134 1
135 102
135 127
136 95
136 10
137 6
137 63
138 71
138 11
139 22
139 10
140 9
140 49
141 112
141 39
142 108
142 36
143 102
143 80
144 39
144 9
145 4
145 87
146 144
146 81
147 2
147 1
148 3
148 47
149 144
149 76
150 23
150 24
151 2
151 26
152 16
152 118
153 20
153 25
154 66
154 16
155 7
155 10
156 13
156 120
157 80
157 13
158 88
158 114
159 114
159 33
160 39
160 33
161 25
161 22
162 6
162 154
163 36
163 9
164 31
164 156
165 71
165 82
166 7
166 8
167 108
167 67
168 13
168 41
169 3
169 34
170 117
170 71
171 47
171 89
172 18
172 66
173 1
173 136
174 102
174 33
175 49
175 44
176 136
176 9
177 6
177 30
178 16
178 44
179 6
179 4
180 75
180 88
181 2
181 29
182 108
182 135
183 150
183 10
184 26
184 78
185 9
185 143
186 37
186 119
187 182
187 50
188 29
188 23
189 65
189 18
190 6
190 0
191 33
191 39
192 11
192 110
193 180
193 136
194 32
194 138
195 0
195 134
196 3
196 4
197 148
197 4
198 170
198 44
199 124
199 154
200 39
200 192
201 127
201 8
202 6
202 13
203 24
203 19
204 63
204 77
205 94
205 196
206 150
206 123
207 192
207 44
208 184
208 76
209 13
209 34
210 92
210 36
211 177
211 149
212 165
212 44
213 82
213 13
214 181
214 35
215 9
215 39
216 206
216 9
217 3
217 0
218 52
218 23
219 24
219 43
220 57
220 3
221 121
221 212
222 44
222 20
223 21
223 10
224 2
224 6
225 67
225 73
226 7
226 47
227 135
227 146
228 118
228 9
229 25
229 9
230 30
230 26
231 95
231 86
232 174
232 143
233 149
233 39
234 226
234 9
235 25
235 9
236 20
236 13
237 0
237 134
238 76
238 33
239 135
239 107
240 132
240 73
241 73
241 57
242 47
242 0
243 57
243 67
244 33
244 31
245 7
245 9
246 168
246 11
247 64
247 2
248 2
248 22
249 5
249 41
250 30
250 100
251 226
251 7
252 154
252 29
253 15
253 3
254 102
254 1
255 101
255 26
256 6
256 252
257 56
257 188
258 46
258 126
259 86
259 208
260 35
260 230
261 248
261 22
262 73
262 2
263 18
263 7
264 10
264 177
265 262
265 5
266 36
266 9
267 148
267 85
268 109
268 55
269 13
269 257
270 77
270 30
271 180
271 156
272 167
272 10
273 205
273 193
274 165
274 149
275 173
275 143
276 159
276 80
277 23
277 16
278 251
278 252
279 23
279 240
280 21
280 14
281 13
281 45
282 93
282 135
283 194
283 10
284 136
284 19
285 102
285 118
286 23
286 33
287 45
287 163
288 88
288 60
289 14
289 278
290 135
290 177
291 169
291 135
292 119
292 31
293 82
293 36
294 69
294 253
295 89
295 7
296 29
296 194
297 131
297 16
298 184
298 99
299 88
299 208
300 150
300 211
301 60
301 25
302 94
302 0
303 53
303 6
304 6
304 143
305 106
305 6
306 88
306 231
307 154
307 16
308 228
308 263
309 2
309 82
310 9
310 217
311 30
311 210
312 0
312 60
313 23
313 1
314 226
314 78
315 9
315 180
316 3
316 234
317 264
317 6
318 108
318 3
319 53
319 79
320 79
320 7
321 39
321 13
322 100
322 30
323 3
323 66
324 167
324 46
325 72
325 290
326 10
326 29
327 115
327 132
328 43
328 25
329 71
329 3
330 24
330 44
331 41
331 20
332 40
332 23
333 278
333 8
334 108
334 313
335 10
335 116
336 7
336 31
337 195
337 36
338 66
338 106
339 6
339 7
340 102
340 2
341 135
341 19
342 156
342 97
343 3
343 49
344 55
344 195
345 343
345 0
346 243
346 20
347 19
347 112
348 7
348 15
349 199
349 12
350 84
350 206
351 25
351 178
352 1
352 6
353 149
353 146
354 2
354 19
355 149
355 36
356 67
356 49
357 2
357 9
358 60
358 59
359 79
359 13
360 199
360 94
361 76
361 4
362 47
362 9
363 101
363 4
364 40
364 2
365 249
365 202
366 181
366 3
367 307
367 292
368 240
368 41
369 6
369 8
370 368
370 254
371 202
371 192
372 256
372 6
373 117
373 136
374 29
374 18
375 106
375 16
376 39
376 25
377 3
377 226
378 29
378 9
379 163
379 253
380 45
380 10
381 21
381 340
382 136
382 231
383 65
383 192
384 16
384 6
385 0
385 108
386 60
386 282
387 20
387 11
388 21
388 222
389 18
389 143
390 3
390 135
391 55
391 155
392 3
392 175
393 9
393 347
394 24
394 6
395 8
395 189
396 29
396 343
397 65
397 36
398 29
398 33
399 352
399 24
