false
false
449
853
0 7 
0 11 
0 12 
0 14 
0 15 
0 16 
0 22 
0 23 
0 31 
0 32 
0 41 
0 43 
0 46 
0 52 
0 55 
0 59 
0 112 
0 114 
0 125 
0 134 
0 143 
0 145 
0 147 
0 165 
0 172 
0 194 
0 198 
0 199 
0 200 
0 202 
0 207 
0 219 
0 224 
0 227 
0 245 
0 276 
0 279 
0 280 
0 299 
0 305 
0 313 
0 325 
0 327 
0 345 
0 364 
0 368 
0 372 
0 378 
0 387 
0 392 
0 436 
0 444 
1 22 
2 9 
2 306 
3 16 
4 6 
4 114 
5 12 
5 23 
5 32 
6 9 
6 23 
6 32 
6 43 
7 23 
7 24 
7 32 
7 52 
7 55 
7 130 
8 26 
9 15 
9 26 
9 29 
9 61 
9 88 
9 90 
9 91 
9 120 
9 121 
9 145 
9 147 
9 171 
9 174 
9 203 
9 204 
9 222 
9 225 
9 236 
9 273 
9 295 
9 297 
9 308 
9 328 
9 346 
9 347 
9 365 
9 379 
9 397 
9 447 
10 207 
10 307 
11 14 
11 15 
11 23 
11 26 
11 32 
11 41 
11 44 
11 114 
11 143 
11 188 
11 270 
11 329 
11 441 
11 445 
12 14 
12 15 
12 16 
12 23 
12 32 
12 43 
12 46 
12 67 
12 112 
12 114 
12 134 
12 143 
12 174 
12 207 
12 225 
12 308 
12 325 
12 330 
12 346 
12 366 
13 114 
14 15 
14 16 
14 22 
14 23 
14 24 
14 34 
14 41 
14 43 
14 44 
14 46 
14 52 
14 54 
14 55 
14 94 
14 95 
14 112 
14 114 
14 143 
14 166 
14 188 
14 194 
14 198 
14 219 
14 245 
14 259 
14 272 
14 305 
14 309 
14 325 
14 334 
14 359 
14 367 
14 394 
14 404 
14 411 
14 413 
14 446 
14 448 
15 16 
15 18 
15 22 
15 23 
15 29 
15 32 
15 43 
15 46 
15 52 
15 55 
15 59 
15 63 
15 66 
15 67 
15 90 
15 91 
15 95 
15 112 
15 114 
15 116 
15 117 
15 118 
15 119 
15 126 
15 138 
15 143 
15 145 
15 148 
15 150 
15 157 
15 169 
15 173 
15 177 
15 194 
15 203 
15 207 
15 219 
15 223 
15 227 
15 245 
15 251 
15 255 
15 274 
15 275 
15 282 
15 312 
15 320 
15 325 
15 331 
15 347 
15 397 
15 414 
16 22 
16 23 
16 32 
16 46 
16 52 
16 92 
16 114 
16 143 
16 250 
16 278 
16 281 
16 348 
17 123 
18 72 
18 143 
19 23 
20 23 
20 32 
20 98 
20 128 
20 179 
20 301 
20 310 
20 342 
20 349 
20 426 
21 310 
22 32 
22 46 
22 114 
23 24 
23 25 
23 32 
23 40 
23 41 
23 43 
23 44 
23 46 
23 52 
23 54 
23 55 
23 59 
23 60 
23 65 
23 89 
23 97 
23 99 
23 112 
23 114 
23 121 
23 134 
23 143 
23 146 
23 147 
23 165 
23 179 
23 182 
23 185 
23 194 
23 196 
23 200 
23 201 
23 207 
23 209 
23 219 
23 224 
23 232 
23 234 
23 245 
23 260 
23 265 
23 276 
23 279 
23 280 
23 284 
23 306 
23 311 
23 312 
23 313 
23 325 
23 330 
23 332 
23 333 
23 338 
23 350 
23 351 
23 360 
23 362 
23 364 
23 366 
23 368 
23 369 
23 370 
23 372 
23 380 
23 381 
23 382 
23 383 
23 398 
23 415 
23 420 
23 427 
23 437 
23 438 
23 439 
24 25 
24 29 
24 30 
24 33 
24 35 
24 44 
24 45 
24 47 
24 60 
24 115 
24 187 
24 191 
24 237 
24 244 
24 309 
24 312 
24 320 
24 324 
24 334 
24 352 
24 353 
24 358 
24 360 
24 371 
24 399 
24 416 
25 185 
25 211 
25 234 
25 244 
26 68 
26 93 
26 95 
26 122 
26 123 
26 124 
26 125 
26 149 
26 151 
26 160 
26 178 
26 180 
26 202 
26 206 
26 208 
26 228 
26 230 
26 256 
26 283 
26 304 
26 335 
26 354 
26 401 
26 418 
26 428 
26 440 
27 47 
27 221 
28 99 
29 30 
29 74 
29 90 
29 92 
29 108 
29 259 
29 309 
29 322 
29 402 
30 60 
30 309 
31 43 
32 41 
32 43 
32 44 
32 46 
32 52 
32 54 
32 55 
32 70 
32 95 
32 97 
32 99 
32 112 
32 114 
32 116 
32 128 
32 134 
32 143 
32 165 
32 176 
32 194 
32 198 
32 204 
32 207 
32 219 
32 245 
32 279 
32 306 
32 313 
32 325 
32 330 
32 333 
32 336 
32 337 
32 338 
32 350 
32 370 
32 373 
32 379 
32 382 
32 384 
32 385 
32 386 
32 403 
32 420 
32 421 
32 429 
32 442 
33 44 
33 46 
33 48 
33 292 
33 320 
33 341 
34 44 
34 46 
34 47 
34 60 
34 309 
35 44 
35 47 
35 60 
35 110 
35 165 
35 319 
35 320 
35 326 
35 356 
35 405 
36 158 
37 41 
37 135 
37 339 
38 41 
38 314 
39 315 
40 41 
40 134 
41 102 
41 103 
41 105 
41 112 
41 132 
41 134 
41 159 
41 189 
41 190 
41 192 
41 213 
41 214 
41 239 
41 241 
41 262 
41 263 
41 265 
41 288 
41 316 
41 357 
41 430 
42 317 
43 46 
43 52 
43 97 
43 112 
43 114 
43 120 
43 143 
43 203 
43 227 
43 253 
43 271 
43 285 
43 325 
43 340 
43 381 
44 45 
44 46 
44 48 
44 60 
44 94 
44 114 
44 166 
44 220 
44 243 
44 292 
44 309 
44 318 
44 320 
44 324 
44 337 
44 358 
44 374 
44 388 
44 389 
44 408 
44 409 
44 431 
45 319 
45 320 
46 48 
46 52 
46 55 
46 95 
46 219 
46 292 
46 324 
46 341 
46 423 
47 59 
47 116 
47 188 
47 192 
47 220 
47 313 
47 337 
47 353 
47 360 
47 363 
48 320 
49 317 
50 317 
51 114 
51 432 
51 443 
52 53 
52 54 
52 55 
52 59 
52 60 
52 114 
52 116 
52 141 
52 143 
52 182 
52 194 
52 200 
52 219 
52 245 
52 247 
52 269 
52 270 
52 299 
52 321 
52 322 
52 323 
52 325 
52 329 
52 375 
52 376 
52 410 
52 424 
53 54 
53 83 
53 197 
53 218 
53 247 
53 248 
53 322 
54 114 
54 143 
54 247 
54 269 
54 270 
54 294 
54 299 
54 321 
54 323 
54 410 
54 424 
55 62 
55 64 
55 114 
55 143 
55 181 
55 313 
55 325 
55 362 
55 390 
56 324 
57 159 
57 325 
58 326 
59 114 
59 140 
59 143 
59 309 
60 100 
60 143 
60 166 
60 216 
60 220 
60 309 
60 344 
60 409 
60 411 
60 425 
60 435 
61 306 
63 306 
67 114 
67 143 
67 176 
67 303 
69 163 
71 220 
71 243 
72 317 
73 99 
74 244 
74 309 
75 243 
76 317 
77 315 
78 317 
79 243 
79 359 
80 320 
81 317 
82 198 
83 322 
84 342 
85 130 
85 343 
86 114 
87 344 
89 114 
90 114 
90 143 
95 114 
95 127 
95 315 
96 127 
97 143 
98 355 
99 372 
101 317 
102 260 
102 373 
104 315 
106 357 
107 317 
108 244 
108 309 
109 317 
110 361 
111 322 
112 114 
112 135 
112 143 
112 196 
112 220 
112 376 
113 363 
114 116 
114 120 
114 126 
114 130 
114 137 
114 143 
114 164 
114 165 
114 173 
114 194 
114 219 
114 245 
114 252 
114 260 
114 271 
114 295 
114 312 
114 325 
114 377 
114 391 
115 259 
115 309 
116 143 
116 166 
116 309 
118 227 
126 143 
127 153 
127 300 
127 354 
129 243 
130 143 
130 226 
130 343 
131 158 
132 196 
133 315 
134 143 
136 326 
138 366 
139 317 
141 322 
142 322 
143 172 
143 194 
143 200 
143 207 
143 219 
143 227 
143 245 
143 267 
143 282 
143 312 
143 325 
143 377 
144 198 
152 163 
154 243 
155 234 
156 243 
157 231 
157 387 
158 193 
158 210 
158 257 
158 261 
159 395 
160 315 
161 317 
162 163 
163 320 
165 327 
165 387 
166 188 
166 237 
166 312 
167 317 
168 360 
169 322 
170 344 
171 331 
173 249 
173 393 
173 412 
175 320 
179 205 
182 400 
182 417 
183 324 
184 325 
185 211 
186 243 
187 387 
187 404 
191 272 
191 320 
191 407 
193 317 
193 396 
193 422 
195 317 
197 322 
198 309 
199 396 
207 307 
209 262 
209 357 
211 234 
212 243 
213 406 
214 255 
215 320 
217 397 
218 322 
220 309 
220 433 
226 410 
227 278 
229 414 
231 237 
233 317 
234 419 
235 243 
236 260 
236 275 
237 387 
238 317 
240 315 
242 320 
243 359 
244 309 
246 312 
248 322 
254 260 
258 342 
260 275 
261 416 
264 315 
266 317 
268 431 
270 329 
271 325 
272 434 
274 414 
277 420 
286 317 
287 441 
289 315 
290 357 
291 317 
292 320 
293 317 
294 329 
296 391 
297 306 
298 425 
302 414 
