0.129015
0.0604272
0.0285206
0.0219656
0.0382879
0.0313857
0.032167
0.0419344
0.0284338
0.0397638
0.000217052
0.00724952
0.0118076
0.014499
0.00607744
0.00777045
0.00486196
0.00486196
0.00516583
0.00655496
0.00976732
0.00690224
0.00950686
0.00599062
0.00781386
0.014499
0.00790068
0.00429762
0.0062945
0.00438444
0.00594721
0
0.0050356
0.00451467
0.00460149
0.00429762
0.00429762
0.00494878
0.0071627
0.0127626
0.0054697
0.000390693
0.00447126
0.00438444
0.00447126
0.000737975
0.00486196
0.00108526
0.00438444
8.68206e-005
0.00455808
0.00772704
0.00438444
0.00442785
0.00625109
0.0054697
0.00512242
0.00711929
0.000347283
0.000737975
0.00429762
0.00481854
0.00594721
0.00429762
0.00429762
0
0.00460149
0.00533947
0.0046449
0
0.0050356
0.00863865
0.00455808
0
0.00429762
0.000173641
0
0.0050356
0.0046449
0.00429762
0
0.00455808
0.00438444
0.00447126
0.00442785
0.000217052
0.0050356
0
0.00438444
0
0.00481854
0.00581698
0.00442785
0.00542629
8.68206e-005
0.00438444
0.00442785
0
0.00429762
0
0.000260462
0.000217052
0
0
0.000173641
0.000260462
0.0054697
0.000347283
0.000130231
0.000217052
0.00429762
0.000217052
8.68206e-005
0
0.00594721
0.00429762
0.00429762
0.000868206
0
0
0.000390693
0.000130231
0.000520924
0.00438444
8.68206e-005
0
0.000260462
8.68206e-005
0.00468831
8.68206e-005
0.000303872
8.68206e-005
0.000173641
0
8.68206e-005
0
0.00455808
0.000217052
0.000434103
0.000130231
8.68206e-005
0.00138913
0.000390693
0.000130231
0.00499219
0.000477513
0
8.68206e-005
8.68206e-005
8.68206e-005
0
0
0.000173641
0.00117208
0.00447126
0.000130231
0.000173641
0.000260462
8.68206e-005
0.000260462
0.00499219
0.000390693
0.000564334
0
0.000217052
0
0
8.68206e-005
0.000130231
0.0050356
0.00442785
0.000260462
0
8.68206e-005
0
8.68206e-005
0.000520924
8.68206e-005
0
8.68206e-005
0.000173641
0.000217052
0
0.000477513
0
0
0
0
0.000260462
0.00429762
0
0.000390693
0.000303872
0
0.00429762
0.00447126
0.000173641
0.000173641
8.68206e-005
8.68206e-005
0
0.000217052
0
0
0.000173641
0
0
8.68206e-005
0
0.000303872
8.68206e-005
0
0
8.68206e-005
0.000173641
0.000303872
0
0.00442785
8.68206e-005
0.000303872
0.000607744
8.68206e-005
0
0
0
8.68206e-005
0
0.000260462
8.68206e-005
0.000477513
0
0.000390693
0.000217052
0.000173641
0
0
0.000477513
0.000130231
0.000130231
0.000260462
8.68206e-005
0.000217052
0
0
0.000217052
0
0
0.000303872
0
0
0.000694565
0
8.68206e-005
0
8.68206e-005
0.000737975
0
0
0
0
0
0
0
0
8.68206e-005
0
8.68206e-005
0
0.000173641
0
0.000130231
0
0.000260462
8.68206e-005
0.00460149
0
0.000217052
0.000217052
0
0
0.000347283
0.00477513
4.34103e-005
8.68206e-005
8.68206e-005
0
0.000520924
0
8.68206e-005
0
8.68206e-005
8.68206e-005
0.000217052
0
0
8.68206e-005
0.000260462
0.000130231
0.000173641
0.000173641
0
0.000564334
0
0.000173641
0
0.000390693
0
0.000390693
0.000260462
0
0
0
0
0
0
0.000347283
0.000260462
8.68206e-005
0
0.000130231
0.000173641
0.000260462
0
0
0
0
0
0
0
0
0.000217052
0.000434103
0
0
0
0.00455808
8.68206e-005
0
8.68206e-005
0
0.000347283
0
0
0
0
0
0
0
0.000694565
0
0
0.000217052
0.000347283
0
4.34103e-005
0
0
0
0
8.68206e-005
8.68206e-005
0.000390693
0
8.68206e-005
8.68206e-005
0
0
0
0
0.000173641
0.000347283
0
0
0
0
0
0
0.000130231
8.68206e-005
0
0
0.000303872
0.000130231
0
0
0
0
0.000130231
8.68206e-005
0
0
0.000173641
0.000173641
8.68206e-005
0.000130231
0
8.68206e-005
0
0
0
0
0
0.000260462
0
0
0
0.000347283
0
0.000130231
0
0.000173641
0
0
0
0
0
8.68206e-005
0.000303872
0
0
0.000130231
0
0
0
0
0
0.000303872
0
0.000130231
0.000303872
0
0
0
0
0
0
0
8.68206e-005
0
0
0
0
0
0
0
0
0
0.000303872
0
0.000607744
0
0
0
0
0
0
0.000260462
0
8.68206e-005
0
0
0
0.000260462
0
0.000217052
0
8.68206e-005
0.000477513
0
8.68206e-005
0
0.000173641
8.68206e-005
0
8.68206e-005
0
8.68206e-005
0.000390693
0.000477513
0
0
0
0
0.000173641
0.000173641
0
0
0
0
8.68206e-005
0
0
0.000173641
0
0.000217052
8.68206e-005
0
8.68206e-005
0
8.68206e-005
